0.0040816327 0.0000000000
0.0081632653 0.0000000000
0.0122448980 0.0000000000
0.0163265306 4.6763496399
0.0204081633 17.2279548645
0.0244897959 34.6660842896
0.0285714286 50.0744476318
0.0326530612 53.2725830078
0.0367346939 48.1221237183
0.0408163265 36.3476142883
0.0448979592 29.4287509918
0.0489795918 23.7679481506
0.0530612245 16.0258865356
0.0571428571 4.8306288719
0.0612244898 0.0000000000
0.0653061224 0.0000000000
0.0693877551 0.0000000000
0.0734693878 0.0000000000
0.0775510204 0.0000000000
0.0816326531 0.0000000000
0.0857142857 0.0000000000
0.0897959184 0.0000000000
0.0938775510 0.0000000000
0.0979591837 0.0000000000
0.1020408163 0.0000000000
0.1061224490 0.0000000000
0.1102040816 0.0000000000
0.1142857143 0.0000000000
0.1183673469 0.0000000000
0.1224489796 0.0000000000
0.1265306122 0.0000000000
0.1306122449 0.0000000000
0.1346938776 0.0000000000
0.1387755102 0.0000000000
0.1428571429 0.0000000000
0.1469387755 0.0000000000
0.1510204082 0.0000000000
0.1551020408 0.0000000000
0.1591836735 0.0000000000
0.1632653061 0.0000000000
0.1673469388 0.0000000000
0.1714285714 0.0000000000
0.1755102041 0.0000000000
0.1795918367 0.0000000000
0.1836734694 13.1425266266
0.1877551020 40.8700714111
0.1918367347 82.3660507202
0.1959183673 117.8998947144
0.2000000000 155.1917114258
0.2040816327 150.2602691650
0.2081632653 134.4379272461
0.2122448980 108.9857788086
0.2163265306 90.3563537598
0.2204081633 69.1728057861
0.2244897959 45.3366012573
0.2285714286 22.7893600464
0.2326530612 4.3291449547
0.2367346939 0.0000000000
0.2408163265 0.0000000000
0.2448979592 0.0000000000
0.2489795918 0.0000000000
0.2530612245 0.0000000000
0.2571428571 0.0000000000
0.2612244898 0.0000000000
0.2653061224 0.0000000000
0.2693877551 0.0000000000
0.2734693878 0.0000000000
0.2775510204 0.0000000000
0.2816326531 0.0000000000
0.2857142857 0.0000000000
0.2897959184 0.0000000000
0.2938775510 0.0000000000
0.2979591837 0.0000000000
0.3020408163 0.0000000000
0.3061224490 0.0000000000
0.3102040816 2.2788047791
0.3142857143 6.4848661423
0.3183673469 1.8073320389
0.3224489796 0.9466409683
0.3265306122 2.4436712265
0.3306122449 3.4012198448
0.3346938776 3.7304759026
0.3387755102 4.4009685516
0.3428571429 3.0463039875
0.3469387755 2.0647048950
0.3510204082 0.0000000000
0.3551020408 1.5788078308
0.3591836735 2.6049613953
0.3632653061 3.1564235687
0.3673469388 7.5557231903
0.3714285714 7.0453882217
0.3755102041 2.9257535934
0.3795918367 0.0000000000
0.3836734694 0.0000000000
0.3877551020 0.0000000000
0.3918367347 0.0000000000
0.3959183673 0.0000000000
0.4000000000 0.0000000000
0.4040816327 0.0000000000
0.4081632653 0.0000000000
0.4122448980 0.0000000000
0.4163265306 0.0000000000
0.4204081633 0.0000000000
0.4244897959 0.0000000000
0.4285714286 0.0000000000
0.4326530612 0.0000000000
0.4367346939 0.0000000000
0.4408163265 0.0000000000
0.4448979592 0.0000000000
0.4489795918 0.0000000000
0.4530612245 0.0000000000
0.4571428571 0.0000000000
0.4612244898 0.0000000000
0.4653061224 0.0000000000
0.4693877551 0.0000000000
0.4734693878 0.0000000000
0.4775510204 0.0000000000
0.4816326531 0.0000000000
0.4857142857 0.0000000000
0.4897959184 0.8744299412
0.4938775510 27.8802223206
0.4979591837 49.8604774475
0.5020408163 76.6802978516
0.5061224490 90.9181823730
0.5102040816 98.4212188721
0.5142857143 93.9694366455
0.5183673469 80.9630737305
0.5224489796 67.4204864502
0.5265306122 50.2478485107
0.5306122449 33.9323272705
0.5346938776 20.4102993011
0.5387755102 10.1300477982
0.5428571429 3.1748414040
0.5469387755 0.2984702587
0.5510204082 0.3850460052
0.5551020408 0.0000000000
0.5591836735 0.0000000000
0.5632653061 0.0000000000
0.5673469388 0.0000000000
0.5714285714 0.0000000000
0.5755102041 0.0000000000
0.5795918367 0.0000000000
0.5836734694 0.0000000000
0.5877551020 0.0000000000
0.5918367347 0.0000000000
0.5959183673 0.0000000000
0.6000000000 0.0000000000
0.6040816327 0.0000000000
0.6081632653 0.0000000000
0.6122448980 0.0000000000
0.6163265306 0.0000000000
0.6204081633 0.0000000000
0.6244897959 0.0000000000
0.6285714286 0.0000000000
0.6326530612 0.0000000000
0.6367346939 0.0000000000
0.6408163265 0.0000000000
0.6448979592 0.5438327789
0.6489795918 2.1543502808
0.6530612245 3.5723447800
0.6571428571 8.5278148651
0.6612244898 4.6823620796
0.6653061224 4.6543779373
0.6693877551 5.3524971008
0.6734693878 1.3579130173
0.6775510204 1.4458894730
0.6816326531 0.7239580154
0.6857142857 0.0000000000
0.6897959184 0.0000000000
0.6938775510 0.0000000000
0.6979591837 0.0000000000
0.7020408163 0.0000000000
0.7061224490 0.0000000000
0.7102040816 0.0000000000
0.7142857143 0.0000000000
0.7183673469 0.0000000000
0.7224489796 0.0000000000
0.7265306122 0.0000000000
0.7306122449 0.0000000000
0.7346938776 0.0000000000
0.7387755102 0.0000000000
0.7428571429 0.0000000000
0.7469387755 0.0000000000
0.7510204082 0.0000000000
0.7551020408 0.0000000000
0.7591836735 0.0000000000
0.7632653061 0.0000000000
0.7673469388 0.0000000000
0.7714285714 0.0000000000
0.7755102041 0.0000000000
0.7795918367 0.0000000000
0.7836734694 0.0000000000
0.7877551020 0.0000000000
0.7918367347 0.0000000000
0.7959183673 0.0000000000
0.8000000000 0.0000000000
0.8040816327 0.0000000000
0.8081632653 0.5269050598
0.8122448980 0.0000000000
0.8163265306 0.0000000000
0.8204081633 0.0000000000
0.8244897959 0.0000000000
0.8285714286 17.8461074829
0.8326530612 37.6768417358
0.8367346939 46.1513366699
0.8408163265 51.2583274841
0.8448979592 50.0390548706
0.8489795918 31.0107460022
0.8530612245 9.5410938263
0.8571428571 0.0000000000
0.8612244898 0.0000000000
0.8653061224 0.0000000000
0.8693877551 0.0000000000
0.8734693878 0.0000000000
0.8775510204 0.0000000000
0.8816326531 0.0000000000
0.8857142857 0.0000000000
0.8897959184 0.0000000000
0.8938775510 0.0000000000
0.8979591837 0.0000000000
0.9020408163 0.0000000000
0.9061224490 0.0000000000
0.9102040816 0.0000000000
0.9142857143 0.0000000000
0.9183673469 0.0000000000
0.9224489796 0.0000000000
0.9265306122 0.0000000000
0.9306122449 0.0000000000
0.9346938776 0.0000000000
0.9387755102 0.0000000000
0.9428571429 0.0000000000
0.9469387755 6.8821907043
0.9510204082 15.0059461594
0.9551020408 51.4269485474
0.9591836735 59.8414535522
0.9632653061 57.9632530212
0.9673469388 74.8029327393
0.9714285714 72.6621780396
0.9755102041 87.7160415649
0.9795918367 105.4531936646
0.9836734694 114.6270065308
0.9877551020 99.7499237061
0.9918367347 82.6123962402
0.9959183673 67.4476852417
1.0000000000 59.4337005615
1.0040816327 41.2116050720
1.0081632653 30.9701995850
1.0122448980 20.0704345703
1.0163265306 16.5597190857
1.0204081633 10.1715326309
1.0244897959 0.0000000000
1.0285714286 0.0000000000
1.0326530612 0.0000000000
1.0367346939 0.0000000000
1.0408163265 0.0000000000
1.0448979592 0.0000000000
1.0489795918 0.0000000000
1.0530612245 0.0000000000
1.0571428571 0.0000000000
1.0612244898 0.0000000000
1.0653061224 0.0000000000
1.0693877551 0.0000000000
1.0734693878 0.0000000000
1.0775510204 0.0000000000
1.0816326531 0.0000000000
1.0857142857 0.0000000000
1.0897959184 0.0000000000
1.0938775510 0.0000000000
1.0979591837 0.0000000000
1.1020408163 0.1902878284
1.1061224490 0.0000000000
1.1102040816 0.0000000000
1.1142857143 0.0000000000
1.1183673469 0.0000000000
1.1224489796 0.0000000000
1.1265306122 0.0000000000
1.1306122449 0.0000000000
1.1346938776 0.0000000000
1.1387755102 0.0000000000
1.1428571429 0.0000000000
1.1469387755 0.0000000000
1.1510204082 0.0000000000
1.1551020408 0.0000000000
1.1591836735 0.0000000000
1.1632653061 0.0000000000
1.1673469388 0.0000000000
1.1714285714 0.0000000000
1.1755102041 0.0000000000
1.1795918367 0.0000000000
1.1836734694 0.0000000000
1.1877551020 0.0000000000
1.1918367347 0.0000000000
1.1959183673 0.0000000000
1.2000000000 0.0000000000
1.2040816327 0.8614659309
1.2081632653 0.0497102737
1.2122448980 0.0000000000
1.2163265306 0.0000000000
1.2204081633 0.0000000000
1.2244897959 0.0000000000
1.2285714286 0.0000000000
1.2326530612 0.0000000000
1.2367346939 0.0000000000
1.2408163265 0.0000000000
1.2448979592 0.0000000000
1.2489795918 0.0000000000
1.2530612245 0.0000000000
1.2571428571 0.0000000000
1.2612244898 0.0000000000
1.2653061224 0.7137656212
1.2693877551 5.3544044495
1.2734693878 7.3603391647
1.2775510204 12.6967430115
1.2816326531 17.4841289520
1.2857142857 20.2943077087
1.2897959184 20.8182334900
1.2938775510 20.0273399353
1.2979591837 7.0340633392
1.3020408163 5.6307911873
1.3061224490 4.1785240173
1.3102040816 1.5943646431
1.3142857143 0.0000000000
1.3183673469 0.0000000000
1.3224489796 0.0000000000
1.3265306122 0.0000000000
1.3306122449 0.0000000000
1.3346938776 0.0000000000
1.3387755102 0.0000000000
1.3428571429 1.5324950218
1.3469387755 1.5050172806
1.3510204082 0.0000000000
1.3551020408 0.0000000000
1.3591836735 0.0000000000
1.3632653061 0.0000000000
1.3673469388 0.0000000000
1.3714285714 0.0000000000
1.3755102041 0.0000000000
1.3795918367 0.0000000000
1.3836734694 0.0000000000
1.3877551020 0.0000000000
1.3918367347 0.0000000000
1.3959183673 0.0000000000
1.4000000000 0.0000000000
1.4040816327 0.0000000000
1.4081632653 0.0000000000
1.4122448980 0.0000000000
1.4163265306 0.0000000000
1.4204081633 0.0000000000
1.4244897959 0.0000000000
1.4285714286 0.0000000000
1.4326530612 0.0000000000
1.4367346939 0.0000000000
1.4408163265 0.9672045708
1.4448979592 1.0086297989
1.4489795918 1.0713338852
1.4530612245 5.0441026688
1.4571428571 13.6951808929
1.4612244898 20.4684143066
1.4653061224 25.5832672119
1.4693877551 31.5704345703
1.4734693878 40.1974945068
1.4775510204 52.9125900269
1.4816326531 52.6111145020
1.4857142857 52.7643585205
1.4897959184 39.3946762085
1.4938775510 23.7660255432
1.4979591837 18.9323577881
1.5020408163 8.1254243851
1.5061224490 0.4102885723
1.5102040816 0.0000000000
1.5142857143 0.0000000000
1.5183673469 0.0000000000
1.5224489796 0.0000000000
1.5265306122 0.0000000000
1.5306122449 0.0000000000
1.5346938776 0.0000000000
1.5387755102 0.0000000000
1.5428571429 0.0000000000
1.5469387755 0.0000000000
1.5510204082 0.0000000000
1.5551020408 0.0000000000
1.5591836735 0.0000000000
1.5632653061 0.0000000000
1.5673469388 0.0000000000
1.5714285714 0.0000000000
1.5755102041 0.0000000000
1.5795918367 0.0000000000
1.5836734694 0.8091852069
1.5877551020 2.0604729652
1.5918367347 2.2931694984
1.5959183673 5.8821439743
1.6000000000 3.1498670578
1.6040816327 6.0714335442
1.6081632653 16.4484977722
1.6122448980 25.8053550720
1.6163265306 30.4381828308
1.6204081633 32.5728950500
1.6244897959 30.9403095245
1.6285714286 26.6170806885
1.6326530612 20.6001701355
1.6367346939 13.6288404465
1.6408163265 1.3113766909
1.6448979592 0.0000000000
1.6489795918 0.0000000000
1.6530612245 0.0000000000
1.6571428571 0.0000000000
1.6612244898 0.0000000000
1.6653061224 0.0000000000
1.6693877551 0.0000000000
1.6734693878 0.0000000000
1.6775510204 0.0000000000
1.6816326531 0.0000000000
1.6857142857 0.0000000000
1.6897959184 0.0000000000
1.6938775510 0.0000000000
1.6979591837 0.0000000000
1.7020408163 0.0000000000
1.7061224490 0.0000000000
1.7102040816 0.0000000000
1.7142857143 0.0000000000
1.7183673469 0.0000000000
1.7224489796 0.0000000000
1.7265306122 0.0000000000
1.7306122449 0.0000000000
1.7346938776 0.0000000000
1.7387755102 0.0000000000
1.7428571429 0.0000000000
1.7469387755 0.0000000000
1.7510204082 0.0000000000
1.7551020408 0.0000000000
1.7591836735 0.0000000000
1.7632653061 0.0000000000
1.7673469388 0.7921457291
1.7714285714 2.7511119843
1.7755102041 9.6656303406
1.7795918367 16.4655456543
1.7836734694 21.6908454895
1.7877551020 29.0442695618
1.7918367347 33.4539413452
1.7959183673 39.1960144043
1.8000000000 40.6686096191
1.8040816327 30.8729095459
1.8081632653 17.2735157013
1.8122448980 4.8372745514
1.8163265306 1.9690394402
1.8204081633 0.0000000000
1.8244897959 0.0000000000
1.8285714286 0.0000000000
1.8326530612 0.0000000000
1.8367346939 0.0000000000
1.8408163265 0.0000000000
1.8448979592 0.0000000000
1.8489795918 0.0000000000
1.8530612245 0.0000000000
1.8571428571 0.0000000000
1.8612244898 0.0000000000
1.8653061224 0.0000000000
1.8693877551 0.0000000000
1.8734693878 0.0000000000
1.8775510204 0.0000000000
1.8816326531 0.0000000000
1.8857142857 0.0000000000
1.8897959184 0.0000000000
1.8938775510 0.0000000000
1.8979591837 0.0000000000
1.9020408163 0.0000000000
1.9061224490 0.0000000000
1.9102040816 0.0000000000
1.9142857143 0.0000000000
1.9183673469 0.0000000000
1.9224489796 0.0000000000
1.9265306122 0.9368956089
1.9306122449 0.0000000000
1.9346938776 0.0000000000
1.9387755102 0.0000000000
1.9428571429 0.0000000000
1.9469387755 0.0000000000
1.9510204082 0.0000000000
1.9551020408 0.0000000000
1.9591836735 0.0000000000
1.9632653061 7.4655337334
1.9673469388 7.9365673065
1.9714285714 15.9517526627
1.9755102041 15.9768905640
1.9795918367 20.6155185699
1.9836734694 15.5022144318
1.9877551020 16.8323516846
1.9918367347 14.0894050598
1.9959183673 6.3190460205
2.0000000000 1.8718838692
2.0040816327 0.0000000000
2.0081632653 0.0000000000
2.0122448980 0.0000000000
2.0163265306 0.0000000000
2.0204081633 0.0000000000
2.0244897959 0.0000000000
2.0285714286 0.0000000000
2.0326530612 0.0000000000
2.0367346939 0.0000000000
2.0408163265 0.0000000000
2.0448979592 0.0000000000
2.0489795918 0.0000000000
2.0530612245 0.0000000000
2.0571428571 0.0000000000
2.0612244898 0.0000000000
2.0653061224 0.0000000000
2.0693877551 0.0000000000
2.0734693878 0.0000000000
2.0775510204 0.0000000000
2.0816326531 0.0000000000
2.0857142857 0.0000000000
2.0897959184 0.0000000000
2.0938775510 0.0000000000
2.0979591837 0.0000000000
2.1020408163 0.0000000000
2.1061224490 0.0000000000
2.1102040816 0.0000000000
2.1142857143 0.0000000000
2.1183673469 0.0000000000
2.1224489796 0.0000000000
2.1265306122 0.0000000000
2.1306122449 0.0000000000
2.1346938776 0.0000000000
2.1387755102 0.0000000000
2.1428571429 0.0000000000
2.1469387755 0.0000000000
2.1510204082 0.0000000000
2.1551020408 0.0000000000
2.1591836735 0.0000000000
2.1632653061 0.0000000000
2.1673469388 0.0000000000
2.1714285714 0.0000000000
2.1755102041 1.7939209938
2.1795918367 8.3391666412
2.1836734694 10.8387470245
2.1877551020 21.6343402863
2.1918367347 38.4838562012
2.1959183673 44.5187072754
2.2000000000 47.9161300659
2.2040816327 49.5456161499
2.2081632653 42.5154571533
2.2122448980 24.2237148285
2.2163265306 8.1360635757
2.2204081633 0.0000000000
2.2244897959 0.0000000000
2.2285714286 0.0000000000
2.2326530612 0.0000000000
2.2367346939 0.0000000000
2.2408163265 0.0000000000
2.2448979592 0.0000000000
2.2489795918 14.5073986053
2.2530612245 50.2171211243
2.2571428571 93.7944641113
2.2612244898 110.7327346802
2.2653061224 101.2757110596
2.2693877551 112.9463348389
2.2734693878 112.1442413330
2.2775510204 94.1121444702
2.2816326531 75.2992019653
2.2857142857 59.0892715454
2.2897959184 48.4311599731
2.2938775510 30.3615913391
2.2979591837 13.6743183136
2.3020408163 0.6149411201
2.3061224490 1.7204284668
2.3102040816 0.0000000000
2.3142857143 0.0000000000
2.3183673469 0.0000000000
2.3224489796 0.0000000000
2.3265306122 0.0000000000
2.3306122449 0.0000000000
2.3346938776 0.0000000000
2.3387755102 0.0000000000
2.3428571429 0.0000000000
2.3469387755 0.0000000000
2.3510204082 0.0000000000
2.3551020408 0.0000000000
2.3591836735 0.0000000000
2.3632653061 0.0000000000
2.3673469388 0.0000000000
2.3714285714 0.0000000000
2.3755102041 0.0000000000
2.3795918367 0.3427267075
2.3836734694 0.0000000000
2.3877551020 0.0000000000
2.3918367347 0.1034736633
2.3959183673 0.0000000000
2.4000000000 0.0000000000
2.4040816327 0.9566247463
2.4081632653 0.0000000000
2.4122448980 0.0000000000
2.4163265306 0.0000000000
2.4204081633 0.0000000000
2.4244897959 0.0000000000
2.4285714286 0.0000000000
2.4326530612 0.0000000000
2.4367346939 0.0000000000
2.4408163265 0.0000000000
2.4448979592 0.0000000000
2.4489795918 0.0000000000
2.4530612245 0.0000000000
2.4571428571 0.0000000000
2.4612244898 0.0000000000
2.4653061224 0.0000000000
2.4693877551 0.0000000000
2.4734693878 0.0000000000
2.4775510204 0.0000000000
2.4816326531 0.0000000000
2.4857142857 0.0000000000
2.4897959184 0.0000000000
2.4938775510 0.0000000000
2.4979591837 0.0000000000
2.5020408163 0.0000000000
2.5061224490 0.0000000000
2.5102040816 0.0000000000
2.5142857143 0.0000000000
2.5183673469 0.0000000000
2.5224489796 0.0000000000
2.5265306122 0.0000000000
2.5306122449 0.0000000000
2.5346938776 0.0000000000
2.5387755102 0.0000000000
2.5428571429 0.0000000000
2.5469387755 0.0000000000
2.5510204082 0.0000000000
2.5551020408 0.0000000000
2.5591836735 0.0000000000
2.5632653061 0.9938478470
2.5673469388 9.0234870911
2.5714285714 26.5060081482
2.5755102041 45.9185829163
2.5795918367 51.1152725220
2.5836734694 55.2312431335
2.5877551020 53.1245460510
2.5918367347 49.8457565308
2.5959183673 38.2045516968
2.6000000000 32.8501434326
2.6040816327 25.3796577454
2.6081632653 17.6380882263
2.6122448980 10.1692972183
2.6163265306 3.4898519516
2.6204081633 1.9965171814
2.6244897959 0.0000000000
2.6285714286 0.0000000000
2.6326530612 0.0000000000
2.6367346939 0.0000000000
2.6408163265 0.0000000000
2.6448979592 0.0000000000
2.6489795918 0.0000000000
2.6530612245 0.0000000000
2.6571428571 0.0000000000
2.6612244898 0.0000000000
2.6653061224 0.0000000000
2.6693877551 0.0000000000
2.6734693878 0.0000000000
2.6775510204 0.0000000000
2.6816326531 0.0000000000
2.6857142857 0.0000000000
2.6897959184 0.0000000000
2.6938775510 0.0000000000
2.6979591837 0.0000000000
2.7020408163 0.0000000000
2.7061224490 0.0000000000
2.7102040816 10.4656887054
2.7142857143 25.0172615051
2.7183673469 35.2957229614
2.7224489796 62.3052711487
2.7265306122 82.1021804810
2.7306122449 98.6447296143
2.7346938776 104.4499893188
2.7387755102 99.1923828125
2.7428571429 72.7851104736
2.7469387755 54.2216873169
2.7510204082 35.8470687866
2.7551020408 27.9158363342
2.7591836735 20.4082126617
2.7632653061 11.1406145096
2.7673469388 1.3313293457
2.7714285714 0.0000000000
2.7755102041 0.0000000000
2.7795918367 0.0000000000
2.7836734694 0.0000000000
2.7877551020 0.0000000000
2.7918367347 0.0000000000
2.7959183673 0.0000000000
2.8000000000 0.0000000000
2.8040816327 0.0000000000
2.8081632653 0.0000000000
2.8122448980 0.0000000000
2.8163265306 0.0000000000
2.8204081633 0.0000000000
2.8244897959 0.0000000000
2.8285714286 0.0000000000
2.8326530612 0.0000000000
2.8367346939 0.0000000000
2.8408163265 0.0000000000
2.8448979592 0.0000000000
2.8489795918 0.0000000000
2.8530612245 0.0000000000
2.8571428571 0.0000000000
2.8612244898 1.5801042318
2.8653061224 8.5480804443
2.8693877551 21.7754688263
2.8734693878 29.7949619293
2.8775510204 30.6545486450
2.8816326531 26.2420768738
2.8857142857 19.8035240173
2.8897959184 15.4815912247
2.8938775510 17.2010955811
2.8979591837 11.7989177704
2.9020408163 9.2186336517
2.9061224490 6.5075159073
2.9102040816 3.2063722610
2.9142857143 1.9867420197
2.9183673469 0.5602836609
2.9224489796 0.0000000000
2.9265306122 0.0000000000
2.9306122449 0.0000000000
2.9346938776 0.0000000000
2.9387755102 0.0000000000
2.9428571429 0.0000000000
2.9469387755 0.0000000000
2.9510204082 0.0000000000
2.9551020408 0.0000000000
2.9591836735 0.0000000000
2.9632653061 0.0000000000
2.9673469388 0.0000000000
2.9714285714 0.0000000000
2.9755102041 0.0000000000
2.9795918367 0.0000000000
2.9836734694 0.0000000000
2.9877551020 0.0000000000
2.9918367347 0.0000000000
2.9959183673 0.0000000000
3.0000000000 0.0000000000
3.0040816327 0.0000000000
3.0081632653 0.0000000000
3.0122448980 0.0000000000
3.0163265306 0.0000000000
3.0204081633 0.0000000000
3.0244897959 0.0000000000
3.0285714286 0.0000000000
3.0326530612 0.0000000000
3.0367346939 0.0000000000
3.0408163265 0.0000000000
3.0448979592 0.0000000000
3.0489795918 0.0000000000
3.0530612245 1.8402040005
3.0571428571 7.6563062668
3.0612244898 13.0752325058
3.0653061224 21.3813190460
3.0693877551 29.1856155396
3.0734693878 30.0829086304
3.0775510204 23.8890190125
3.0816326531 16.4336891174
3.0857142857 9.4039440155
3.0897959184 7.4607133865
3.0938775510 2.3403167725
3.0979591837 0.0000000000
3.1020408163 0.0000000000
3.1061224490 0.0000000000
3.1102040816 0.0000000000
3.1142857143 0.0000000000
3.1183673469 0.0000000000
3.1224489796 0.0000000000
3.1265306122 0.0000000000
3.1306122449 0.0000000000
3.1346938776 0.0000000000
3.1387755102 0.6885528564
3.1428571429 1.2278556824
3.1469387755 1.3395547867
3.1510204082 1.6680955887
3.1551020408 1.3226270676
3.1591836735 0.0000000000
3.1632653061 1.8988251686
3.1673469388 1.7607212067
3.1714285714 4.4220685959
3.1755102041 17.3919200897
3.1795918367 19.0826644897
3.1836734694 24.3221511841
3.1877551020 37.6199493408
3.1918367347 48.0806503296
3.1959183673 47.2378730774
3.2000000000 34.7945709229
3.2040816327 31.1501102448
3.2081632653 13.7082338333
3.2122448980 6.9771633148
3.2163265306 2.2764205933
3.2204081633 0.1057386398
3.2244897959 0.0000000000
3.2285714286 0.0000000000
3.2326530612 0.0000000000
3.2367346939 0.0000000000
3.2408163265 0.0000000000
3.2448979592 0.0000000000
3.2489795918 1.3360977173
3.2530612245 0.2702474594
3.2571428571 0.0000000000
3.2612244898 0.0000000000
3.2653061224 0.0000000000
3.2693877551 0.0000000000
3.2734693878 0.0000000000
3.2775510204 0.0000000000
3.2816326531 0.0000000000
3.2857142857 0.0000000000
3.2897959184 0.0000000000
3.2938775510 0.0000000000
3.2979591837 0.0000000000
3.3020408163 0.0000000000
3.3061224490 0.0000000000
3.3102040816 0.0000000000
3.3142857143 0.0000000000
3.3183673469 0.0000000000
3.3224489796 0.0000000000
3.3265306122 0.0000000000
3.3306122449 0.8108615875
3.3346938776 5.7001709938
3.3387755102 4.7872066498
3.3428571429 0.0000000000
3.3469387755 0.0000000000
3.3510204082 0.0000000000
3.3551020408 0.0000000000
3.3591836735 0.0000000000
3.3632653061 0.0000000000
3.3673469388 0.0000000000
3.3714285714 0.0000000000
3.3755102041 0.0000000000
3.3795918367 0.0000000000
3.3836734694 0.0000000000
3.3877551020 0.0000000000
3.3918367347 0.0000000000
3.3959183673 0.0000000000
3.4000000000 0.0000000000
3.4040816327 0.0000000000
3.4081632653 0.0000000000
3.4122448980 0.0000000000
3.4163265306 0.0000000000
3.4204081633 0.0000000000
3.4244897959 0.0000000000
3.4285714286 0.0000000000
3.4326530612 0.0000000000
3.4367346939 0.0000000000
3.4408163265 0.0000000000
3.4448979592 0.0000000000
3.4489795918 0.0000000000
3.4530612245 0.0000000000
3.4571428571 0.0000000000
3.4612244898 0.0000000000
3.4653061224 0.0000000000
3.4693877551 0.1208782196
3.4734693878 0.5232095718
3.4775510204 4.2151212692
3.4816326531 0.4214048386
3.4857142857 1.2975931168
3.4897959184 0.0000000000
3.4938775510 1.8825531006
3.4979591837 17.9176330566
3.5020408163 13.2524967194
3.5061224490 12.8213167191
3.5102040816 29.5803546906
3.5142857143 81.6441802979
3.5183673469 94.8376007080
3.5224489796 88.1262969971
3.5265306122 80.0874862671
3.5306122449 71.1545639038
3.5346938776 62.5479812622
3.5387755102 50.4452896118
3.5428571429 36.6563796997
3.5469387755 22.9822387695
3.5510204082 13.3477153778
3.5551020408 2.1873712540
3.5591836735 7.5534582138
3.5632653061 2.6895999908
3.5673469388 0.0000000000
3.5714285714 0.0000000000
3.5755102041 0.0000000000
3.5795918367 0.0000000000
3.5836734694 0.0000000000
3.5877551020 0.0000000000
3.5918367347 0.0000000000
3.5959183673 0.0000000000
3.6000000000 0.0000000000
3.6040816327 0.0000000000
3.6081632653 0.0000000000
3.6122448980 0.0000000000
3.6163265306 0.0000000000
3.6204081633 0.0000000000
3.6244897959 0.0000000000
3.6285714286 0.0000000000
3.6326530612 0.0000000000
3.6367346939 0.0000000000
3.6408163265 0.0000000000
3.6448979592 0.0000000000
3.6489795918 0.0000000000
3.6530612245 0.0000000000
3.6571428571 0.0000000000
3.6612244898 0.0000000000
3.6653061224 0.0000000000
3.6693877551 0.0000000000
3.6734693878 0.0000000000
3.6775510204 0.0000000000
3.6816326531 0.0000000000
3.6857142857 0.0000000000
3.6897959184 0.0000000000
3.6938775510 0.0000000000
3.6979591837 0.0000000000
3.7020408163 0.0000000000
3.7061224490 0.0883340836
3.7102040816 0.0183582306
3.7142857143 0.0000000000
3.7183673469 0.0000000000
3.7224489796 0.0000000000
3.7265306122 0.0000000000
3.7306122449 0.0000000000
3.7346938776 0.0000000000
3.7387755102 0.0000000000
3.7428571429 0.0000000000
3.7469387755 0.0000000000
3.7510204082 0.0000000000
3.7551020408 0.0000000000
3.7591836735 0.0000000000
3.7632653061 0.0000000000
3.7673469388 0.0000000000
3.7714285714 0.0000000000
3.7755102041 0.0000000000
3.7795918367 0.0000000000
3.7836734694 0.7150173187
3.7877551020 0.4482269287
3.7918367347 0.0000000000
3.7959183673 0.0000000000
3.8000000000 0.0000000000
3.8040816327 0.0000000000
3.8081632653 0.0000000000
3.8122448980 0.0000000000
3.8163265306 0.0000000000
3.8204081633 0.2905428410
3.8244897959 3.3385305405
3.8285714286 2.6414842606
3.8326530612 4.1250138283
3.8367346939 1.8029212952
3.8408163265 1.7361640930
3.8448979592 5.0494670868
3.8489795918 4.3824615479
3.8530612245 0.5296468735
3.8571428571 2.4791955948
3.8612244898 0.0938177109
3.8653061224 0.0000000000
3.8693877551 0.0000000000
3.8734693878 0.0000000000
3.8775510204 0.0000000000
3.8816326531 0.0000000000
3.8857142857 0.0000000000
3.8897959184 0.0000000000
3.8938775510 0.0000000000
3.8979591837 0.0000000000
3.9020408163 0.0000000000
3.9061224490 0.0000000000
3.9102040816 0.0000000000
3.9142857143 0.0000000000
3.9183673469 0.0000000000
3.9224489796 0.0000000000
3.9265306122 0.0000000000
3.9306122449 0.0000000000
3.9346938776 0.0000000000
3.9387755102 0.0000000000
3.9428571429 0.0000000000
3.9469387755 0.0000000000
3.9510204082 0.0000000000
3.9551020408 1.4319419861
3.9591836735 1.5116035938
3.9632653061 15.2821836472
3.9673469388 16.4497795105
3.9714285714 22.9449119568
3.9755102041 29.3500423431
3.9795918367 32.0219993591
3.9836734694 54.5560150146
3.9877551020 56.4594268799
3.9918367347 49.1904029846
3.9959183673 39.9473915100
4.0000000000 28.5843620300
4.0040816327 17.5485610962
4.0081632653 18.3439254761
4.0122448980 3.8322210312
4.0163265306 0.0000000000
4.0204081633 0.0000000000
4.0244897959 1.9516944885
4.0285714286 0.0000000000
4.0326530612 0.0000000000
4.0367346939 0.0000000000
4.0408163265 0.0000000000
4.0448979592 0.0000000000
4.0489795918 0.0000000000
4.0530612245 0.0000000000
4.0571428571 1.3051033020
4.0612244898 5.0417184830
4.0653061224 5.6947469711
4.0693877551 7.1911811829
4.0734693878 5.8096647263
4.0775510204 2.3802518845
4.0816326531 0.0000000000
4.0857142857 0.0000000000
4.0897959184 0.0000000000
4.0938775510 0.0000000000
4.0979591837 0.0000000000
4.1020408163 0.0000000000
4.1061224490 0.0000000000
4.1102040816 0.0000000000
4.1142857143 0.0000000000
4.1183673469 0.0000000000
4.1224489796 0.0000000000
4.1265306122 0.0000000000
4.1306122449 0.0000000000
4.1346938776 0.0000000000
4.1387755102 0.0000000000
4.1428571429 0.0000000000
4.1469387755 0.0000000000
4.1510204082 0.0000000000
4.1551020408 0.0000000000
4.1591836735 0.0000000000
4.1632653061 0.0000000000
4.1673469388 0.0000000000
4.1714285714 0.4121512175
4.1755102041 6.8859457970
4.1795918367 11.6030578613
4.1836734694 13.2014751434
4.1877551020 12.4974842072
4.1918367347 18.6518440247
4.1959183673 16.2227153778
4.2000000000 3.9266943932
4.2040816327 0.0000000000
4.2081632653 0.0000000000
4.2122448980 0.0000000000
4.2163265306 0.0000000000
4.2204081633 0.0000000000
4.2244897959 0.0000000000
4.2285714286 0.0000000000
4.2326530612 0.0000000000
4.2367346939 0.0000000000
4.2408163265 0.0000000000
4.2448979592 0.0000000000
4.2489795918 0.0000000000
4.2530612245 0.0000000000
4.2571428571 0.0000000000
4.2612244898 0.0000000000
4.2653061224 0.0000000000
4.2693877551 0.0000000000
4.2734693878 0.0000000000
4.2775510204 0.0000000000
4.2816326531 0.0000000000
4.2857142857 0.0000000000
4.2897959184 0.0000000000
4.2938775510 0.0000000000
4.2979591837 0.0000000000
4.3020408163 0.0000000000
4.3061224490 0.0000000000
4.3102040816 0.0000000000
4.3142857143 0.0000000000
4.3183673469 0.0000000000
4.3224489796 0.0000000000
4.3265306122 0.4835724831
4.3306122449 2.6012361050
4.3346938776 3.8357973099
4.3387755102 2.5268793106
4.3428571429 0.9264945984
4.3469387755 0.0000000000
4.3510204082 0.0000000000
4.3551020408 0.0000000000
4.3591836735 0.0000000000
4.3632653061 0.1859664917
4.3673469388 1.2128353119
4.3714285714 2.6236176491
4.3755102041 1.6937553883
4.3795918367 3.1893253326
4.3836734694 1.4069080353
4.3877551020 0.0000000000
4.3918367347 0.5944073200
4.3959183673 0.0000000000
4.4000000000 0.0000000000
4.4040816327 1.4547556639
4.4081632653 0.5270540714
4.4122448980 3.2778978348
4.4163265306 0.0000000000
4.4204081633 0.0000000000
4.4244897959 0.0000000000
4.4285714286 0.0000000000
4.4326530612 0.0000000000
4.4367346939 0.0000000000
4.4408163265 0.0000000000
4.4448979592 0.0000000000
4.4489795918 0.5923509598
4.4530612245 0.0000000000
4.4571428571 0.0000000000
4.4612244898 0.0000000000
4.4653061224 0.0000000000
4.4693877551 0.0000000000
4.4734693878 0.0000000000
4.4775510204 0.0000000000
4.4816326531 0.0000000000
4.4857142857 0.0000000000
4.4897959184 0.0000000000
4.4938775510 0.8794069290
4.4979591837 1.9384622574
4.5020408163 0.9922981262
4.5061224490 0.0000000000
4.5102040816 0.0000000000
4.5142857143 0.0000000000
4.5183673469 0.0000000000
4.5224489796 0.0000000000
4.5265306122 0.6057918072
4.5306122449 3.4735202789
4.5346938776 6.6395998001
4.5387755102 4.4701099396
4.5428571429 0.9343624115
4.5469387755 1.0378956795
4.5510204082 0.0000000000
4.5551020408 0.0000000000
4.5591836735 0.0000000000
4.5632653061 0.0000000000
4.5673469388 0.0000000000
4.5714285714 0.0000000000
4.5755102041 0.0000000000
4.5795918367 0.0000000000
4.5836734694 0.0000000000
4.5877551020 0.0000000000
4.5918367347 0.0000000000
4.5959183673 0.0000000000
4.6000000000 0.0000000000
4.6040816327 0.0000000000
4.6081632653 0.0000000000
4.6122448980 0.0000000000
4.6163265306 0.0000000000
4.6204081633 0.0000000000
4.6244897959 0.0000000000
4.6285714286 0.0000000000
4.6326530612 0.0000000000
4.6367346939 0.0000000000
4.6408163265 0.0000000000
4.6448979592 0.8354187012
4.6489795918 4.9239397049
4.6530612245 15.2698755264
4.6571428571 16.8313980103
4.6612244898 17.0136680603
4.6653061224 18.9536819458
4.6693877551 17.3395271301
4.6734693878 21.0772151947
4.6775510204 22.2631111145
4.6816326531 23.9502182007
4.6857142857 23.2383003235
4.6897959184 30.1614685059
4.6938775510 17.8568363190
4.6979591837 19.2498569489
4.7020408163 26.3334503174
4.7061224490 29.5127639771
4.7102040816 16.9079589844
4.7142857143 10.8203287125
4.7183673469 10.7232017517
4.7224489796 1.5457868576
4.7265306122 0.0000000000
4.7306122449 0.0000000000
4.7346938776 0.0000000000
4.7387755102 0.0000000000
4.7428571429 0.0000000000
4.7469387755 0.0000000000
4.7510204082 0.0000000000
4.7551020408 0.0000000000
4.7591836735 0.0000000000
4.7632653061 0.0000000000
4.7673469388 12.1255254745
4.7714285714 42.1082954407
4.7755102041 50.2202529907
4.7795918367 55.1371574402
4.7836734694 42.3084487915
4.7877551020 28.8546371460
4.7918367347 13.3650302887
4.7959183673 0.0000000000
4.8000000000 0.0000000000
4.8040816327 0.0000000000
4.8081632653 0.0000000000
4.8122448980 0.0000000000
4.8163265306 0.0000000000
4.8204081633 0.0000000000
4.8244897959 0.0000000000
4.8285714286 0.0000000000
4.8326530612 0.0000000000
4.8367346939 0.0000000000
4.8408163265 0.0000000000
4.8448979592 0.0000000000
4.8489795918 0.0000000000
4.8530612245 0.0000000000
4.8571428571 0.0000000000
4.8612244898 0.0000000000
4.8653061224 0.0000000000
4.8693877551 0.0000000000
4.8734693878 0.0000000000
4.8775510204 0.0000000000
4.8816326531 0.0000000000
4.8857142857 0.0000000000
4.8897959184 0.0000000000
4.8938775510 0.0000000000
4.8979591837 0.0000000000
4.9020408163 0.0000000000
4.9061224490 0.0000000000
4.9102040816 0.0000000000
4.9142857143 0.0000000000
4.9183673469 0.0000000000
4.9224489796 0.0000000000
4.9265306122 0.0000000000
4.9306122449 0.0000000000
4.9346938776 0.0000000000
4.9387755102 0.0000000000
4.9428571429 0.0000000000
4.9469387755 0.0000000000
4.9510204082 0.0000000000
4.9551020408 0.0084340572
4.9591836735 0.4867315292
4.9632653061 0.5485415459
4.9673469388 0.0000000000
4.9714285714 0.0000000000
4.9755102041 0.0000000000
4.9795918367 0.0000000000
4.9836734694 0.0000000000
4.9877551020 0.0000000000
4.9918367347 0.0000000000
4.9959183673 0.0000000000
5.0000000000 0.0000000000
5.0040816327 0.0000000000
5.0081632653 0.0000000000
5.0122448980 0.0000000000
5.0163265306 0.0000000000
5.0204081633 0.0000000000
5.0244897959 0.0000000000
5.0285714286 0.0000000000
5.0326530612 0.0000000000
5.0367346939 0.0000000000
5.0408163265 0.0000000000
5.0448979592 0.0000000000
5.0489795918 0.0000000000
5.0530612245 0.0000000000
5.0571428571 0.0000000000
5.0612244898 2.1368563175
5.0653061224 5.4589657784
5.0693877551 4.6451091766
5.0734693878 1.0842531919
5.0775510204 0.5244319439
5.0816326531 0.0000000000
5.0857142857 0.0000000000
5.0897959184 0.0000000000
5.0938775510 0.0000000000
5.0979591837 0.0000000000
5.1020408163 0.0000000000
5.1061224490 1.8499791622
5.1102040816 1.3217926025
5.1142857143 0.8555650711
5.1183673469 0.6278008223
5.1224489796 0.0034570694
5.1265306122 0.0000000000
5.1306122449 0.0000000000
5.1346938776 0.0000000000
5.1387755102 0.0000000000
5.1428571429 0.0000000000
5.1469387755 0.0000000000
5.1510204082 0.0000000000
5.1551020408 0.0000000000
5.1591836735 0.0000000000
5.1632653061 0.0000000000
5.1673469388 0.0000000000
5.1714285714 0.0000000000
5.1755102041 1.4762878418
5.1795918367 1.2253522873
5.1836734694 4.3612422943
5.1877551020 11.2709407806
5.1918367347 17.4423294067
5.1959183673 29.1402187347
5.2000000000 49.5171699524
5.2040816327 73.9882888794
5.2081632653 80.3772048950
5.2122448980 87.2164382935
5.2163265306 73.4370651245
5.2204081633 58.3026428223
5.2244897959 42.6443214417
5.2285714286 27.7125816345
5.2326530612 17.1127319336
5.2367346939 7.2985887527
5.2408163265 0.0000000000
5.2448979592 0.0000000000
5.2489795918 0.0000000000
5.2530612245 0.0000000000
5.2571428571 0.0000000000
5.2612244898 0.0000000000
5.2653061224 0.0000000000
5.2693877551 0.0000000000
5.2734693878 0.0000000000
5.2775510204 0.0000000000
5.2816326531 1.6796588898
5.2857142857 1.0815858841
5.2897959184 0.0000000000
5.2938775510 2.6059150696
5.2979591837 8.3698329926
5.3020408163 22.9159584045
5.3061224490 35.6074295044
5.3102040816 41.9225997925
5.3142857143 43.1958160400
5.3183673469 39.6159896851
5.3224489796 32.3942756653
5.3265306122 20.4860572815
5.3306122449 6.5355300903
5.3346938776 0.0000000000
5.3387755102 0.0000000000
5.3428571429 0.0000000000
5.3469387755 0.0000000000
5.3510204082 0.0000000000
5.3551020408 0.0000000000
5.3591836735 0.0000000000
5.3632653061 0.0000000000
5.3673469388 0.0000000000
5.3714285714 0.0000000000
5.3755102041 0.0000000000
5.3795918367 0.0000000000
5.3836734694 0.0000000000
5.3877551020 0.0000000000
5.3918367347 0.0000000000
5.3959183673 0.0000000000
5.4000000000 0.0000000000
5.4040816327 0.0000000000
5.4081632653 0.0000000000
5.4122448980 0.0000000000
5.4163265306 0.0000000000
5.4204081633 0.0000000000
5.4244897959 0.0000000000
5.4285714286 0.0000000000
5.4326530612 0.0000000000
5.4367346939 0.0000000000
5.4408163265 0.0000000000
5.4448979592 0.0000000000
5.4489795918 0.0000000000
5.4530612245 0.0000000000
5.4571428571 0.0000000000
5.4612244898 0.0000000000
5.4653061224 0.0000000000
5.4693877551 0.0000000000
5.4734693878 0.0000000000
5.4775510204 0.0000000000
5.4816326531 0.0000000000
5.4857142857 2.4291574955
5.4897959184 10.4276542664
5.4938775510 14.3350963593
5.4979591837 21.2547779083
5.5020408163 25.6008491516
5.5061224490 16.7022342682
5.5102040816 12.8543968201
5.5142857143 5.7477951050
5.5183673469 1.8322467804
5.5224489796 0.0000000000
5.5265306122 0.0000000000
5.5306122449 0.0000000000
5.5346938776 0.0000000000
5.5387755102 0.0000000000
5.5428571429 0.0000000000
5.5469387755 0.0000000000
5.5510204082 1.6253590584
5.5551020408 0.5232095718
5.5591836735 0.0000000000
5.5632653061 0.0000000000
5.5673469388 0.0000000000
5.5714285714 0.0000000000
5.5755102041 0.0000000000
5.5795918367 0.0000000000
5.5836734694 0.0000000000
5.5877551020 0.3137588501
5.5918367347 0.6381273270
5.5959183673 0.4679560661
5.6000000000 0.0699758530
5.6040816327 0.0000000000
5.6081632653 0.0000000000
5.6122448980 0.0000000000
5.6163265306 0.0000000000
5.6204081633 0.0000000000
5.6244897959 0.0000000000
5.6285714286 0.0000000000
5.6326530612 1.6169846058
5.6367346939 3.6079585552
5.6408163265 1.6575157642
5.6448979592 0.1755952835
5.6489795918 0.0000000000
5.6530612245 0.0000000000
5.6571428571 0.0000000000
5.6612244898 0.2310723066
5.6653061224 1.2467801571
5.6693877551 1.7237365246
5.6734693878 1.0829567909
5.6775510204 0.7842779160
5.6816326531 0.4286170006
5.6857142857 0.1026391983
5.6897959184 0.0000000000
5.6938775510 0.0000000000
5.6979591837 0.0000000000
5.7020408163 0.0000000000
5.7061224490 0.0000000000
5.7102040816 0.0000000000
5.7142857143 0.0000000000
5.7183673469 0.0000000000
5.7224489796 0.0000000000
5.7265306122 0.0000000000
5.7306122449 0.0000000000
5.7346938776 0.0000000000
5.7387755102 0.0000000000
5.7428571429 0.0000000000
5.7469387755 0.0000000000
5.7510204082 0.0000000000
5.7551020408 0.0000000000
5.7591836735 0.0000000000
5.7632653061 0.0000000000
5.7673469388 0.0000000000
5.7714285714 0.0000000000
5.7755102041 0.0000000000
5.7795918367 0.0000000000
5.7836734694 0.0000000000
5.7877551020 0.0000000000
5.7918367347 0.0000000000
5.7959183673 0.0000000000
5.8000000000 0.0000000000
5.8040816327 1.4437735081
5.8081632653 1.1329948902
5.8122448980 0.1593828201
5.8163265306 0.0000000000
5.8204081633 0.0000000000
5.8244897959 0.0000000000
5.8285714286 0.0000000000
5.8326530612 0.0000000000
5.8367346939 0.0000000000
5.8408163265 0.0000000000
5.8448979592 1.5573203564
5.8489795918 4.3401122093
5.8530612245 5.8837232590
5.8571428571 2.7220845222
5.8612244898 2.2881031036
5.8653061224 0.0000000000
5.8693877551 0.5186200142
5.8734693878 3.1479597092
5.8775510204 6.0702562332
5.8816326531 12.5067825317
5.8857142857 51.1531219482
5.8897959184 53.8196868896
5.8938775510 46.3665122986
5.8979591837 36.5278701782
5.9020408163 48.0674743652
5.9061224490 48.4918975830
5.9102040816 44.5143890381
5.9142857143 41.8095321655
5.9183673469 51.9756393433
5.9224489796 45.3545761108
5.9265306122 37.2034759521
5.9306122449 30.3824386597
5.9346938776 24.7420234680
5.9387755102 23.0935821533
5.9428571429 12.8531455994
5.9469387755 25.2292175293
5.9510204082 51.0002975464
5.9551020408 80.9153289795
5.9591836735 100.3752899170
5.9632653061 104.3677368164
5.9673469388 97.5471725464
5.9714285714 83.1785202026
5.9755102041 69.8915100098
5.9795918367 53.1124458313
5.9836734694 37.4531173706
5.9877551020 23.8572349548
5.9918367347 9.2840785980
5.9959183673 0.3825426102
6.0000000000 0.0000000000
6.0040816327 0.0000000000
6.0081632653 0.0000000000
6.0122448980 0.0000000000
6.0163265306 0.0000000000
6.0204081633 0.0000000000
6.0244897959 0.0000000000
6.0285714286 0.0000000000
6.0326530612 0.0000000000
6.0367346939 0.0000000000
6.0408163265 0.0000000000
6.0448979592 0.0000000000
6.0489795918 0.0000000000
6.0530612245 0.0000000000
6.0571428571 0.0000000000
6.0612244898 0.0000000000
6.0653061224 0.0000000000
6.0693877551 0.0000000000
6.0734693878 0.0000000000
6.0775510204 0.0000000000
6.0816326531 0.0000000000
6.0857142857 0.0000000000
6.0897959184 0.0000000000
6.0938775510 0.0000000000
6.0979591837 0.0000000000
6.1020408163 0.0000000000
6.1061224490 0.0000000000
6.1102040816 0.0000000000
6.1142857143 0.0000000000
6.1183673469 0.0000000000
6.1224489796 0.0000000000
6.1265306122 0.0000000000
6.1306122449 0.0000000000
6.1346938776 0.0000000000
6.1387755102 0.0000000000
6.1428571429 0.0000000000
6.1469387755 0.0000000000
6.1510204082 0.0000000000
6.1551020408 0.0000000000
6.1591836735 0.0000000000
6.1632653061 0.0000000000
6.1673469388 0.0000000000
6.1714285714 0.0000000000
6.1755102041 0.0000000000
6.1795918367 0.0000000000
6.1836734694 0.0000000000
6.1877551020 0.0000000000
6.1918367347 0.0000000000
6.1959183673 0.0000000000
6.2000000000 0.0000000000
6.2040816327 0.0000000000
6.2081632653 0.0000000000
6.2122448980 0.0000000000
6.2163265306 0.0000000000
6.2204081633 0.0000000000
6.2244897959 0.0000000000
6.2285714286 0.0000000000
6.2326530612 0.0000000000
6.2367346939 0.0000000000
6.2408163265 0.0000000000
6.2448979592 0.0000000000
6.2489795918 0.0000000000
6.2530612245 0.0000000000
6.2571428571 0.0000000000
6.2612244898 0.0000000000
6.2653061224 0.3833770752
6.2693877551 1.4076232910
6.2734693878 8.3378553391
6.2775510204 12.9294395447
6.2816326531 17.6957244873
6.2857142857 27.4899597168
6.2897959184 37.3146514893
6.2938775510 44.2432174683
6.2979591837 39.7249450684
6.3020408163 27.6359329224
6.3061224490 22.8817462921
6.3102040816 20.5919742584
6.3142857143 13.7767200470
6.3183673469 0.0000000000
6.3224489796 0.0000000000
6.3265306122 0.0000000000
6.3306122449 0.0000000000
6.3346938776 0.0000000000
6.3387755102 0.0000000000
6.3428571429 0.0000000000
6.3469387755 0.0000000000
6.3510204082 0.0000000000
6.3551020408 0.0000000000
6.3591836735 0.0000000000
6.3632653061 0.0000000000
6.3673469388 0.0000000000
6.3714285714 0.0000000000
6.3755102041 0.0000000000
6.3795918367 0.0000000000
6.3836734694 0.0000000000
6.3877551020 0.0000000000
6.3918367347 0.0000000000
6.3959183673 0.0000000000
6.4000000000 0.0000000000
6.4040816327 0.0000000000
6.4081632653 0.0000000000
6.4122448980 0.0000000000
6.4163265306 0.0000000000
6.4204081633 0.0000000000
6.4244897959 0.0000000000
6.4285714286 0.0000000000
6.4326530612 0.0000000000
6.4367346939 0.0000000000
6.4408163265 0.0000000000
6.4448979592 0.0000000000
6.4489795918 0.0039339066
6.4530612245 0.0000000000
6.4571428571 0.0000000000
6.4612244898 0.0000000000
6.4653061224 0.0000000000
6.4693877551 0.0000000000
6.4734693878 0.0000000000
6.4775510204 0.0000000000
6.4816326531 0.0000000000
6.4857142857 0.0000000000
6.4897959184 0.0000000000
6.4938775510 0.0000000000
6.4979591837 0.9826421738
6.5020408163 0.0000000000
6.5061224490 0.0000000000
6.5102040816 0.0000000000
6.5142857143 0.0000000000
6.5183673469 0.0000000000
6.5224489796 0.0000000000
6.5265306122 0.0000000000
6.5306122449 0.0000000000
6.5346938776 0.0000000000
6.5387755102 0.0000000000
6.5428571429 12.8301982880
6.5469387755 22.3289718628
6.5510204082 24.4949760437
6.5551020408 23.8088665009
6.5591836735 30.6557731628
6.5632653061 21.2353477478
6.5673469388 8.8088512421
6.5714285714 4.3636412621
6.5755102041 0.0001788139
6.5795918367 0.0000000000
6.5836734694 0.0000000000
6.5877551020 0.0000000000
6.5918367347 0.0000000000
6.5959183673 0.2385377884
6.6000000000 30.9456596375
6.6040816327 45.1892929077
6.6081632653 55.6960105896
6.6122448980 68.2529220581
6.6163265306 75.6915206909
6.6204081633 76.2624740601
6.6244897959 70.2181472778
6.6285714286 56.3174514771
6.6326530612 41.5970077515
6.6367346939 29.1260490417
6.6408163265 11.8201971054
6.6448979592 0.8059740067
6.6489795918 0.0000000000
6.6530612245 0.0000000000
6.6571428571 0.0000000000
6.6612244898 0.0000000000
6.6653061224 0.0000000000
6.6693877551 0.0000000000
6.6734693878 0.0000000000
6.6775510204 0.0000000000
6.6816326531 0.0000000000
6.6857142857 0.0000000000
6.6897959184 0.0000000000
6.6938775510 0.0000000000
6.6979591837 0.0000000000
6.7020408163 0.0000000000
6.7061224490 0.0000000000
6.7102040816 0.0000000000
6.7142857143 0.0000000000
6.7183673469 0.0000000000
6.7224489796 0.0000000000
6.7265306122 0.0000000000
6.7306122449 0.0000000000
6.7346938776 0.0000000000
6.7387755102 0.0000000000
6.7428571429 0.0000000000
6.7469387755 0.0000000000
6.7510204082 0.0000000000
6.7551020408 0.0000000000
6.7591836735 0.0000000000
6.7632653061 0.0000000000
6.7673469388 0.0000000000
6.7714285714 0.0000000000
6.7755102041 0.0000000000
6.7795918367 0.0000000000
6.7836734694 0.0000000000
6.7877551020 0.0000000000
6.7918367347 0.0000000000
6.7959183673 0.0000000000
6.8000000000 0.0000000000
6.8040816327 0.0000000000
6.8081632653 0.0000000000
6.8122448980 0.0000000000
6.8163265306 0.0000000000
6.8204081633 0.0000000000
6.8244897959 0.0000000000
6.8285714286 0.0000000000
6.8326530612 0.0000000000
6.8367346939 0.0000000000
6.8408163265 0.0000000000
6.8448979592 0.0000000000
6.8489795918 0.0000000000
6.8530612245 0.0000000000
6.8571428571 0.0000000000
6.8612244898 0.0000000000
6.8653061224 0.0000000000
6.8693877551 0.0000000000
6.8734693878 1.8368959427
6.8775510204 3.3696293831
6.8816326531 15.4254436493
6.8857142857 29.5116920471
6.8897959184 62.6422157288
6.8938775510 69.0255126953
6.8979591837 63.4930152893
6.9020408163 52.1746864319
6.9061224490 37.4135971069
6.9102040816 29.9266586304
6.9142857143 21.7534904480
6.9183673469 19.3811645508
6.9224489796 7.6113939285
6.9265306122 0.0000000000
6.9306122449 0.0000000000
6.9346938776 0.0000000000
6.9387755102 0.0000000000
6.9428571429 0.0000000000
6.9469387755 0.0000000000
6.9510204082 0.0000000000
6.9551020408 0.0000000000
6.9591836735 0.0000000000
6.9632653061 0.0000000000
6.9673469388 0.0000000000
6.9714285714 0.0000000000
6.9755102041 0.0000000000
6.9795918367 0.0000000000
6.9836734694 0.0000000000
6.9877551020 0.0000000000
6.9918367347 0.0000000000
6.9959183673 0.0000000000
7.0000000000 0.0000000000
7.0040816327 0.0000000000
7.0081632653 0.0000000000
7.0122448980 0.0000000000
7.0163265306 0.0000000000
7.0204081633 0.0000000000
7.0244897959 0.0000000000
7.0285714286 0.0000000000
7.0326530612 0.0000000000
7.0367346939 0.0000000000
7.0408163265 0.0000000000
7.0448979592 0.0000000000
7.0489795918 0.0000000000
7.0530612245 0.0000000000
7.0571428571 0.0000000000
7.0612244898 0.0000000000
7.0653061224 0.0000000000
7.0693877551 0.0000000000
7.0734693878 0.0000000000
7.0775510204 0.0000000000
7.0816326531 0.0000000000
7.0857142857 0.0000000000
7.0897959184 0.1131296158
7.0938775510 0.0000000000
7.0979591837 0.0000000000
7.1020408163 0.0000000000
7.1061224490 0.0000000000
7.1102040816 0.0000000000
7.1142857143 0.0000000000
7.1183673469 0.0000000000
7.1224489796 0.0000000000
7.1265306122 0.0000000000
7.1306122449 0.0000000000
7.1346938776 0.0000000000
7.1387755102 0.0000000000
7.1428571429 0.0000000000
7.1469387755 1.6139745712
7.1510204082 3.8130283356
7.1551020408 3.6534070969
7.1591836735 6.1314702034
7.1632653061 6.4332485199
7.1673469388 5.5611133575
7.1714285714 8.3303451538
7.1755102041 4.9108715057
7.1795918367 5.6772379875
7.1836734694 8.1803798676
7.1877551020 19.1838722229
7.1918367347 29.7276382446
7.1959183673 37.0593070984
7.2000000000 39.9833335876
7.2040816327 45.1904525757
7.2081632653 43.0117111206
7.2122448980 47.3950500488
7.2163265306 54.3688240051
7.2204081633 53.8471946716
7.2244897959 63.6394042969
7.2285714286 79.7585220337
7.2326530612 86.5882568359
7.2367346939 83.9231033325
7.2408163265 74.1237411499
7.2448979592 59.0345840454
7.2489795918 43.6173400879
7.2530612245 39.7973060608
7.2571428571 37.8710632324
7.2612244898 31.4697036743
7.2653061224 19.1841125488
7.2693877551 4.2313337326
7.2734693878 0.0000000000
7.2775510204 0.0000000000
7.2816326531 0.0000000000
7.2857142857 0.0000000000
7.2897959184 0.0000000000
7.2938775510 0.0000000000
7.2979591837 0.0000000000
7.3020408163 0.0000000000
7.3061224490 0.0000000000
7.3102040816 0.0000000000
7.3142857143 0.0000000000
7.3183673469 0.0000000000
7.3224489796 0.0000000000
7.3265306122 0.0000000000
7.3306122449 0.0000000000
7.3346938776 0.0000000000
7.3387755102 0.0000000000
7.3428571429 0.0000000000
7.3469387755 0.0000000000
7.3510204082 0.0000000000
7.3551020408 0.0000000000
7.3591836735 0.0000000000
7.3632653061 0.0000000000
7.3673469388 0.0000000000
7.3714285714 0.0000000000
7.3755102041 0.0000000000
7.3795918367 0.0000000000
7.3836734694 0.0000000000
7.3877551020 0.0000000000
7.3918367347 0.0000000000
7.3959183673 0.0000000000
7.4000000000 0.0000000000
7.4040816327 0.0000000000
7.4081632653 0.0000000000
7.4122448980 0.0000000000
7.4163265306 0.0000000000
7.4204081633 0.0000000000
7.4244897959 0.0000000000
7.4285714286 0.0000000000
7.4326530612 0.0000000000
7.4367346939 0.0000000000
7.4408163265 0.0000000000
7.4448979592 0.0000000000
7.4489795918 0.0000000000
7.4530612245 0.0000000000
7.4571428571 0.0000000000
7.4612244898 0.0000000000
7.4653061224 0.0000000000
7.4693877551 0.0000000000
7.4734693878 0.0000000000
7.4775510204 0.0000000000
7.4816326531 0.0000000000
7.4857142857 0.0000000000
7.4897959184 3.1846463680
7.4938775510 3.3423900604
7.4979591837 1.3322830200
7.5020408163 0.0000000000
7.5061224490 0.0000000000
7.5102040816 0.0000000000
7.5142857143 0.0000000000
7.5183673469 0.0000000000
7.5224489796 0.0000000000
7.5265306122 0.0000000000
7.5306122449 0.0000000000
7.5346938776 0.0000000000
7.5387755102 0.0000000000
7.5428571429 1.5478506088
7.5469387755 4.2805519104
7.5510204082 4.3695793152
7.5551020408 3.2019987106
7.5591836735 3.2143816948
7.5632653061 3.3200235367
7.5673469388 5.2050948143
7.5714285714 3.6096572876
7.5755102041 1.9316673279
7.5795918367 0.3836154938
7.5836734694 0.0000000000
7.5877551020 0.0000000000
7.5918367347 0.0000000000
7.5959183673 0.0000000000
7.6000000000 0.0000000000
7.6040816327 0.0000000000
7.6081632653 0.0000000000
7.6122448980 0.0000000000
7.6163265306 0.0000000000
7.6204081633 0.0000000000
7.6244897959 0.0000000000
7.6285714286 0.0000000000
7.6326530612 0.0000000000
7.6367346939 0.0000000000
7.6408163265 0.0000000000
7.6448979592 0.0000000000
7.6489795918 0.0000000000
7.6530612245 0.0000000000
7.6571428571 0.0000000000
7.6612244898 0.0000000000
7.6653061224 0.0000000000
7.6693877551 0.0000000000
7.6734693878 6.9431962967
7.6775510204 9.2468709946
7.6816326531 17.7485942841
7.6857142857 26.5606651306
7.6897959184 30.6407127380
7.6938775510 53.6119079590
7.6979591837 53.1691322327
7.7020408163 50.2007026672
7.7061224490 43.8842353821
7.7102040816 39.7872695923
7.7142857143 37.7011909485
7.7183673469 28.8205146790
7.7224489796 19.7171268463
7.7265306122 7.3613595963
7.7306122449 0.0000000000
7.7346938776 0.0000000000
7.7387755102 0.0000000000
7.7428571429 0.6966814399
7.7469387755 0.0000000000
7.7510204082 0.0000000000
7.7551020408 0.0000000000
7.7591836735 0.0000000000
7.7632653061 0.0000000000
7.7673469388 0.0000000000
7.7714285714 0.0000000000
7.7755102041 0.0000000000
7.7795918367 0.0000000000
7.7836734694 0.0000000000
7.7877551020 0.0000000000
7.7918367347 0.0000000000
7.7959183673 0.0000000000
7.8000000000 0.0000000000
7.8040816327 0.0000000000
7.8081632653 0.0000000000
7.8122448980 0.0000000000
7.8163265306 0.0000000000
7.8204081633 0.0000000000
7.8244897959 0.0000000000
7.8285714286 0.0000000000
7.8326530612 3.4582242966
7.8367346939 10.9590892792
7.8408163265 6.5784454346
7.8448979592 6.2876939774
7.8489795918 6.1792731285
7.8530612245 2.7153491974
7.8571428571 2.4203062057
7.8612244898 10.5899572372
7.8653061224 11.7750167847
7.8693877551 14.5314035416
7.8734693878 7.6116323471
7.8775510204 1.5476942062
7.8816326531 2.7064085007
7.8857142857 4.5384168625
7.8897959184 14.5213012695
7.8938775510 10.0833253860
7.8979591837 1.3427808285
7.9020408163 0.0000000000
7.9061224490 0.0000000000
7.9102040816 0.0000000000
7.9142857143 0.0000000000
7.9183673469 0.0000000000
7.9224489796 0.0000000000
7.9265306122 0.0000000000
7.9306122449 0.0000000000
7.9346938776 0.0000000000
7.9387755102 0.0000000000
7.9428571429 0.0000000000
7.9469387755 0.0000000000
7.9510204082 0.0000000000
7.9551020408 0.0000000000
7.9591836735 0.0000000000
7.9632653061 0.0000000000
7.9673469388 0.0000000000
7.9714285714 0.0000000000
7.9755102041 0.0000000000
7.9795918367 0.0000000000
7.9836734694 0.0000000000
7.9877551020 0.0000000000
7.9918367347 0.0000000000
7.9959183673 4.6756119728
8.0000000000 7.9280734062
8.0040816327 6.0975551605
8.0081632653 4.8545002937
8.0122448980 0.0000000000
8.0163265306 0.0000000000
8.0204081633 0.0000000000
8.0244897959 0.0000000000
8.0285714286 0.0000000000
8.0326530612 0.0000000000
8.0367346939 0.0000000000
8.0408163265 0.0000000000
8.0448979592 0.0000000000
8.0489795918 0.0000000000
8.0530612245 0.0000000000
8.0571428571 3.2879114151
8.0612244898 4.3396949768
8.0653061224 4.2867660522
8.0693877551 3.7465095520
8.0734693878 1.8843114376
8.0775510204 0.0000000000
8.0816326531 0.0000000000
8.0857142857 0.2439618111
8.0897959184 0.0000000000
8.0938775510 0.0000000000
8.0979591837 0.0000000000
8.1020408163 0.0000000000
8.1061224490 0.0000000000
8.1102040816 0.0000000000
8.1142857143 0.0000000000
8.1183673469 0.0000000000
8.1224489796 0.0000000000
8.1265306122 0.0000000000
8.1306122449 0.0000000000
8.1346938776 0.0000000000
8.1387755102 0.0000000000
8.1428571429 0.0000000000
8.1469387755 0.0982880592
8.1510204082 0.0305175781
8.1551020408 1.9354820251
8.1591836735 2.8220267296
8.1632653061 4.9982070923
8.1673469388 6.9424510002
8.1714285714 8.2946414948
8.1755102041 12.3887653351
8.1795918367 10.9180812836
8.1836734694 5.8120489120
8.1877551020 4.2085647583
8.1918367347 3.4692287445
8.1959183673 1.7590522766
8.2000000000 0.0000000000
8.2040816327 0.0000000000
8.2081632653 0.0000000000
8.2122448980 0.0000000000
8.2163265306 0.0000000000
8.2204081633 0.0000000000
8.2244897959 0.0000000000
8.2285714286 0.0000000000
8.2326530612 0.0000000000
8.2367346939 0.0000000000
8.2408163265 0.0000000000
8.2448979592 0.0000000000
8.2489795918 0.0000000000
8.2530612245 0.0000000000
8.2571428571 0.2958774567
8.2612244898 0.8443593979
8.2653061224 0.0000000000
8.2693877551 0.0000000000
8.2734693878 0.0000000000
8.2775510204 0.0000000000
8.2816326531 0.0000000000
8.2857142857 0.0000000000
8.2897959184 0.0000000000
8.2938775510 0.0000000000
8.2979591837 0.0000000000
8.3020408163 0.0000000000
8.3061224490 0.0000000000
8.3102040816 0.0000000000
8.3142857143 0.0000000000
8.3183673469 0.0000000000
8.3224489796 0.0000000000
8.3265306122 0.0000000000
8.3306122449 0.0000000000
8.3346938776 0.0000000000
8.3387755102 0.0000000000
8.3428571429 0.0000000000
8.3469387755 0.0000000000
8.3510204082 0.0000000000
8.3551020408 0.0000000000
8.3591836735 0.0000000000
8.3632653061 0.0000000000
8.3673469388 0.2102851868
8.3714285714 0.2001523972
8.3755102041 0.2590417862
8.3795918367 0.8118152618
8.3836734694 0.0000000000
8.3877551020 0.0000000000
8.3918367347 0.0000000000
8.3959183673 0.0000000000
8.4000000000 0.0000000000
8.4040816327 0.0000000000
8.4081632653 0.0000000000
8.4122448980 0.0000000000
8.4163265306 0.0000000000
8.4204081633 0.0000000000
8.4244897959 1.9754767418
8.4285714286 9.4919795990
8.4326530612 13.3475656509
8.4367346939 17.9303894043
8.4408163265 22.4775085449
8.4448979592 25.4439125061
8.4489795918 31.6678276062
8.4530612245 39.5387992859
8.4571428571 46.4380989075
8.4612244898 50.1863937378
8.4653061224 29.7565460205
8.4693877551 13.5039987564
8.4734693878 2.9125809669
8.4775510204 12.9841566086
8.4816326531 13.6582851410
8.4857142857 9.8328590393
8.4897959184 9.0812444687
8.4938775510 23.6210823059
8.4979591837 24.0533351898
8.5020408163 24.9610538483
8.5061224490 16.4066028595
8.5102040816 9.8658800125
8.5142857143 2.4953484535
8.5183673469 0.0208318233
8.5224489796 0.6029605865
8.5265306122 0.9458959103
8.5306122449 0.0000000000
8.5346938776 0.0000000000
8.5387755102 0.0000000000
8.5428571429 0.0000000000
8.5469387755 0.0000000000
8.5510204082 0.0000000000
8.5551020408 0.0000000000
8.5591836735 0.0000000000
8.5632653061 0.0000000000
8.5673469388 0.0000000000
8.5714285714 0.0000000000
8.5755102041 0.0000000000
8.5795918367 0.0000000000
8.5836734694 0.5522668362
8.5877551020 1.1209249496
8.5918367347 0.2478063107
8.5959183673 0.0000000000
8.6000000000 0.0000000000
8.6040816327 0.0000000000
8.6081632653 0.0000000000
8.6122448980 0.0000000000
8.6163265306 0.0000000000
8.6204081633 0.0000000000
8.6244897959 0.0000000000
8.6285714286 0.0000000000
8.6326530612 0.0000000000
8.6367346939 0.0000000000
8.6408163265 0.0000000000
8.6448979592 0.0000000000
8.6489795918 0.0000000000
8.6530612245 0.0000000000
8.6571428571 0.3303289413
8.6612244898 0.6989538670
8.6653061224 0.0000000000
8.6693877551 0.0000000000
8.6734693878 1.0496377945
8.6775510204 2.3285150528
8.6816326531 0.0000000000
8.6857142857 1.9724369049
8.6897959184 0.0000000000
8.6938775510 0.0000000000
8.6979591837 0.0000000000
8.7020408163 0.0000000000
8.7061224490 0.0000000000
8.7102040816 0.0000000000
8.7142857143 0.0000000000
8.7183673469 0.0000000000
8.7224489796 0.0000000000
8.7265306122 0.0000000000
8.7306122449 0.0000000000
8.7346938776 0.0000000000
8.7387755102 0.0000000000
8.7428571429 2.1936893463
8.7469387755 0.0000000000
8.7510204082 0.9896755219
8.7551020408 0.0000000000
8.7591836735 5.1830263138
8.7632653061 16.9242172241
8.7673469388 17.6634788513
8.7714285714 17.7527656555
8.7755102041 20.5234298706
8.7795918367 20.2425727844
8.7836734694 19.5657005310
8.7877551020 15.6981945038
8.7918367347 5.5548849106
8.7959183673 0.0000000000
8.8000000000 0.0000000000
8.8040816327 0.0000000000
8.8081632653 0.0000000000
8.8122448980 0.0000000000
8.8163265306 0.0000000000
8.8204081633 0.0000000000
8.8244897959 0.0000000000
8.8285714286 0.0000000000
8.8326530612 0.0000000000
8.8367346939 0.0000000000
8.8408163265 0.0000000000
8.8448979592 0.0000000000
8.8489795918 0.0000000000
8.8530612245 0.0000000000
8.8571428571 0.0000000000
8.8612244898 0.0000000000
8.8653061224 0.0000000000
8.8693877551 0.0000000000
8.8734693878 0.0000000000
8.8775510204 0.0000000000
8.8816326531 0.0000000000
8.8857142857 0.0000000000
8.8897959184 0.0000000000
8.8938775510 0.0000000000
8.8979591837 0.0000000000
8.9020408163 0.0000000000
8.9061224490 0.0000000000
8.9102040816 0.0000000000
8.9142857143 0.0000000000
8.9183673469 0.0000000000
8.9224489796 1.1290311813
8.9265306122 5.5900812149
8.9306122449 24.0887413025
8.9346938776 39.8969650269
8.9387755102 43.7811622620
8.9428571429 54.6506042480
8.9469387755 65.6309890747
8.9510204082 61.5057373047
8.9551020408 48.4696655273
8.9591836735 35.1513633728
8.9632653061 19.3938026428
8.9673469388 12.1829214096
8.9714285714 6.7858695984
8.9755102041 0.0000000000
8.9795918367 0.0000000000
8.9836734694 0.0000000000
8.9877551020 0.0000000000
8.9918367347 0.0000000000
8.9959183673 0.0000000000
9.0000000000 0.0000000000
9.0040816327 0.0000000000
9.0081632653 0.0000000000
9.0122448980 0.0000000000
9.0163265306 0.0000000000
9.0204081633 0.0000000000
9.0244897959 0.0000000000
9.0285714286 0.0000000000
9.0326530612 0.0000000000
9.0367346939 0.0000000000
9.0408163265 0.0000000000
9.0448979592 0.0000000000
9.0489795918 0.0000000000
9.0530612245 0.0000000000
9.0571428571 0.0000000000
9.0612244898 0.0000000000
9.0653061224 0.0000000000
9.0693877551 0.0000000000
9.0734693878 0.0000000000
9.0775510204 1.5855133533
9.0816326531 4.8625321388
9.0857142857 7.6822638512
9.0897959184 7.8011751175
9.0938775510 3.5402178764
9.0979591837 4.6701431274
9.1020408163 20.1256866455
9.1061224490 24.6233482361
9.1102040816 27.7924652100
9.1142857143 26.6465930939
9.1183673469 19.0836181641
9.1224489796 20.6011524200
9.1265306122 24.2240715027
9.1306122449 21.9097747803
9.1346938776 11.4353408813
9.1387755102 3.5859198570
9.1428571429 0.6169080734
9.1469387755 0.0000000000
9.1510204082 0.0000000000
9.1551020408 0.0000000000
9.1591836735 0.0000000000
9.1632653061 0.0000000000
9.1673469388 0.0000000000
9.1714285714 0.0000000000
9.1755102041 0.0000000000
9.1795918367 0.0000000000
9.1836734694 0.0000000000
9.1877551020 0.0000000000
9.1918367347 0.0000000000
9.1959183673 0.0000000000
9.2000000000 0.0000000000
9.2040816327 0.0000000000
9.2081632653 0.0000000000
9.2122448980 0.0000000000
9.2163265306 0.0010132790
9.2204081633 0.0000000000
9.2244897959 0.0000000000
9.2285714286 0.0000000000
9.2326530612 0.0000000000
9.2367346939 0.0000000000
9.2408163265 0.0000000000
9.2448979592 0.0000000000
9.2489795918 0.0000000000
9.2530612245 0.0000000000
9.2571428571 2.9213280678
9.2612244898 3.2293796539
9.2653061224 3.8844645023
9.2693877551 2.6155114174
9.2734693878 0.8029043674
9.2775510204 0.0000000000
9.2816326531 0.0000000000
9.2857142857 0.5273222923
9.2897959184 1.4307200909
9.2938775510 1.9347667694
9.2979591837 0.9196996689
9.3020408163 0.3110170364
9.3061224490 0.0000000000
9.3102040816 0.0000000000
9.3142857143 0.0619888306
9.3183673469 0.0000000000
9.3224489796 0.0000000000
9.3265306122 0.0000000000
9.3306122449 0.0000000000
9.3346938776 0.0000000000
9.3387755102 0.5217790604
9.3428571429 1.4274120331
9.3469387755 2.5238990784
9.3510204082 0.0000000000
9.3551020408 0.0000000000
9.3591836735 0.0000000000
9.3632653061 0.0000000000
9.3673469388 0.0000000000
9.3714285714 0.0000000000
9.3755102041 0.0000000000
9.3795918367 0.0000000000
9.3836734694 0.0000000000
9.3877551020 0.0000000000
9.3918367347 3.3837604523
9.3959183673 6.3554944992
9.4000000000 13.7302579880
9.4040816327 32.3960304260
9.4081632653 52.6483840942
9.4122448980 55.1179656982
9.4163265306 44.2971572876
9.4204081633 31.9296722412
9.4244897959 27.0843811035
9.4285714286 20.5583572388
9.4326530612 17.3073997498
9.4367346939 6.0145854950
9.4408163265 0.3163814545
9.4448979592 0.0000000000
9.4489795918 0.0000000000
9.4530612245 0.0000000000
9.4571428571 0.0000000000
9.4612244898 0.0000000000
9.4653061224 0.0000000000
9.4693877551 0.0000000000
9.4734693878 0.0000000000
9.4775510204 0.0000000000
9.4816326531 0.0000000000
9.4857142857 0.0000000000
9.4897959184 0.0000000000
9.4938775510 0.0000000000
9.4979591837 0.0000000000
9.5020408163 0.0000000000
9.5061224490 0.0000000000
9.5102040816 0.0000000000
9.5142857143 0.0000000000
9.5183673469 0.0000000000
9.5224489796 0.0000000000
9.5265306122 0.0000000000
9.5306122449 0.0000000000
9.5346938776 0.0000000000
9.5387755102 0.0000000000
9.5428571429 0.0000000000
9.5469387755 0.0000000000
9.5510204082 0.0000000000
9.5551020408 0.0000000000
9.5591836735 0.0000000000
9.5632653061 0.0000000000
9.5673469388 0.0000000000
9.5714285714 0.0000000000
9.5755102041 0.0000000000
9.5795918367 0.0000000000
9.5836734694 0.0000000000
9.5877551020 0.0000000000
9.5918367347 0.0000000000
9.5959183673 0.0000000000
9.6000000000 0.0000000000
9.6040816327 0.0000000000
9.6081632653 0.0000000000
9.6122448980 0.0000000000
9.6163265306 0.0000000000
9.6204081633 0.0000000000
9.6244897959 6.9915056229
9.6285714286 6.5888018608
9.6326530612 14.6262645721
9.6367346939 24.0257225037
9.6408163265 61.7989273071
9.6448979592 89.0777435303
9.6489795918 87.6663665771
9.6530612245 83.0253372192
9.6571428571 79.9698791504
9.6612244898 67.2844009399
9.6653061224 47.8490486145
9.6693877551 28.0163059235
9.6734693878 13.5041999817
9.6775510204 0.0000000000
9.6816326531 0.0000000000
9.6857142857 0.0000000000
9.6897959184 0.0000000000
9.6938775510 0.0000000000
9.6979591837 0.0000000000
9.7020408163 7.8580379486
9.7061224490 46.2456932068
9.7102040816 69.6933288574
9.7142857143 88.6357421875
9.7183673469 109.2171630859
9.7224489796 111.4072799683
9.7265306122 102.7827224731
9.7306122449 86.2084655762
9.7346938776 69.3029785156
9.7387755102 53.2402992249
9.7428571429 41.6497573853
9.7469387755 35.7170715332
9.7510204082 20.7564830780
9.7551020408 11.7300748825
9.7591836735 0.2827644348
9.7632653061 0.0000000000
9.7673469388 0.0000000000
9.7714285714 0.0000000000
9.7755102041 0.0000000000
9.7795918367 0.0000000000
9.7836734694 0.0000000000
9.7877551020 0.0000000000
9.7918367347 0.0000000000
9.7959183673 0.0000000000
9.8000000000 0.0000000000
9.8040816327 0.0000000000
9.8081632653 0.0000000000
9.8122448980 0.0000000000
9.8163265306 0.0000000000
9.8204081633 0.0000000000
9.8244897959 0.0000000000
9.8285714286 0.0000000000
9.8326530612 0.0000000000
9.8367346939 0.0000000000
9.8408163265 0.0000000000
9.8448979592 0.0000000000
9.8489795918 0.0000000000
9.8530612245 0.0000000000
9.8571428571 0.0000000000
9.8612244898 0.0000000000
9.8653061224 0.0000000000
9.8693877551 0.0000000000
9.8734693878 0.0000000000
9.8775510204 0.0000000000
9.8816326531 0.0000000000
9.8857142857 0.0000000000
9.8897959184 0.0000000000
9.8938775510 0.0000000000
9.8979591837 0.0000000000
9.9020408163 0.0000000000
9.9061224490 0.0000000000
9.9102040816 0.0000000000
9.9142857143 0.0000000000
9.9183673469 0.0000000000
9.9224489796 0.0000000000
9.9265306122 0.0000000000
9.9306122449 0.0000000000
9.9346938776 0.0000000000
9.9387755102 0.0000000000
9.9428571429 0.0000000000
9.9469387755 0.0000000000
9.9510204082 0.0721216202
9.9551020408 0.0000000000
9.9591836735 0.0000000000
9.9632653061 0.0000000000
9.9673469388 0.0000000000
9.9714285714 0.0000000000
9.9755102041 0.1940727234
9.9795918367 3.6402344704
9.9836734694 4.7063827515
9.9877551020 2.8262138367
9.9918367347 0.4276037216
9.9959183673 2.4535059929
10.0000000000 2.4093389511
10.0040816327 8.1313848495
10.0081632653 16.2584190369
10.0122448980 17.5848007202
10.0163265306 27.3061981201
10.0204081633 40.0576286316
10.0244897959 53.3118247986
10.0285714286 64.3215484619
10.0326530612 67.2346343994
10.0367346939 56.1490631104
10.0408163265 52.3069496155
10.0448979592 41.9433097839
10.0489795918 31.3287372589
10.0530612245 21.4089164734
10.0571428571 14.7371864319
10.0612244898 7.1008038521
10.0653061224 0.0000000000
10.0693877551 0.0000000000
10.0734693878 0.0000000000
10.0775510204 0.0000000000
10.0816326531 0.0000000000
10.0857142857 0.0000000000
10.0897959184 0.0000000000
10.0938775510 0.0000000000
10.0979591837 0.0000000000
10.1020408163 0.0000000000
10.1061224490 0.0000000000
10.1102040816 0.0000000000
10.1142857143 0.0000000000
10.1183673469 0.0000000000
10.1224489796 0.0000000000
10.1265306122 0.0000000000
10.1306122449 0.0000000000
10.1346938776 0.0000000000
10.1387755102 0.0000000000
10.1428571429 0.0000000000
10.1469387755 0.0000000000
10.1510204082 0.0000000000
10.1551020408 0.0000000000
10.1591836735 0.0000000000
10.1632653061 0.0000000000
10.1673469388 0.0000000000
10.1714285714 0.0000000000
10.1755102041 0.0000000000
10.1795918367 0.0000000000
10.1836734694 0.0000000000
10.1877551020 0.0000000000
10.1918367347 0.0000000000
10.1959183673 0.0000000000
10.2000000000 0.0000000000
10.2040816327 0.0000000000
10.2081632653 0.6104111671
10.2122448980 0.0000000000
10.2163265306 0.0000000000
10.2204081633 0.0000000000
10.2244897959 0.0000000000
10.2285714286 0.0000000000
10.2326530612 0.0000000000
10.2367346939 0.0000000000
10.2408163265 0.0000000000
10.2448979592 0.0000000000
10.2489795918 0.0000000000
10.2530612245 0.0000000000
10.2571428571 0.0000000000
10.2612244898 0.0000000000
10.2653061224 0.0000000000
10.2693877551 0.0000000000
10.2734693878 0.0000000000
10.2775510204 2.7717947960
10.2816326531 10.1674833298
10.2857142857 16.4722785950
10.2897959184 26.5199241638
10.2938775510 39.0883102417
10.2979591837 39.4139862061
10.3020408163 32.5669631958
10.3061224490 23.0360031128
10.3102040816 19.3968563080
10.3142857143 9.7376995087
10.3183673469 3.2901315689
10.3224489796 14.5248470306
10.3265306122 22.0879917145
10.3306122449 37.4730834961
10.3346938776 60.3005905151
10.3387755102 85.3191680908
10.3428571429 98.5816116333
10.3469387755 98.1682281494
10.3510204082 88.7506561279
10.3551020408 71.2417602539
10.3591836735 54.6745643616
10.3632653061 43.9831008911
10.3673469388 33.5195083618
10.3714285714 19.2341804504
10.3755102041 7.1734786034
10.3795918367 2.1381974220
10.3836734694 0.1438260078
10.3877551020 0.0000000000
10.3918367347 0.0000000000
10.3959183673 0.0000000000
10.4000000000 0.0000000000
10.4040816327 0.0000000000
10.4081632653 0.0000000000
10.4122448980 0.0000000000
10.4163265306 0.0000000000
10.4204081633 0.0000000000
10.4244897959 0.0000000000
10.4285714286 0.0000000000
10.4326530612 0.0000000000
10.4367346939 1.7070174217
10.4408163265 0.7783174515
10.4448979592 0.8247494698
10.4489795918 0.7603168488
10.4530612245 0.0000000000
10.4571428571 0.0000000000
10.4612244898 0.0000000000
10.4653061224 0.0000000000
10.4693877551 0.0000000000
10.4734693878 0.0000000000
10.4775510204 0.0000000000
10.4816326531 0.0000000000
10.4857142857 0.0000000000
10.4897959184 0.0000000000
10.4938775510 0.0000000000
10.4979591837 0.0000000000
10.5020408163 0.0000000000
10.5061224490 0.0000000000
10.5102040816 0.0000000000
10.5142857143 0.0000000000
10.5183673469 0.0000000000
10.5224489796 0.0000000000
10.5265306122 0.0337362289
10.5306122449 0.0000000000
10.5346938776 0.0000000000
10.5387755102 0.0000000000
10.5428571429 0.0000000000
10.5469387755 0.0000000000
10.5510204082 0.0000000000
10.5551020408 0.0000000000
10.5591836735 0.0000000000
10.5632653061 0.0000000000
10.5673469388 0.0000000000
10.5714285714 0.0000000000
10.5755102041 0.0000000000
10.5795918367 0.0000000000
10.5836734694 0.0000000000
10.5877551020 0.0000000000
10.5918367347 0.0000000000
10.5959183673 0.0000000000
10.6000000000 0.0000000000
10.6040816327 0.0000000000
10.6081632653 0.0000000000
10.6122448980 0.0000000000
10.6163265306 0.0000000000
10.6204081633 0.4224777222
10.6244897959 3.5519599915
10.6285714286 3.8664340973
10.6326530612 12.3183431625
10.6367346939 15.0844154358
10.6408163265 15.1799621582
10.6448979592 23.3464832306
10.6489795918 26.7353363037
10.6530612245 23.8375205994
10.6571428571 17.4909820557
10.6612244898 7.5652599335
10.6653061224 0.0000000000
10.6693877551 0.0000000000
10.6734693878 3.9018988609
10.6775510204 1.1135339737
10.6816326531 0.5646944046
10.6857142857 0.0000000000
10.6897959184 0.0000000000
10.6938775510 0.0000000000
10.6979591837 0.0000000000
10.7020408163 1.1231899261
10.7061224490 0.0000000000
10.7102040816 0.0000000000
10.7142857143 0.0000000000
10.7183673469 0.0000000000
10.7224489796 0.0000000000
10.7265306122 0.0000000000
10.7306122449 0.0000000000
10.7346938776 0.0000000000
10.7387755102 0.0000000000
10.7428571429 0.0000000000
10.7469387755 0.0000000000
10.7510204082 0.0000000000
10.7551020408 0.0000000000
10.7591836735 0.0000000000
10.7632653061 0.0000000000
10.7673469388 0.0000000000
10.7714285714 0.0000000000
10.7755102041 0.0000000000
10.7795918367 0.0000000000
10.7836734694 0.4987716675
10.7877551020 0.0000000000
10.7918367347 0.0000000000
10.7959183673 0.0000000000
10.8000000000 0.0000000000
10.8040816327 0.0000000000
10.8081632653 0.0000000000
10.8122448980 0.0000000000
10.8163265306 0.0000000000
10.8204081633 0.0000000000
10.8244897959 0.0000000000
10.8285714286 0.0000000000
10.8326530612 0.0000000000
10.8367346939 0.0000000000
10.8408163265 0.0000000000
10.8448979592 0.0000000000
10.8489795918 0.0000000000
10.8530612245 0.0000000000
10.8571428571 0.0000000000
10.8612244898 0.0000000000
10.8653061224 0.0000000000
10.8693877551 0.0000000000
10.8734693878 0.0000000000
10.8775510204 0.0000000000
10.8816326531 0.0000000000
10.8857142857 0.0000000000
10.8897959184 0.0000000000
10.8938775510 0.0000000000
10.8979591837 0.0000000000
10.9020408163 0.0000000000
10.9061224490 4.5611710548
10.9102040816 7.8898520470
10.9142857143 15.9448537827
10.9183673469 29.8283691406
10.9224489796 39.0462570190
10.9265306122 40.8855667114
10.9306122449 77.3809585571
10.9346938776 78.6442413330
10.9387755102 105.8951034546
10.9428571429 103.7757415771
10.9469387755 98.0581054688
10.9510204082 88.0503692627
10.9551020408 75.4635314941
10.9591836735 60.8980636597
10.9632653061 46.2398834229
10.9673469388 30.8336029053
10.9714285714 20.7290649414
10.9755102041 6.4216852188
10.9795918367 0.0000000000
10.9836734694 0.0000000000
10.9877551020 0.0000000000
10.9918367347 0.0000000000
10.9959183673 0.0000000000
11.0000000000 0.0000000000
11.0040816327 0.0000000000
11.0081632653 0.0000000000
11.0122448980 0.0000000000
11.0163265306 0.0000000000
11.0204081633 0.0000000000
11.0244897959 0.0000000000
11.0285714286 0.0000000000
11.0326530612 0.0000000000
11.0367346939 0.0000000000
11.0408163265 0.0000000000
11.0448979592 0.0000000000
11.0489795918 0.0000000000
11.0530612245 0.0000000000
11.0571428571 0.0000000000
11.0612244898 0.0000000000
11.0653061224 0.0000000000
11.0693877551 0.7930994034
11.0734693878 0.0000000000
11.0775510204 0.0000000000
11.0816326531 0.0000000000
11.0857142857 0.0000000000
11.0897959184 0.0000000000
11.0938775510 0.0000000000
11.0979591837 0.0000000000
11.1020408163 0.0000000000
11.1061224490 0.0000000000
11.1102040816 0.0000000000
11.1142857143 0.0000000000
11.1183673469 0.0000000000
11.1224489796 0.0000000000
11.1265306122 0.0000000000
11.1306122449 0.0000000000
11.1346938776 0.0000000000
11.1387755102 0.0000000000
11.1428571429 0.0000000000
11.1469387755 0.0000000000
11.1510204082 0.0000000000
11.1551020408 0.0000000000
11.1591836735 0.0000000000
11.1632653061 0.0000000000
11.1673469388 0.0000000000
11.1714285714 0.0000000000
11.1755102041 0.0000000000
11.1795918367 7.3190927505
11.1836734694 9.8009109497
11.1877551020 12.6181688309
11.1918367347 19.0254001617
11.1959183673 19.1066417694
11.2000000000 21.5134773254
11.2040816327 35.5577468872
11.2081632653 35.7769737244
11.2122448980 29.8738479614
11.2163265306 26.8582687378
11.2204081633 18.5813903809
11.2244897959 7.2163639069
11.2285714286 0.0000000000
11.2326530612 0.0000000000
11.2367346939 0.0000000000
11.2408163265 0.0000000000
11.2448979592 0.0000000000
11.2489795918 0.0000000000
11.2530612245 0.0000000000
11.2571428571 0.0000000000
11.2612244898 0.0000000000
11.2653061224 0.0000000000
11.2693877551 0.0000000000
11.2734693878 0.0000000000
11.2775510204 0.0000000000
11.2816326531 0.0000000000
11.2857142857 0.0000000000
11.2897959184 0.0000000000
11.2938775510 0.0000000000
11.2979591837 0.0000000000
11.3020408163 0.0000000000
11.3061224490 0.0000000000
11.3102040816 0.0000000000
11.3142857143 0.0000000000
11.3183673469 0.0000000000
11.3224489796 0.0000000000
11.3265306122 0.0000000000
11.3306122449 0.0000000000
11.3346938776 0.0000000000
11.3387755102 0.0000000000
11.3428571429 0.0000000000
11.3469387755 0.0000000000
11.3510204082 0.0000000000
11.3551020408 0.0000000000
11.3591836735 0.0000000000
11.3632653061 0.0000000000
11.3673469388 0.0000000000
11.3714285714 0.0000000000
11.3755102041 0.0000000000
11.3795918367 1.0521411896
11.3836734694 1.5070438385
11.3877551020 3.7378072739
11.3918367347 3.1142234802
11.3959183673 0.0000000000
11.4000000000 0.0000000000
11.4040816327 0.0000000000
11.4081632653 0.0000000000
11.4122448980 0.0000000000
11.4163265306 0.0000000000
11.4204081633 0.0000000000
11.4244897959 0.0000000000
11.4285714286 0.0000000000
11.4326530612 0.0000000000
11.4367346939 0.0000000000
11.4408163265 0.0000000000
11.4448979592 0.0000000000
11.4489795918 0.0000000000
11.4530612245 0.0000000000
11.4571428571 0.0000000000
11.4612244898 0.0000000000
11.4653061224 0.0000000000
11.4693877551 0.0000000000
11.4734693878 0.0000000000
11.4775510204 0.0000000000
11.4816326531 0.0000000000
11.4857142857 0.0000000000
11.4897959184 0.0000000000
11.4938775510 0.0000000000
11.4979591837 0.0000000000
11.5020408163 0.0000000000
11.5061224490 0.0000000000
11.5102040816 0.0000000000
11.5142857143 0.0000000000
11.5183673469 0.0000000000
11.5224489796 0.0000000000
11.5265306122 0.0000000000
11.5306122449 0.0000000000
11.5346938776 0.0000000000
11.5387755102 13.7035846710
11.5428571429 58.6862258911
11.5469387755 103.5740661621
11.5510204082 110.6171569824
11.5551020408 129.8353729248
11.5591836735 147.9852294922
11.5632653061 122.7223815918
11.5673469388 116.8661041260
11.5714285714 88.6377716064
11.5755102041 61.2102737427
11.5795918367 37.4087104797
11.5836734694 25.7527828217
11.5877551020 13.7802362442
11.5918367347 1.8512010574
11.5959183673 0.0000000000
11.6000000000 0.0000000000
11.6040816327 0.0000000000
11.6081632653 0.0000000000
11.6122448980 0.0000000000
11.6163265306 0.0000000000
11.6204081633 0.0000000000
11.6244897959 0.0000000000
11.6285714286 0.0000000000
11.6326530612 0.0000000000
11.6367346939 0.0000000000
11.6408163265 0.0000000000
11.6448979592 0.0000000000
11.6489795918 0.0000000000
11.6530612245 0.0000000000
11.6571428571 0.0000000000
11.6612244898 0.0000000000
11.6653061224 0.0000000000
11.6693877551 0.0000000000
11.6734693878 0.0000000000
11.6775510204 0.0000000000
11.6816326531 0.0000000000
11.6857142857 0.0000000000
11.6897959184 0.0000000000
11.6938775510 0.0000000000
11.6979591837 0.0000000000
11.7020408163 0.0000000000
11.7061224490 0.0000000000
11.7102040816 0.0000000000
11.7142857143 0.0000000000
11.7183673469 0.0000000000
11.7224489796 0.0000000000
11.7265306122 0.0000000000
11.7306122449 0.0000000000
11.7346938776 0.0000000000
11.7387755102 0.0000000000
11.7428571429 0.0000000000
11.7469387755 0.0000000000
11.7510204082 0.0000000000
11.7551020408 0.0000000000
11.7591836735 0.0000000000
11.7632653061 0.0000000000
11.7673469388 0.0000000000
11.7714285714 0.0000000000
11.7755102041 0.0000000000
11.7795918367 0.0000000000
11.7836734694 0.0000000000
11.7877551020 0.0000000000
11.7918367347 0.0000000000
11.7959183673 1.2519359589
11.8000000000 2.6727914810
11.8040816327 5.4421424866
11.8081632653 1.3202204704
11.8122448980 2.0718798637
11.8163265306 1.8985271454
11.8204081633 2.3432226181
11.8244897959 0.0000000000
11.8285714286 4.3707118034
11.8326530612 18.8848686218
11.8367346939 12.8185005188
11.8408163265 18.8832702637
11.8448979592 26.0212364197
11.8489795918 32.2107086182
11.8530612245 34.6387557983
11.8571428571 33.4174652100
11.8612244898 32.3638992310
11.8653061224 17.8906497955
11.8693877551 8.8060407639
11.8734693878 8.8618717194
11.8775510204 0.0833272934
11.8816326531 0.0000000000
11.8857142857 0.0000000000
11.8897959184 0.0000000000
11.8938775510 0.0000000000
11.8979591837 0.0000000000
11.9020408163 0.0000000000
11.9061224490 0.0000000000
11.9102040816 0.0000000000
11.9142857143 0.0000000000
11.9183673469 0.0000000000
11.9224489796 0.0000000000
11.9265306122 0.0000000000
11.9306122449 0.0000000000
11.9346938776 0.0000000000
11.9387755102 0.0000000000
11.9428571429 0.0000000000
11.9469387755 0.0000000000
11.9510204082 0.0000000000
11.9551020408 0.0000000000
11.9591836735 0.0000000000
11.9632653061 0.0000000000
11.9673469388 0.0000000000
11.9714285714 0.0000000000
11.9755102041 0.0000000000
11.9795918367 0.0000000000
11.9836734694 0.0000000000
11.9877551020 0.0000000000
11.9918367347 0.0000000000
11.9959183673 0.0000000000
12.0000000000 0.9721815586
12.0040816327 0.0000000000
12.0081632653 0.0000000000
12.0122448980 0.0000000000
12.0163265306 1.9037723541
12.0204081633 5.9512853622
12.0244897959 11.8283634186
12.0285714286 21.9593048096
12.0326530612 31.3031082153
12.0367346939 52.0151367188
12.0408163265 67.0307083130
12.0448979592 75.2807312012
12.0489795918 82.2495193481
12.0530612245 73.7150878906
12.0571428571 61.9915733337
12.0612244898 59.1614837646
12.0653061224 43.2007026672
12.0693877551 29.8932342529
12.0734693878 18.5338706970
12.0775510204 5.0315408707
12.0816326531 0.0000000000
12.0857142857 0.0000000000
12.0897959184 0.0000000000
12.0938775510 0.0000000000
12.0979591837 0.0000000000
12.1020408163 0.0000000000
12.1061224490 0.0000000000
12.1102040816 0.0000000000
12.1142857143 0.0000000000
12.1183673469 2.0448863506
12.1224489796 1.0819435120
12.1265306122 0.0000000000
12.1306122449 0.0000000000
12.1346938776 0.0000000000
12.1387755102 0.0000000000
12.1428571429 0.0000000000
12.1469387755 0.0000000000
12.1510204082 0.0000000000
12.1551020408 0.0000000000
12.1591836735 0.9686946869
12.1632653061 9.3014240265
12.1673469388 18.2360706329
12.1714285714 24.6852035522
12.1755102041 26.4672622681
12.1795918367 27.7210464478
12.1836734694 28.4878005981
12.1877551020 22.1956977844
12.1918367347 24.0131626129
12.1959183673 14.8568744659
12.2000000000 7.3414444923
12.2040816327 0.0642240047
12.2081632653 0.0000000000
12.2122448980 0.0000000000
12.2163265306 0.0000000000
12.2204081633 0.0000000000
12.2244897959 0.0000000000
12.2285714286 0.0000000000
12.2326530612 0.0000000000
12.2367346939 0.0000000000
12.2408163265 0.0000000000
12.2448979592 0.0000000000
12.2489795918 0.0000000000
12.2530612245 0.0000000000
12.2571428571 0.0000000000
12.2612244898 0.0000000000
12.2653061224 0.0000000000
12.2693877551 0.0000000000
12.2734693878 0.0000000000
12.2775510204 0.0000000000
12.2816326531 0.0000000000
12.2857142857 0.0000000000
12.2897959184 0.0000000000
12.2938775510 0.0000000000
12.2979591837 0.0000000000
12.3020408163 0.0000000000
12.3061224490 0.0000000000
12.3102040816 0.0000000000
12.3142857143 0.0000000000
12.3183673469 0.0000000000
12.3224489796 0.0000000000
12.3265306122 0.0000000000
12.3306122449 5.3555221558
12.3346938776 18.5970954895
12.3387755102 28.3181972504
12.3428571429 38.8827323914
12.3469387755 46.8446044922
12.3510204082 46.5555191040
12.3551020408 40.3832206726
12.3591836735 22.5192909241
12.3632653061 9.8263320923
12.3673469388 9.7073316574
12.3714285714 8.2738399506
12.3755102041 1.5476346016
12.3795918367 0.0000000000
12.3836734694 0.0000000000
12.3877551020 0.0000000000
12.3918367347 0.0000000000
12.3959183673 0.0000000000
12.4000000000 0.0000000000
12.4040816327 0.0000000000
12.4081632653 0.0000000000
12.4122448980 0.0000000000
12.4163265306 0.0000000000
12.4204081633 0.0000000000
12.4244897959 0.0000000000
12.4285714286 0.0000000000
12.4326530612 0.0000000000
12.4367346939 0.0000000000
12.4408163265 0.0000000000
12.4448979592 0.0000000000
12.4489795918 0.0000000000
12.4530612245 0.0000000000
12.4571428571 0.0000000000
12.4612244898 0.0000000000
12.4653061224 0.0000000000
12.4693877551 0.0000000000
12.4734693878 0.4055947065
12.4775510204 1.4347285032
12.4816326531 0.9340941906
12.4857142857 0.8329749107
12.4897959184 7.0504097939
12.4938775510 17.2764968872
12.4979591837 24.1408653259
12.5020408163 34.4215621948
12.5061224490 44.5970916748
12.5102040816 44.6755294800
12.5142857143 41.1458587646
12.5183673469 34.6024627686
12.5224489796 30.0117721558
12.5265306122 21.9657421112
12.5306122449 6.8699417114
12.5346938776 1.7380267382
12.5387755102 0.0000000000
12.5428571429 0.0000000000
12.5469387755 0.0000000000
12.5510204082 0.0000000000
12.5551020408 0.0000000000
12.5591836735 0.0000000000
12.5632653061 0.0000000000
12.5673469388 1.5864968300
12.5714285714 2.3719072342
12.5755102041 1.1080354452
12.5795918367 0.0000000000
12.5836734694 0.0000000000
12.5877551020 0.0000000000
12.5918367347 0.0000000000
12.5959183673 0.0000000000
12.6000000000 0.0000000000
12.6040816327 0.0000000000
12.6081632653 0.0000000000
12.6122448980 0.0000000000
12.6163265306 0.0000000000
12.6204081633 0.0000000000
12.6244897959 0.0000000000
12.6285714286 0.0000000000
12.6326530612 0.0000000000
12.6367346939 0.0000000000
12.6408163265 0.0000000000
12.6448979592 0.0000000000
12.6489795918 0.0000000000
12.6530612245 0.0000000000
12.6571428571 0.0000000000
12.6612244898 0.0000000000
12.6653061224 0.0000000000
12.6693877551 0.0000000000
12.6734693878 0.0000000000
12.6775510204 0.0000000000
12.6816326531 0.0000000000
12.6857142857 0.0000000000
12.6897959184 0.0000000000
12.6938775510 0.0000000000
12.6979591837 0.0000000000
12.7020408163 0.0000000000
12.7061224490 0.0000000000
12.7102040816 0.0000000000
12.7142857143 0.0000000000
12.7183673469 0.0000000000
12.7224489796 0.0000000000
12.7265306122 0.0000000000
12.7306122449 0.0000000000
12.7346938776 0.0000000000
12.7387755102 0.0000000000
12.7428571429 0.0000000000
12.7469387755 0.0000000000
12.7510204082 0.0000000000
12.7551020408 0.2845376730
12.7591836735 2.9177665710
12.7632653061 4.5120491982
12.7673469388 5.2365512848
12.7714285714 8.9903812408
12.7755102041 19.8251609802
12.7795918367 20.0915184021
12.7836734694 49.8502120972
12.7877551020 52.8999557495
12.7918367347 53.9234313965
12.7959183673 73.2694854736
12.8000000000 84.7596511841
12.8040816327 79.5810546875
12.8081632653 90.3674087524
12.8122448980 83.9352874756
12.8163265306 87.2425994873
12.8204081633 88.8870925903
12.8244897959 68.8048553467
12.8285714286 54.0580749512
12.8326530612 39.7847595215
12.8367346939 25.2858409882
12.8408163265 8.2786083221
12.8448979592 0.0000000000
12.8489795918 0.0000000000
12.8530612245 0.0000000000
12.8571428571 0.0000000000
12.8612244898 0.0000000000
12.8653061224 0.0000000000
12.8693877551 0.0000000000
12.8734693878 0.0000000000
12.8775510204 0.0000000000
12.8816326531 0.0000000000
12.8857142857 0.0000000000
12.8897959184 0.0000000000
12.8938775510 0.0000000000
12.8979591837 0.0000000000
12.9020408163 0.0000000000
12.9061224490 0.0000000000
12.9102040816 0.0000000000
12.9142857143 0.0000000000
12.9183673469 0.0000000000
12.9224489796 0.0000000000
12.9265306122 0.0000000000
12.9306122449 0.0000000000
12.9346938776 0.0000000000
12.9387755102 0.0000000000
12.9428571429 0.0000000000
12.9469387755 0.0000000000
12.9510204082 0.0000000000
12.9551020408 0.0000000000
12.9591836735 0.0000000000
12.9632653061 0.0000000000
12.9673469388 0.0000000000
12.9714285714 0.0000000000
12.9755102041 0.0000000000
12.9795918367 0.0000000000
12.9836734694 0.0000000000
12.9877551020 0.0000000000
12.9918367347 0.0000000000
12.9959183673 0.0000000000
13.0000000000 0.0000000000
13.0040816327 0.0000000000
13.0081632653 0.0000000000
13.0122448980 0.0000000000
13.0163265306 0.0000000000
13.0204081633 0.0000000000
13.0244897959 0.0000000000
13.0285714286 0.0000000000
13.0326530612 0.0000000000
13.0367346939 0.0000000000
13.0408163265 0.0000000000
13.0448979592 0.0000000000
13.0489795918 0.0000000000
13.0530612245 0.0000000000
13.0571428571 0.0000000000
13.0612244898 0.0000000000
13.0653061224 0.0000000000
13.0693877551 0.0000000000
13.0734693878 0.0000000000
13.0775510204 0.0000000000
13.0816326531 0.0000000000
13.0857142857 0.0000000000
13.0897959184 0.0000000000
13.0938775510 0.0000000000
13.0979591837 0.0000000000
13.1020408163 0.0000000000
13.1061224490 3.6042034626
13.1102040816 26.8346958160
13.1142857143 49.2756233215
13.1183673469 77.3061523438
13.1224489796 107.0575942993
13.1265306122 116.2060470581
13.1306122449 102.1095504761
13.1346938776 87.2525558472
13.1387755102 65.0190124512
13.1428571429 53.6255683899
13.1469387755 44.2209548950
13.1510204082 32.6486968994
13.1551020408 24.5157222748
13.1591836735 8.0307426453
13.1632653061 0.0000000000
13.1673469388 1.1896305084
13.1714285714 0.0000000000
13.1755102041 0.0000000000
13.1795918367 0.0000000000
13.1836734694 0.0000000000
13.1877551020 0.0000000000
13.1918367347 0.0000000000
13.1959183673 0.0000000000
13.2000000000 0.0000000000
13.2040816327 0.0000000000
13.2081632653 0.0000000000
13.2122448980 0.0000000000
13.2163265306 0.0000000000
13.2204081633 0.0000000000
13.2244897959 0.0000000000
13.2285714286 0.0000000000
13.2326530612 0.0000000000
13.2367346939 0.0000000000
13.2408163265 0.0000000000
13.2448979592 0.0000000000
13.2489795918 0.0000000000
13.2530612245 0.0000000000
13.2571428571 0.0000000000
13.2612244898 4.2252540588
13.2653061224 20.7111835480
13.2693877551 57.4207916260
13.2734693878 88.1900787354
13.2775510204 121.5195007324
13.2816326531 119.9006423950
13.2857142857 99.7413406372
13.2897959184 85.0474853516
13.2938775510 71.1861572266
13.2979591837 48.7011337280
13.3020408163 29.6353988647
13.3061224490 11.0306444168
13.3102040816 0.0000000000
13.3142857143 0.0000000000
13.3183673469 0.0000000000
13.3224489796 0.0000000000
13.3265306122 0.0000000000
13.3306122449 0.0000000000
13.3346938776 0.0000000000
13.3387755102 0.0000000000
13.3428571429 0.0000000000
13.3469387755 0.0000000000
13.3510204082 0.0000000000
13.3551020408 0.0000000000
13.3591836735 0.0000000000
13.3632653061 0.0000000000
13.3673469388 0.0000000000
13.3714285714 0.0000000000
13.3755102041 0.0000000000
13.3795918367 0.0000000000
13.3836734694 0.0000000000
13.3877551020 0.9149760008
13.3918367347 4.5089721680
13.3959183673 11.0570793152
13.4000000000 16.5754547119
13.4040816327 27.2454032898
13.4081632653 41.3273544312
13.4122448980 58.7833786011
13.4163265306 71.3602600098
13.4204081633 65.4580001831
13.4244897959 48.1181755066
13.4285714286 32.8172454834
13.4326530612 28.9891967773
13.4367346939 14.8983001709
13.4408163265 6.9288015366
13.4448979592 1.1943578720
13.4489795918 0.0000000000
13.4530612245 0.0000000000
13.4571428571 0.0000000000
13.4612244898 0.0000000000
13.4653061224 0.0000000000
13.4693877551 0.0000000000
13.4734693878 0.0000000000
13.4775510204 0.0000000000
13.4816326531 0.0000000000
13.4857142857 0.0000000000
13.4897959184 0.0000000000
13.4938775510 0.0000000000
13.4979591837 0.0000000000
13.5020408163 0.0000000000
13.5061224490 0.0000000000
13.5102040816 0.0000000000
13.5142857143 0.0000000000
13.5183673469 0.0000000000
13.5224489796 0.0000000000
13.5265306122 0.0000000000
13.5306122449 0.0000000000
13.5346938776 0.0000000000
13.5387755102 0.0000000000
13.5428571429 0.0000000000
13.5469387755 4.7248601913
13.5510204082 14.9357910156
13.5551020408 22.7379188538
13.5591836735 30.6116333008
13.5632653061 37.4641723633
13.5673469388 32.4749946594
13.5714285714 25.9398746490
13.5755102041 20.2354202271
13.5795918367 8.2863569260
13.5836734694 3.4561753273
13.5877551020 0.0000000000
13.5918367347 0.0000000000
13.5959183673 0.0000000000
13.6000000000 0.0000000000
13.6040816327 0.0000000000
13.6081632653 0.0000000000
13.6122448980 0.0000000000
13.6163265306 0.0000000000
13.6204081633 0.0000000000
13.6244897959 0.0000000000
13.6285714286 0.0000000000
13.6326530612 0.0000000000
13.6367346939 1.2360811234
13.6408163265 3.0582547188
13.6448979592 7.0780963898
13.6489795918 28.7052993774
13.6530612245 40.1893844604
13.6571428571 42.2159423828
13.6612244898 44.1251831055
13.6653061224 38.1818847656
13.6693877551 23.6130657196
13.6734693878 6.2936544418
13.6775510204 0.0000000000
13.6816326531 0.0000000000
13.6857142857 0.0000000000
13.6897959184 0.0000000000
13.6938775510 0.0000000000
13.6979591837 0.0000000000
13.7020408163 0.0000000000
13.7061224490 0.0000000000
13.7102040816 0.0000000000
13.7142857143 0.0000000000
13.7183673469 0.0000000000
13.7224489796 0.0000000000
13.7265306122 0.0000000000
13.7306122449 0.0000000000
13.7346938776 0.0000000000
13.7387755102 0.0000000000
13.7428571429 0.0000000000
13.7469387755 0.0000000000
13.7510204082 0.0000000000
13.7551020408 0.0000000000
13.7591836735 0.0000000000
13.7632653061 0.0000000000
13.7673469388 0.0000000000
13.7714285714 0.0000000000
13.7755102041 0.0000000000
13.7795918367 0.8397102356
13.7836734694 1.8308162689
13.7877551020 0.8717775345
13.7918367347 0.0085830688
13.7959183673 0.0000000000
13.8000000000 0.0000000000
13.8040816327 0.0000000000
13.8081632653 0.0000000000
13.8122448980 0.0000000000
13.8163265306 0.0000000000
13.8204081633 0.0000000000
13.8244897959 0.0000000000
13.8285714286 0.0000000000
13.8326530612 0.0000000000
13.8367346939 0.0000000000
13.8408163265 0.0000000000
13.8448979592 0.0000000000
13.8489795918 0.0000000000
13.8530612245 0.0000000000
13.8571428571 0.0000000000
13.8612244898 0.0000000000
13.8653061224 0.0000000000
13.8693877551 0.0000000000
13.8734693878 0.0000000000
13.8775510204 0.0000000000
13.8816326531 0.0000000000
13.8857142857 0.0000000000
13.8897959184 0.0000000000
13.8938775510 0.0000000000
13.8979591837 0.0000000000
13.9020408163 0.0000000000
13.9061224490 0.0000000000
13.9102040816 0.0000000000
13.9142857143 0.0000000000
13.9183673469 4.2628049850
13.9224489796 17.0365562439
13.9265306122 30.9315338135
13.9306122449 42.1572036743
13.9346938776 46.5498428345
13.9387755102 53.6024246216
13.9428571429 64.8540420532
13.9469387755 56.4328422546
13.9510204082 34.5046539307
13.9551020408 16.5315856934
13.9591836735 8.6044673920
13.9632653061 4.3485164642
13.9673469388 0.0000000000
13.9714285714 0.0000000000
13.9755102041 0.0000000000
13.9795918367 0.0000000000
13.9836734694 0.0000000000
13.9877551020 0.0000000000
13.9918367347 0.0000000000
13.9959183673 0.0000000000
14.0000000000 0.0000000000
14.0040816327 0.0000000000
14.0081632653 5.4382982254
14.0122448980 44.2533340454
14.0163265306 69.2086181641
14.0204081633 115.9140472412
14.0244897959 149.5634307861
14.0285714286 127.1233596802
14.0326530612 134.7073364258
14.0367346939 127.2500762939
14.0408163265 109.8982086182
14.0448979592 83.0338897705
14.0489795918 58.2934913635
14.0530612245 35.8120803833
14.0571428571 15.2545862198
14.0612244898 1.0033845901
14.0653061224 0.0000000000
14.0693877551 0.0000000000
14.0734693878 0.0000000000
14.0775510204 0.0000000000
14.0816326531 0.0000000000
14.0857142857 0.0000000000
14.0897959184 0.0000000000
14.0938775510 0.0000000000
14.0979591837 0.0000000000
14.1020408163 0.0000000000
14.1061224490 0.0000000000
14.1102040816 0.0000000000
14.1142857143 0.0000000000
14.1183673469 0.0000000000
14.1224489796 0.0000000000
14.1265306122 0.0000000000
14.1306122449 0.0000000000
14.1346938776 0.0000000000
14.1387755102 0.0000000000
14.1428571429 0.8938312531
14.1469387755 4.0760040283
14.1510204082 1.4556646347
14.1551020408 0.0000000000
14.1591836735 0.0000000000
14.1632653061 0.0000000000
14.1673469388 0.0000000000
14.1714285714 0.0000000000
14.1755102041 0.0000000000
14.1795918367 0.0000000000
14.1836734694 0.0000000000
14.1877551020 0.0000000000
14.1918367347 0.0000000000
14.1959183673 0.2824068069
14.2000000000 0.1071095467
14.2040816327 0.0000000000
14.2081632653 0.0000000000
14.2122448980 0.0000000000
14.2163265306 0.0000000000
14.2204081633 0.0000000000
14.2244897959 0.0000000000
14.2285714286 0.0000000000
14.2326530612 0.0000000000
14.2367346939 0.0000000000
14.2408163265 0.0000000000
14.2448979592 0.0000000000
14.2489795918 0.0000000000
14.2530612245 0.0000000000
14.2571428571 0.0000000000
14.2612244898 0.0000000000
14.2653061224 0.9906291962
14.2693877551 1.5791952610
14.2734693878 2.8488039970
14.2775510204 3.6212205887
14.2816326531 4.3884515762
14.2857142857 4.1756629944
14.2897959184 3.6704540253
14.2938775510 2.7835071087
14.2979591837 0.4509687424
14.3020408163 0.2869367599
14.3061224490 1.3447254896
14.3102040816 10.0736322403
14.3142857143 27.8934974670
14.3183673469 48.0702743530
14.3224489796 65.1954421997
14.3265306122 73.1589965820
14.3306122449 72.3593978882
14.3346938776 64.3028182983
14.3387755102 51.4125671387
14.3428571429 35.7240142822
14.3469387755 21.8213806152
14.3510204082 7.8364014626
14.3551020408 0.0000000000
14.3591836735 0.0000000000
14.3632653061 0.0000000000
14.3673469388 0.0000000000
14.3714285714 0.0000000000
14.3755102041 0.0000000000
14.3795918367 0.0000000000
14.3836734694 0.0000000000
14.3877551020 0.0000000000
14.3918367347 7.7813863754
14.3959183673 13.8905048370
14.4000000000 21.9935188293
14.4040816327 33.5181961060
14.4081632653 34.3414535522
14.4122448980 28.0194892883
14.4163265306 21.3449001312
14.4204081633 12.1347904205
14.4244897959 0.0000000000
14.4285714286 0.0000000000
14.4326530612 0.0000000000
14.4367346939 0.0000000000
14.4408163265 0.0000000000
14.4448979592 0.0000000000
14.4489795918 0.0000000000
14.4530612245 0.0000000000
14.4571428571 0.0000000000
14.4612244898 0.0000000000
14.4653061224 0.0000000000
14.4693877551 0.0000000000
14.4734693878 0.0000000000
14.4775510204 0.0000000000
14.4816326531 0.0000000000
14.4857142857 0.0000000000
14.4897959184 0.0000000000
14.4938775510 0.0000000000
14.4979591837 0.0000000000
14.5020408163 0.0000000000
14.5061224490 0.0000000000
14.5102040816 0.0000000000
14.5142857143 0.0000000000
14.5183673469 0.0000000000
14.5224489796 0.0000000000
14.5265306122 0.0000000000
14.5306122449 0.0000000000
14.5346938776 0.0000000000
14.5387755102 0.0000000000
14.5428571429 0.0000000000
14.5469387755 0.0000000000
14.5510204082 0.0000000000
14.5551020408 0.0000000000
14.5591836735 0.0000000000
14.5632653061 0.0000000000
14.5673469388 0.0000000000
14.5714285714 0.0000000000
14.5755102041 0.0000000000
14.5795918367 0.0000000000
14.5836734694 0.0000000000
14.5877551020 0.0000000000
14.5918367347 0.0000000000
14.5959183673 0.0000000000
14.6000000000 0.0000000000
14.6040816327 0.0000000000
14.6081632653 0.0000000000
14.6122448980 0.0000000000
14.6163265306 0.0000000000
14.6204081633 0.0000000000
14.6244897959 3.5223364830
14.6285714286 50.2285385132
14.6326530612 104.3370666504
14.6367346939 156.0778808594
14.6408163265 177.0145874023
14.6448979592 185.3430023193
14.6489795918 166.7138366699
14.6530612245 137.5316467285
14.6571428571 104.2071533203
14.6612244898 81.7930755615
14.6653061224 61.1336250305
14.6693877551 41.2729988098
14.6734693878 23.2368698120
14.6775510204 13.1422281265
14.6816326531 3.7752389908
14.6857142857 0.0000000000
14.6897959184 0.0000000000
14.6938775510 0.0000000000
14.6979591837 0.0000000000
14.7020408163 0.0000000000
14.7061224490 0.0000000000
14.7102040816 0.0000000000
14.7142857143 0.0000000000
14.7183673469 0.0000000000
14.7224489796 0.0000000000
14.7265306122 0.0000000000
14.7306122449 0.0000000000
14.7346938776 0.0000000000
14.7387755102 0.0000000000
14.7428571429 0.0000000000
14.7469387755 0.0000000000
14.7510204082 0.0000000000
14.7551020408 0.0000000000
14.7591836735 0.0000000000
14.7632653061 0.0000000000
14.7673469388 0.0000000000
14.7714285714 0.0000000000
14.7755102041 0.0000000000
14.7795918367 0.0000000000
14.7836734694 0.0000000000
14.7877551020 0.0000000000
14.7918367347 0.0000000000
14.7959183673 0.0000000000
14.8000000000 0.0000000000
14.8040816327 0.0000000000
14.8081632653 0.0000000000
14.8122448980 0.0000000000
14.8163265306 0.0000000000
14.8204081633 0.0000000000
14.8244897959 0.0000000000
14.8285714286 0.3707408905
14.8326530612 0.0000000000
14.8367346939 0.0000000000
14.8408163265 0.0000000000
14.8448979592 0.0000000000
14.8489795918 0.0000000000
14.8530612245 0.0000000000
14.8571428571 0.0000000000
14.8612244898 0.0000000000
14.8653061224 0.0000000000
14.8693877551 0.0000000000
14.8734693878 0.0000000000
14.8775510204 0.0000000000
14.8816326531 0.0000000000
14.8857142857 0.0000000000
14.8897959184 0.0000000000
14.8938775510 0.0000000000
14.8979591837 0.0000000000
14.9020408163 0.0000000000
14.9061224490 0.0000000000
14.9102040816 0.0000000000
14.9142857143 0.0000000000
14.9183673469 0.0000000000
14.9224489796 0.0000000000
14.9265306122 0.0000000000
14.9306122449 0.0000000000
14.9346938776 0.0000000000
14.9387755102 0.0000000000
14.9428571429 1.2274980545
14.9469387755 11.8676424026
14.9510204082 54.8267364502
14.9551020408 103.6632080078
14.9591836735 140.6734008789
14.9632653061 138.7913208008
14.9673469388 104.1299133301
14.9714285714 87.3784408569
14.9755102041 82.9446182251
14.9795918367 63.9218406677
14.9836734694 45.2769775391
14.9877551020 25.8955345154
14.9918367347 8.3047752380
14.9959183673 0.0000000000
15.0000000000 0.0000000000
15.0040816327 0.0000000000
15.0081632653 0.0000000000
15.0122448980 0.0000000000
15.0163265306 0.0000000000
15.0204081633 0.0000000000
15.0244897959 0.0000000000
15.0285714286 0.0000000000
