0.0040816327 0.0000000000
0.0081632653 0.3641843796
0.0122448980 1.9000023603
0.0163265306 2.3674964905
0.0204081633 4.3292045593
0.0244897959 5.0732865334
0.0285714286 5.0140471458
0.0326530612 2.7903020382
0.0367346939 0.0797808170
0.0408163265 0.0000000000
0.0448979592 0.0000000000
0.0489795918 0.0050067902
0.0530612245 0.0000000000
0.0571428571 0.0000000000
0.0612244898 0.0000000000
0.0653061224 6.3851776123
0.0693877551 20.6333236694
0.0734693878 47.6587982178
0.0775510204 79.4038772583
0.0816326531 119.5713958740
0.0857142857 131.4192352295
0.0897959184 126.5099792480
0.0938775510 113.0880737305
0.0979591837 102.7780151367
0.1020408163 83.0965347290
0.1061224490 64.3937301636
0.1102040816 47.3430175781
0.1142857143 30.3615932465
0.1183673469 17.8212528229
0.1224489796 4.7274827957
0.1265306122 0.1274347305
0.1306122449 0.0000000000
0.1346938776 0.0000000000
0.1387755102 0.0000000000
0.1428571429 0.0000000000
0.1469387755 0.0000000000
0.1510204082 0.0000000000
0.1551020408 0.0000000000
0.1591836735 0.0000000000
0.1632653061 0.0000000000
0.1673469388 0.0000000000
0.1714285714 0.0000000000
0.1755102041 0.0000000000
0.1795918367 0.0000000000
0.1836734694 0.0000000000
0.1877551020 0.0000000000
0.1918367347 0.0000000000
0.1959183673 0.0000000000
0.2000000000 0.0000000000
0.2040816327 0.0000000000
0.2081632653 0.0000000000
0.2122448980 0.0000000000
0.2163265306 0.0000000000
0.2204081633 0.0000000000
0.2244897959 0.0000000000
0.2285714286 0.0000000000
0.2326530612 0.0000000000
0.2367346939 0.0000000000
0.2408163265 0.0000000000
0.2448979592 0.0000000000
0.2489795918 0.0000000000
0.2530612245 0.0000000000
0.2571428571 0.0000000000
0.2612244898 0.0000000000
0.2653061224 0.0000000000
0.2693877551 0.0000000000
0.2734693878 0.0000000000
0.2775510204 0.0000000000
0.2816326531 0.0000000000
0.2857142857 0.0000000000
0.2897959184 0.0000000000
0.2938775510 0.0000000000
0.2979591837 0.0000000000
0.3020408163 0.0000000000
0.3061224490 0.0000000000
0.3102040816 0.0000000000
0.3142857143 0.0000000000
0.3183673469 0.0000000000
0.3224489796 0.0000000000
0.3265306122 0.0000000000
0.3306122449 0.0000000000
0.3346938776 0.0000000000
0.3387755102 0.0000000000
0.3428571429 0.0000000000
0.3469387755 0.0000000000
0.3510204082 0.0000000000
0.3551020408 0.0000000000
0.3591836735 0.0000000000
0.3632653061 0.0000000000
0.3673469388 0.6393194199
0.3714285714 2.5302171707
0.3755102041 13.5103464127
0.3795918367 30.7763824463
0.3836734694 46.2310295105
0.3877551020 61.4197845459
0.3918367347 70.4590072632
0.3959183673 72.4239349365
0.4000000000 68.4274444580
0.4040816327 60.6365814209
0.4081632653 43.2028770447
0.4122448980 34.9266510010
0.4163265306 25.7529907227
0.4204081633 14.8344039917
0.4244897959 7.5653495789
0.4285714286 0.5064010620
0.4326530612 0.0000000000
0.4367346939 0.0000000000
0.4408163265 0.0000000000
0.4448979592 0.0000000000
0.4489795918 0.0000000000
0.4530612245 0.0000000000
0.4571428571 0.0000000000
0.4612244898 0.0000000000
0.4653061224 0.0000000000
0.4693877551 0.0000000000
0.4734693878 0.0000000000
0.4775510204 0.0000000000
0.4816326531 0.0000000000
0.4857142857 0.0000000000
0.4897959184 0.0000000000
0.4938775510 0.0000000000
0.4979591837 0.0000000000
0.5020408163 0.0000000000
0.5061224490 0.0000000000
0.5102040816 0.0000000000
0.5142857143 0.0000000000
0.5183673469 0.0000000000
0.5224489796 0.0928044319
0.5265306122 12.4560594559
0.5306122449 16.2068595886
0.5346938776 19.0843353271
0.5387755102 20.0573196411
0.5428571429 18.6400413513
0.5469387755 15.2242183685
0.5510204082 10.5872154236
0.5551020408 5.7244300842
0.5591836735 15.9344673157
0.5632653061 5.9999823570
0.5673469388 0.0000000000
0.5714285714 0.0000000000
0.5755102041 0.0000000000
0.5795918367 0.0000000000
0.5836734694 0.0000000000
0.5877551020 0.0000000000
0.5918367347 0.0000000000
0.5959183673 0.0000000000
0.6000000000 0.0000000000
0.6040816327 0.0000000000
0.6081632653 0.0000000000
0.6122448980 0.0000000000
0.6163265306 0.0000000000
0.6204081633 0.0000000000
0.6244897959 0.0000000000
0.6285714286 0.0000000000
0.6326530612 0.0000000000
0.6367346939 0.0000000000
0.6408163265 0.0000000000
0.6448979592 0.0000000000
0.6489795918 0.0000000000
0.6530612245 0.0000000000
0.6571428571 0.0000000000
0.6612244898 0.0000000000
0.6653061224 0.0000000000
0.6693877551 0.0000000000
0.6734693878 0.0000000000
0.6775510204 0.0000000000
0.6816326531 0.0000000000
0.6857142857 0.0000000000
0.6897959184 0.0000000000
0.6938775510 1.4830827713
0.6979591837 13.1464004517
0.7020408163 40.3860778809
0.7061224490 90.2051925659
0.7102040816 129.3335571289
0.7142857143 133.3408355713
0.7183673469 118.9461364746
0.7224489796 104.3692779541
0.7265306122 85.0763320923
0.7306122449 65.2012786865
0.7346938776 48.6613197327
0.7387755102 34.5458068848
0.7428571429 22.7308273315
0.7469387755 14.4214630127
0.7510204082 2.4325847626
0.7551020408 0.0000000000
0.7591836735 0.0000000000
0.7632653061 0.0000000000
0.7673469388 0.0000000000
0.7714285714 0.0000000000
0.7755102041 0.0000000000
0.7795918367 0.0000000000
0.7836734694 0.0000000000
0.7877551020 0.0000000000
0.7918367347 0.0000000000
0.7959183673 0.0000000000
0.8000000000 0.0000000000
0.8040816327 0.0000000000
0.8081632653 0.0000000000
0.8122448980 0.0000000000
0.8163265306 0.0000000000
0.8204081633 0.0000000000
0.8244897959 0.0000000000
0.8285714286 0.0000000000
0.8326530612 0.0000000000
0.8367346939 0.0000000000
0.8408163265 0.0000000000
0.8448979592 0.0000000000
0.8489795918 0.0000000000
0.8530612245 0.0000000000
0.8571428571 0.0000000000
0.8612244898 0.0000000000
0.8653061224 0.0000000000
0.8693877551 0.0000000000
0.8734693878 0.0000000000
0.8775510204 0.0000000000
0.8816326531 0.0000000000
0.8857142857 0.0000000000
0.8897959184 0.0000000000
0.8938775510 0.0000000000
0.8979591837 0.0000000000
0.9020408163 0.0000000000
0.9061224490 0.0000000000
0.9102040816 0.0000000000
0.9142857143 0.0000000000
0.9183673469 0.0000000000
0.9224489796 0.0000000000
0.9265306122 0.0000000000
0.9306122449 0.0000000000
0.9346938776 0.0000000000
0.9387755102 0.0000000000
0.9428571429 0.0000000000
0.9469387755 0.0000000000
0.9510204082 0.0000000000
0.9551020408 0.0000000000
0.9591836735 0.0000000000
0.9632653061 0.0000000000
0.9673469388 0.0000000000
0.9714285714 0.0000000000
0.9755102041 0.0000000000
0.9795918367 0.0000000000
0.9836734694 0.0000000000
0.9877551020 0.0000000000
0.9918367347 0.0000000000
0.9959183673 0.0000000000
1.0000000000 1.2019872665
1.0040816327 12.9903554916
1.0081632653 25.2923965454
1.0122448980 42.0670509338
1.0163265306 62.4686508179
1.0204081633 74.9539718628
1.0244897959 74.7700347900
1.0285714286 64.1186828613
1.0326530612 48.1463661194
1.0367346939 33.3435516357
1.0408163265 22.3594322205
1.0448979592 7.1781873703
1.0489795918 0.0000000000
1.0530612245 0.0000000000
1.0571428571 0.0000000000
1.0612244898 0.0000000000
1.0653061224 0.0000000000
1.0693877551 0.0000000000
1.0734693878 0.0000000000
1.0775510204 0.0000000000
1.0816326531 0.0000000000
1.0857142857 0.0000000000
1.0897959184 0.0000000000
1.0938775510 0.0000000000
1.0979591837 0.0000000000
1.1020408163 0.0000000000
1.1061224490 0.0000000000
1.1102040816 0.0000000000
1.1142857143 0.0000000000
1.1183673469 0.0000000000
1.1224489796 0.5452632904
1.1265306122 2.1402835846
1.1306122449 12.8343105316
1.1346938776 11.4078521729
1.1387755102 9.1892480850
1.1428571429 11.3499164581
1.1469387755 14.9822235107
1.1510204082 16.3302421570
1.1551020408 18.4499015808
1.1591836735 17.8778171539
1.1632653061 14.0572786331
1.1673469388 7.0878267288
1.1714285714 0.5754232407
1.1755102041 0.0000000000
1.1795918367 0.0000000000
1.1836734694 0.0000000000
1.1877551020 0.0000000000
1.1918367347 0.0000000000
1.1959183673 0.0000000000
1.2000000000 0.0000000000
1.2040816327 0.0000000000
1.2081632653 0.0000000000
1.2122448980 0.0000000000
1.2163265306 0.0000000000
1.2204081633 0.0000000000
1.2244897959 0.0000000000
1.2285714286 0.0000000000
1.2326530612 0.0000000000
1.2367346939 0.0000000000
1.2408163265 0.0000000000
1.2448979592 0.0000000000
1.2489795918 0.0000000000
1.2530612245 0.0000000000
1.2571428571 0.0000000000
1.2612244898 0.0000000000
1.2653061224 0.0000000000
1.2693877551 0.0000000000
1.2734693878 0.0000000000
1.2775510204 0.0000000000
1.2816326531 0.0000000000
1.2857142857 0.0000000000
1.2897959184 0.0000000000
1.2938775510 0.0000000000
1.2979591837 0.0000000000
1.3020408163 0.0000000000
1.3061224490 4.9287977219
1.3102040816 17.1051330566
1.3142857143 75.1586532593
1.3183673469 117.2117614746
1.3224489796 150.0657653809
1.3265306122 143.3867797852
1.3306122449 135.0481567383
1.3346938776 118.1396255493
1.3387755102 102.2185058594
1.3428571429 84.5072250366
1.3469387755 66.5616989136
1.3510204082 51.5835266113
1.3551020408 39.1426696777
1.3591836735 27.8236865997
1.3632653061 14.4976377487
1.3673469388 3.2714605331
1.3714285714 0.0000000000
1.3755102041 0.0000000000
1.3795918367 0.0000000000
1.3836734694 0.0000000000
1.3877551020 0.0000000000
1.3918367347 0.0000000000
1.3959183673 0.0000000000
1.4000000000 0.0000000000
1.4040816327 0.0000000000
1.4081632653 0.0000000000
1.4122448980 0.0000000000
1.4163265306 0.0000000000
1.4204081633 0.0000000000
1.4244897959 0.0000000000
1.4285714286 0.0000000000
1.4326530612 0.0000000000
1.4367346939 0.0000000000
1.4408163265 0.0000000000
1.4448979592 0.0000000000
1.4489795918 0.4752874374
1.4530612245 0.3126859665
1.4571428571 0.4229545593
1.4612244898 0.0000000000
1.4653061224 0.0000000000
1.4693877551 0.0000000000
1.4734693878 0.0000000000
1.4775510204 0.0000000000
1.4816326531 0.0000000000
1.4857142857 0.0000000000
1.4897959184 0.0000000000
1.4938775510 0.0000000000
1.4979591837 0.0000000000
1.5020408163 0.0000000000
1.5061224490 0.0000000000
1.5102040816 0.0000000000
1.5142857143 0.0000000000
1.5183673469 0.0000000000
1.5224489796 0.0000000000
1.5265306122 0.0000000000
1.5306122449 0.0000000000
1.5346938776 0.0000000000
1.5387755102 0.0000000000
1.5428571429 0.0000000000
1.5469387755 0.0000000000
1.5510204082 0.0000000000
1.5551020408 0.0000000000
1.5591836735 0.0000000000
1.5632653061 0.0000000000
1.5673469388 0.0000000000
1.5714285714 0.0000000000
1.5755102041 0.0000000000
1.5795918367 0.0000000000
1.5836734694 0.0000000000
1.5877551020 0.0000000000
1.5918367347 0.0000000000
1.5959183673 0.0000000000
1.6000000000 0.0000000000
1.6040816327 0.0000000000
1.6081632653 0.0000000000
1.6122448980 0.0000000000
1.6163265306 0.0000000000
1.6204081633 0.0000000000
1.6244897959 1.0116100311
1.6285714286 0.0000000000
1.6326530612 0.0000000000
1.6367346939 0.0000000000
1.6408163265 0.0000000000
1.6448979592 0.0000000000
1.6489795918 0.0000000000
1.6530612245 1.7613172531
1.6571428571 9.7332897186
1.6612244898 10.0152492523
1.6653061224 11.5229492188
1.6693877551 10.8423233032
1.6734693878 11.6106271744
1.6775510204 9.9947452545
1.6816326531 8.4587335587
1.6857142857 3.2961964607
1.6897959184 0.7385015488
1.6938775510 0.0000000000
1.6979591837 0.0000000000
1.7020408163 0.0000000000
1.7061224490 0.0000000000
1.7102040816 0.0000000000
1.7142857143 0.0000000000
1.7183673469 0.0000000000
1.7224489796 0.0000000000
1.7265306122 0.0000000000
1.7306122449 0.0000000000
1.7346938776 0.0000000000
1.7387755102 0.0000000000
1.7428571429 0.0000000000
1.7469387755 0.0000000000
1.7510204082 0.0000000000
1.7551020408 0.0000000000
1.7591836735 0.0000000000
1.7632653061 0.0000000000
1.7673469388 0.0000000000
1.7714285714 0.0000000000
1.7755102041 0.0000000000
1.7795918367 0.0000000000
1.7836734694 0.0000000000
1.7877551020 0.0000000000
1.7918367347 0.0000000000
1.7959183673 0.1740455627
1.8000000000 6.0698690414
1.8040816327 11.6589069366
1.8081632653 16.3627281189
1.8122448980 22.9151840210
1.8163265306 35.2374916077
1.8204081633 33.2375755310
1.8244897959 29.8384513855
1.8285714286 31.1335105896
1.8326530612 29.7939777374
1.8367346939 20.9882259369
1.8408163265 5.9658288956
1.8448979592 4.6118497849
1.8489795918 0.0000000000
1.8530612245 0.0000000000
1.8571428571 0.0000000000
1.8612244898 0.0000000000
1.8653061224 0.0000000000
1.8693877551 0.0000000000
1.8734693878 0.0000000000
1.8775510204 0.0000000000
1.8816326531 0.0000000000
1.8857142857 0.0000000000
1.8897959184 0.0000000000
1.8938775510 0.0000000000
1.8979591837 0.0000000000
1.9020408163 0.0000000000
1.9061224490 0.0000000000
1.9102040816 0.0000000000
1.9142857143 0.0000000000
1.9183673469 0.0000000000
1.9224489796 0.0000000000
1.9265306122 0.0000000000
1.9306122449 0.0000000000
1.9346938776 0.0000000000
1.9387755102 0.0000000000
1.9428571429 2.4356563091
1.9469387755 6.9050493240
1.9510204082 19.9090232849
1.9551020408 25.1227016449
1.9591836735 37.0185661316
1.9632653061 47.0760345459
1.9673469388 42.3314590454
1.9714285714 32.8278388977
1.9755102041 19.6004371643
1.9795918367 12.6488504410
1.9836734694 8.4309873581
1.9877551020 7.6884031296
1.9918367347 5.3070783615
1.9959183673 0.0000000000
2.0000000000 0.0000000000
2.0040816327 0.0000000000
2.0081632653 0.0000000000
2.0122448980 0.0000000000
2.0163265306 0.0000000000
2.0204081633 0.0000000000
2.0244897959 0.0000000000
2.0285714286 0.0000000000
2.0326530612 0.0000000000
2.0367346939 0.0000000000
2.0408163265 0.0000000000
2.0448979592 0.0000000000
2.0489795918 0.0000000000
2.0530612245 0.0000000000
2.0571428571 0.0000000000
2.0612244898 0.0000000000
2.0653061224 0.0000000000
2.0693877551 0.0000000000
2.0734693878 0.0000000000
2.0775510204 0.0000000000
2.0816326531 0.0000000000
2.0857142857 0.0000000000
2.0897959184 0.0000000000
2.0938775510 0.0000000000
2.0979591837 0.0000000000
2.1020408163 0.0000000000
2.1061224490 0.0000000000
2.1102040816 0.0000000000
2.1142857143 0.0000000000
2.1183673469 0.0000000000
2.1224489796 0.4510879517
2.1265306122 10.1261138916
2.1306122449 25.9022121429
2.1346938776 37.6707916260
2.1387755102 47.2563934326
2.1428571429 45.8830604553
2.1469387755 32.5993881226
2.1510204082 32.8422164917
2.1551020408 18.9930210114
2.1591836735 9.5677967072
2.1632653061 2.6595592499
2.1673469388 0.0000000000
2.1714285714 0.0000000000
2.1755102041 0.0000000000
2.1795918367 0.0000000000
2.1836734694 0.0000000000
2.1877551020 0.0000000000
2.1918367347 0.0000000000
2.1959183673 0.0000000000
2.2000000000 0.0000000000
2.2040816327 0.0000000000
2.2081632653 0.0000000000
2.2122448980 0.0000000000
2.2163265306 0.0000000000
2.2204081633 0.0000000000
2.2244897959 0.0000000000
2.2285714286 0.0000000000
2.2326530612 0.0000000000
2.2367346939 0.0000000000
2.2408163265 0.0000000000
2.2448979592 0.0000000000
2.2489795918 2.5544166565
2.2530612245 6.3583850861
2.2571428571 13.2845706940
2.2612244898 23.5805587769
2.2653061224 33.3746032715
2.2693877551 33.3255844116
2.2734693878 35.4586639404
2.2775510204 27.7540931702
2.2816326531 21.3076553345
2.2857142857 11.3761129379
2.2897959184 7.2157011032
2.2938775510 0.0000000000
2.2979591837 0.0000000000
2.3020408163 0.0000000000
2.3061224490 0.0000000000
2.3102040816 0.0000000000
2.3142857143 0.0000000000
2.3183673469 0.0000000000
2.3224489796 0.0000000000
2.3265306122 0.0000000000
2.3306122449 0.0000000000
2.3346938776 7.4474215508
2.3387755102 15.8663387299
2.3428571429 11.0727548599
2.3469387755 8.6861848831
2.3510204082 6.9905519485
2.3551020408 2.4154186249
2.3591836735 9.8918676376
2.3632653061 16.4460544586
2.3673469388 17.7674293518
2.3714285714 13.0915641785
2.3755102041 3.8408041000
2.3795918367 0.0000000000
2.3836734694 0.0000000000
2.3877551020 0.0000000000
2.3918367347 0.0000000000
2.3959183673 0.0000000000
2.4000000000 0.0000000000
2.4040816327 0.0000000000
2.4081632653 0.0000000000
2.4122448980 0.0000000000
2.4163265306 0.0000000000
2.4204081633 0.0000000000
2.4244897959 0.0000000000
2.4285714286 0.0000000000
2.4326530612 0.0000000000
2.4367346939 0.0000000000
2.4408163265 0.0000000000
2.4448979592 0.0000000000
2.4489795918 0.0000000000
2.4530612245 0.0000000000
2.4571428571 0.0000000000
2.4612244898 0.0000000000
2.4653061224 0.0000000000
2.4693877551 0.0000000000
2.4734693878 0.0000000000
2.4775510204 0.0000000000
2.4816326531 0.0000000000
2.4857142857 0.0000000000
2.4897959184 0.0000000000
2.4938775510 0.0000000000
2.4979591837 0.0000000000
2.5020408163 0.0000000000
2.5061224490 0.0000000000
2.5102040816 0.0000000000
2.5142857143 0.0000000000
2.5183673469 0.0000000000
2.5224489796 0.0000000000
2.5265306122 0.0000000000
2.5306122449 0.0000000000
2.5346938776 0.0000000000
2.5387755102 0.0000000000
2.5428571429 0.0000000000
2.5469387755 0.0000000000
2.5510204082 0.0000000000
2.5551020408 1.0189116001
2.5591836735 44.7888374329
2.5632653061 64.5009918213
2.5673469388 78.6762847900
2.5714285714 97.1162719727
2.5755102041 100.6717071533
2.5795918367 97.6775131226
2.5836734694 84.6282806396
2.5877551020 68.3523406982
2.5918367347 55.5964736938
2.5959183673 38.9102249146
2.6000000000 21.8843078613
2.6040816327 9.4983577728
2.6081632653 0.0000000000
2.6122448980 0.0000000000
2.6163265306 0.0000000000
2.6204081633 0.0000000000
2.6244897959 0.0000000000
2.6285714286 0.0000000000
2.6326530612 0.0000000000
2.6367346939 0.0000000000
2.6408163265 0.0000000000
2.6448979592 0.0000000000
2.6489795918 0.0000000000
2.6530612245 0.0000000000
2.6571428571 0.0000000000
2.6612244898 0.0000000000
2.6653061224 0.0000000000
2.6693877551 0.0000000000
2.6734693878 0.0000000000
2.6775510204 0.0000000000
2.6816326531 0.0000000000
2.6857142857 0.0000000000
2.6897959184 0.0000000000
2.6938775510 0.0000000000
2.6979591837 0.0000000000
2.7020408163 0.0000000000
2.7061224490 0.0000000000
2.7102040816 0.0000000000
2.7142857143 0.0000000000
2.7183673469 0.0000000000
2.7224489796 0.0000000000
2.7265306122 0.0000000000
2.7306122449 0.0000000000
2.7346938776 0.0000000000
2.7387755102 0.0000000000
2.7428571429 0.0000000000
2.7469387755 0.0000000000
2.7510204082 0.0000000000
2.7551020408 0.0000000000
2.7591836735 0.0000000000
2.7632653061 0.0000000000
2.7673469388 0.0000000000
2.7714285714 0.0000000000
2.7755102041 0.0000000000
2.7795918367 0.0000000000
2.7836734694 0.0000000000
2.7877551020 0.0000000000
2.7918367347 0.0000000000
2.7959183673 0.0000000000
2.8000000000 0.0000000000
2.8040816327 0.0000000000
2.8081632653 0.0000000000
2.8122448980 0.0000000000
2.8163265306 0.0000000000
2.8204081633 0.0000000000
2.8244897959 0.0000000000
2.8285714286 0.0000000000
2.8326530612 0.0000000000
2.8367346939 0.0000000000
2.8408163265 0.0000000000
2.8448979592 0.0000000000
2.8489795918 0.0000000000
2.8530612245 0.0000000000
2.8571428571 0.0000000000
2.8612244898 0.0000000000
2.8653061224 0.0000000000
2.8693877551 0.0000000000
2.8734693878 6.5731334686
2.8775510204 13.4415626526
2.8816326531 20.4278564453
2.8857142857 26.9543266296
2.8897959184 29.6320190430
2.8938775510 27.2899551392
2.8979591837 25.5120391846
2.9020408163 23.4763565063
2.9061224490 14.7022714615
2.9102040816 7.8459682465
2.9142857143 11.7336807251
2.9183673469 0.0000000000
2.9224489796 0.0000000000
2.9265306122 0.0000000000
2.9306122449 0.0000000000
2.9346938776 0.0000000000
2.9387755102 0.0000000000
2.9428571429 0.0000000000
2.9469387755 0.0000000000
2.9510204082 0.0000000000
2.9551020408 0.0000000000
2.9591836735 0.0000000000
2.9632653061 0.0000000000
2.9673469388 0.0000000000
2.9714285714 0.0000000000
2.9755102041 0.0000000000
2.9795918367 0.0000000000
2.9836734694 0.0000000000
2.9877551020 0.0000000000
2.9918367347 0.0000000000
2.9959183673 0.0000000000
3.0000000000 0.0000000000
3.0040816327 0.0000000000
3.0081632653 0.0000000000
3.0122448980 0.0000000000
3.0163265306 0.0000000000
3.0204081633 0.0000000000
3.0244897959 0.0000000000
3.0285714286 2.3543834686
3.0326530612 4.1404066086
3.0367346939 1.4427900314
3.0408163265 8.9293718338
3.0448979592 20.5593719482
3.0489795918 39.0075759888
3.0530612245 47.7699356079
3.0571428571 52.5198287964
3.0612244898 55.1179351807
3.0653061224 47.5751152039
3.0693877551 55.5580825806
3.0734693878 48.4552993774
3.0775510204 44.7359390259
3.0816326531 36.5694770813
3.0857142857 26.7744064331
3.0897959184 15.9231719971
3.0938775510 6.6582260132
3.0979591837 4.1906237602
3.1020408163 0.0000000000
3.1061224490 0.0000000000
3.1102040816 0.0000000000
3.1142857143 0.0000000000
3.1183673469 0.0000000000
3.1224489796 0.0000000000
3.1265306122 0.0000000000
3.1306122449 0.0000000000
3.1346938776 0.0000000000
3.1387755102 0.0000000000
3.1428571429 0.0000000000
3.1469387755 0.0000000000
3.1510204082 0.0000000000
3.1551020408 0.0000000000
3.1591836735 0.0000000000
3.1632653061 0.0000000000
3.1673469388 0.0000000000
3.1714285714 0.0000000000
3.1755102041 0.0000000000
3.1795918367 0.0000000000
3.1836734694 0.0000000000
3.1877551020 0.0000000000
3.1918367347 0.0000000000
3.1959183673 0.0000000000
3.2000000000 0.0000000000
3.2040816327 0.0000000000
3.2081632653 0.0000000000
3.2122448980 0.0000000000
3.2163265306 0.0000000000
3.2204081633 0.0000000000
3.2244897959 0.0000000000
3.2285714286 0.0000000000
3.2326530612 0.0000000000
3.2367346939 0.0000000000
3.2408163265 0.0000000000
3.2448979592 0.0000000000
3.2489795918 0.0000000000
3.2530612245 0.0000000000
3.2571428571 0.0000000000
3.2612244898 0.0000000000
3.2653061224 0.0000000000
3.2693877551 0.4035234451
3.2734693878 0.9544491768
3.2775510204 0.0000000000
3.2816326531 0.0000000000
3.2857142857 0.0000000000
3.2897959184 0.0000000000
3.2938775510 0.0000000000
3.2979591837 0.0000000000
3.3020408163 0.0000000000
3.3061224490 0.0000000000
3.3102040816 0.0000000000
3.3142857143 0.0000000000
3.3183673469 0.0000000000
3.3224489796 0.0000000000
3.3265306122 0.0000000000
3.3306122449 0.0000000000
3.3346938776 0.0000000000
3.3387755102 0.0000000000
3.3428571429 0.0000000000
3.3469387755 0.0000000000
3.3510204082 0.0000000000
3.3551020408 6.0125589371
3.3591836735 9.5267295837
3.3632653061 15.7341957092
3.3673469388 21.6314792633
3.3714285714 25.6088066101
3.3755102041 18.2335376740
3.3795918367 20.4316368103
3.3836734694 22.5874786377
3.3877551020 23.6408710480
3.3918367347 18.2186355591
3.3959183673 11.5296840668
3.4000000000 3.5407543182
3.4040816327 0.0000000000
3.4081632653 0.0000000000
3.4122448980 0.0000000000
3.4163265306 0.0000000000
3.4204081633 0.0000000000
3.4244897959 0.0000000000
3.4285714286 0.0000000000
3.4326530612 0.9496212006
3.4367346939 1.1728034019
3.4408163265 6.8178324699
3.4448979592 3.6731958389
3.4489795918 3.3273696899
3.4530612245 2.2430419922
3.4571428571 0.4731416702
3.4612244898 0.0000000000
3.4653061224 0.0000000000
3.4693877551 0.0000000000
3.4734693878 0.0000000000
3.4775510204 0.0702142715
3.4816326531 11.3280115128
3.4857142857 46.2992172241
3.4897959184 95.4353485107
3.4938775510 126.2848358154
3.4979591837 127.5918502808
3.5020408163 119.6390991211
3.5061224490 113.1686553955
3.5102040816 98.2848510742
3.5142857143 79.4300689697
3.5183673469 59.3633346558
3.5224489796 37.9563293457
3.5265306122 17.3612823486
3.5306122449 1.4797449112
3.5346938776 0.0000000000
3.5387755102 0.0000000000
3.5428571429 1.2937486172
3.5469387755 10.6416044235
3.5510204082 11.4363431931
3.5551020408 6.3873529434
3.5591836735 0.0000000000
3.5632653061 18.9983844757
3.5673469388 13.2850408554
3.5714285714 4.5293569565
3.5755102041 0.0000000000
3.5795918367 0.0000000000
3.5836734694 0.0000000000
3.5877551020 0.0000000000
3.5918367347 0.0000000000
3.5959183673 0.0000000000
3.6000000000 0.0000000000
3.6040816327 0.0000000000
3.6081632653 0.0000000000
3.6122448980 1.5798211098
3.6163265306 0.4647374153
3.6204081633 0.0000000000
3.6244897959 0.0000000000
3.6285714286 0.0000000000
3.6326530612 0.0000000000
3.6367346939 0.0000000000
3.6408163265 0.0000000000
3.6448979592 0.0000000000
3.6489795918 6.1698856354
3.6530612245 4.8924684525
3.6571428571 4.3255090714
3.6612244898 8.5011720657
3.6653061224 6.0217380524
3.6693877551 1.3617873192
3.6734693878 0.0000000000
3.6775510204 1.3890266418
3.6816326531 0.0000000000
3.6857142857 0.0000000000
3.6897959184 0.0000000000
3.6938775510 0.0000000000
3.6979591837 0.0000000000
3.7020408163 0.0000000000
3.7061224490 0.0000000000
3.7102040816 0.0000000000
3.7142857143 0.0000000000
3.7183673469 0.0000000000
3.7224489796 0.0000000000
3.7265306122 0.0000000000
3.7306122449 0.0000000000
3.7346938776 0.0000000000
3.7387755102 0.0000000000
3.7428571429 0.0000000000
3.7469387755 0.0000000000
3.7510204082 0.0000000000
3.7551020408 0.0000000000
3.7591836735 0.0000000000
3.7632653061 0.0000000000
3.7673469388 0.0000000000
3.7714285714 0.0000000000
3.7755102041 0.0000000000
3.7795918367 0.0000000000
3.7836734694 0.0000000000
3.7877551020 0.0000000000
3.7918367347 60.0941772461
3.7959183673 171.6261596680
3.8000000000 203.2931518555
3.8040816327 196.4205474854
3.8081632653 185.0048522949
3.8122448980 168.6318054199
3.8163265306 148.3564758301
3.8204081633 121.7893371582
3.8244897959 96.3941802979
3.8285714286 72.7416839600
3.8326530612 50.9399757385
3.8367346939 31.0136070251
3.8408163265 13.0732660294
3.8448979592 0.9382963181
3.8489795918 0.0000000000
3.8530612245 0.0000000000
3.8571428571 0.0000000000
3.8612244898 0.0000000000
3.8653061224 0.0000000000
3.8693877551 0.0000000000
3.8734693878 0.0000000000
3.8775510204 0.0000000000
3.8816326531 0.0000000000
3.8857142857 0.0000000000
3.8897959184 0.0000000000
3.8938775510 0.0000000000
3.8979591837 0.0000000000
3.9020408163 0.0000000000
3.9061224490 0.0000000000
3.9102040816 0.0000000000
3.9142857143 0.0000000000
3.9183673469 0.0000000000
3.9224489796 0.0000000000
3.9265306122 0.0000000000
3.9306122449 0.0000000000
3.9346938776 0.0000000000
3.9387755102 0.0000000000
3.9428571429 0.0000000000
3.9469387755 0.0000000000
3.9510204082 0.0000000000
3.9551020408 0.0000000000
3.9591836735 0.0000000000
3.9632653061 0.0000000000
3.9673469388 0.0000000000
3.9714285714 0.0000000000
3.9755102041 0.0000000000
3.9795918367 0.0000000000
3.9836734694 0.0000000000
3.9877551020 0.0000000000
3.9918367347 0.0000000000
3.9959183673 0.0000000000
4.0000000000 0.0000000000
4.0040816327 0.0000000000
4.0081632653 0.0000000000
4.0122448980 0.5948543549
4.0163265306 0.0000000000
4.0204081633 0.3543794155
4.0244897959 0.0000000000
4.0285714286 0.0000000000
4.0326530612 0.0000000000
4.0367346939 0.0000000000
4.0408163265 0.0000000000
4.0448979592 0.0000000000
4.0489795918 0.0000000000
4.0530612245 0.0000000000
4.0571428571 0.0000000000
4.0612244898 0.0000000000
4.0653061224 0.0000000000
4.0693877551 0.0000000000
4.0734693878 0.0000000000
4.0775510204 0.0000000000
4.0816326531 0.0000000000
4.0857142857 0.2746134996
4.0897959184 0.0000000000
4.0938775510 0.0000000000
4.0979591837 4.6715588570
4.1020408163 8.2108526230
4.1061224490 14.0922660828
4.1102040816 24.7457771301
4.1142857143 44.0298461914
4.1183673469 63.3837127686
4.1224489796 80.7621307373
4.1265306122 77.4041442871
4.1306122449 63.0344161987
4.1346938776 60.9278678894
4.1387755102 53.9422035217
4.1428571429 40.1781806946
4.1469387755 26.0661849976
4.1510204082 14.7524471283
4.1551020408 4.3646097183
4.1591836735 0.0000000000
4.1632653061 0.0000000000
4.1673469388 0.0000000000
4.1714285714 0.0000000000
4.1755102041 0.0000000000
4.1795918367 0.0000000000
4.1836734694 0.0000000000
4.1877551020 0.0000000000
4.1918367347 0.0000000000
4.1959183673 0.0000000000
4.2000000000 0.0000000000
4.2040816327 0.0000000000
4.2081632653 0.0000000000
4.2122448980 0.0000000000
4.2163265306 0.0000000000
4.2204081633 0.0000000000
4.2244897959 0.0000000000
4.2285714286 0.0000000000
4.2326530612 0.0000000000
4.2367346939 0.0000000000
4.2408163265 0.0000000000
4.2448979592 0.0000000000
4.2489795918 0.0000000000
4.2530612245 0.0000000000
4.2571428571 0.0000000000
4.2612244898 0.0000000000
4.2653061224 0.0000000000
4.2693877551 0.0000000000
4.2734693878 0.0000000000
4.2775510204 0.0000000000
4.2816326531 0.0000000000
4.2857142857 0.0000000000
4.2897959184 0.0000000000
4.2938775510 0.0000000000
4.2979591837 0.0000000000
4.3020408163 1.9128471613
4.3061224490 0.2060532570
4.3102040816 0.0000000000
4.3142857143 0.9781718254
4.3183673469 0.3532767296
4.3224489796 0.0000000000
4.3265306122 0.0000000000
4.3306122449 0.0000000000
4.3346938776 0.2235770226
4.3387755102 0.0000000000
4.3428571429 0.0000000000
4.3469387755 0.0000000000
4.3510204082 0.0000000000
4.3551020408 0.0000000000
4.3591836735 0.0000000000
4.3632653061 0.0000000000
4.3673469388 0.5826354027
4.3714285714 1.1998713017
4.3755102041 1.4641284943
4.3795918367 1.2907683849
4.3836734694 1.4087259769
4.3877551020 0.6430745125
4.3918367347 4.2213945389
4.3959183673 4.6191511154
4.4000000000 5.4990425110
4.4040816327 5.9041829109
4.4081632653 1.3303980827
4.4122448980 16.3124198914
4.4163265306 32.8350067139
4.4204081633 84.0345611572
4.4244897959 132.6028747559
4.4285714286 161.3132934570
4.4326530612 167.3325805664
4.4367346939 162.8113708496
4.4408163265 134.5895538330
4.4448979592 111.2905731201
4.4489795918 92.1591796875
4.4530612245 71.2303848267
4.4571428571 51.3416519165
4.4612244898 31.2808151245
4.4653061224 13.9421520233
4.4693877551 1.6797184944
4.4734693878 0.0000000000
4.4775510204 0.0000000000
4.4816326531 0.0000000000
4.4857142857 0.0000000000
4.4897959184 0.0000000000
4.4938775510 0.0000000000
4.4979591837 0.0000000000
4.5020408163 0.0000000000
4.5061224490 0.0000000000
4.5102040816 0.0000000000
4.5142857143 0.0000000000
4.5183673469 0.0000000000
4.5224489796 0.0000000000
4.5265306122 0.0000000000
4.5306122449 0.0000000000
4.5346938776 0.0000000000
4.5387755102 0.0000000000
4.5428571429 0.0000000000
4.5469387755 0.0000000000
4.5510204082 0.0000000000
4.5551020408 0.0000000000
4.5591836735 0.0000000000
4.5632653061 0.0000000000
4.5673469388 0.0000000000
4.5714285714 0.0000000000
4.5755102041 0.0000000000
4.5795918367 0.0000000000
4.5836734694 0.0000000000
4.5877551020 0.0000000000
4.5918367347 0.0000000000
4.5959183673 0.0000000000
4.6000000000 0.0000000000
4.6040816327 0.0000000000
4.6081632653 0.0000000000
4.6122448980 0.0000000000
4.6163265306 0.0000000000
4.6204081633 0.0000000000
4.6244897959 0.0000000000
4.6285714286 0.0000000000
4.6326530612 0.0000000000
4.6367346939 0.0000000000
4.6408163265 0.0000000000
4.6448979592 0.0000000000
4.6489795918 0.0000000000
4.6530612245 0.0000000000
4.6571428571 0.0000000000
4.6612244898 0.0000000000
4.6653061224 0.0000000000
4.6693877551 0.0000000000
4.6734693878 0.0000000000
4.6775510204 0.0000000000
4.6816326531 0.0000000000
4.6857142857 0.0000000000
4.6897959184 0.0000000000
4.6938775510 0.0000000000
4.6979591837 0.0000000000
4.7020408163 0.0000000000
4.7061224490 0.0000000000
4.7102040816 0.0000000000
4.7142857143 0.0000000000
4.7183673469 0.0000000000
4.7224489796 4.9718618393
4.7265306122 12.5412940979
4.7306122449 28.3731212616
4.7346938776 39.1497039795
4.7387755102 46.0838088989
4.7428571429 50.8223800659
4.7469387755 54.6864852905
4.7510204082 52.3220291138
4.7551020408 37.5218391418
4.7591836735 23.8220176697
4.7632653061 21.4802989960
4.7673469388 11.7000045776
4.7714285714 2.0914375782
4.7755102041 0.0000000000
4.7795918367 0.0000000000
4.7836734694 0.0000000000
4.7877551020 0.0000000000
4.7918367347 0.0000000000
4.7959183673 0.0000000000
4.8000000000 0.0000000000
4.8040816327 0.0000000000
4.8081632653 0.0000000000
4.8122448980 0.0000000000
4.8163265306 0.0000000000
4.8204081633 0.0000000000
4.8244897959 0.0000000000
4.8285714286 0.0000000000
4.8326530612 0.0000000000
4.8367346939 0.0000000000
4.8408163265 0.0000000000
4.8448979592 0.6768787503
4.8489795918 0.0000000000
4.8530612245 0.1087188721
4.8571428571 1.6857385635
4.8612244898 5.9916973114
4.8653061224 7.4554681778
4.8693877551 6.0013532639
4.8734693878 5.0179853439
4.8775510204 5.9283657074
4.8816326531 6.0963435173
4.8857142857 2.4135806561
4.8897959184 0.8204165101
4.8938775510 0.0000000000
4.8979591837 0.0000000000
4.9020408163 0.0000000000
4.9061224490 0.0000000000
4.9102040816 0.0000000000
4.9142857143 0.0000000000
4.9183673469 0.0000000000
4.9224489796 0.0000000000
4.9265306122 0.0000000000
4.9306122449 0.0000000000
4.9346938776 0.0000000000
4.9387755102 0.0000000000
4.9428571429 0.0000000000
4.9469387755 0.0000000000
4.9510204082 0.0000000000
4.9551020408 0.0000000000
4.9591836735 0.0000000000
4.9632653061 0.0000000000
4.9673469388 0.1928880811
4.9714285714 0.0000000000
4.9755102041 0.0000000000
4.9795918367 0.0000000000
4.9836734694 0.0000000000
4.9877551020 0.0000000000
4.9918367347 0.0000000000
4.9959183673 0.0000000000
5.0000000000 0.0000000000
5.0040816327 0.0000000000
5.0081632653 0.0000000000
5.0122448980 0.0000000000
5.0163265306 0.0000000000
5.0204081633 0.4041194916
5.0244897959 0.0000000000
5.0285714286 0.0000000000
5.0326530612 0.0000000000
5.0367346939 0.0000000000
5.0408163265 0.0000000000
5.0448979592 2.4625062943
5.0489795918 12.6118364334
5.0530612245 34.1659202576
5.0571428571 87.0494689941
5.0612244898 116.6342086792
5.0653061224 130.1178894043
5.0693877551 117.6957473755
5.0734693878 104.6562805176
5.0775510204 98.2619476318
5.0816326531 84.1797561646
5.0857142857 70.4224090576
5.0897959184 56.1664123535
5.0938775510 37.8530616760
5.0979591837 30.9722423553
5.1020408163 16.0755500793
5.1061224490 5.7124495506
5.1102040816 0.1478791237
5.1142857143 0.0000000000
5.1183673469 0.0000000000
5.1224489796 0.0000000000
5.1265306122 0.0000000000
5.1306122449 0.0000000000
5.1346938776 0.0000000000
5.1387755102 0.0000000000
5.1428571429 0.0000000000
5.1469387755 0.0000000000
5.1510204082 0.0000000000
5.1551020408 0.0000000000
5.1591836735 0.0000000000
5.1632653061 0.0000000000
5.1673469388 0.0000000000
5.1714285714 0.0000000000
5.1755102041 0.0000000000
5.1795918367 0.0000000000
5.1836734694 0.0000000000
5.1877551020 0.0000000000
5.1918367347 0.0000000000
5.1959183673 0.0000000000
5.2000000000 0.0000000000
5.2040816327 0.0000000000
5.2081632653 0.0000000000
5.2122448980 0.0000000000
5.2163265306 0.0000000000
5.2204081633 0.0000000000
5.2244897959 0.0000000000
5.2285714286 0.0000000000
5.2326530612 0.0000000000
5.2367346939 0.0000000000
5.2408163265 0.0000000000
5.2448979592 0.0000000000
5.2489795918 0.0000000000
5.2530612245 0.0000000000
5.2571428571 0.0000000000
5.2612244898 0.0000000000
5.2653061224 0.0000000000
5.2693877551 0.0000000000
5.2734693878 0.0000000000
5.2775510204 0.0000000000
5.2816326531 0.0000000000
5.2857142857 0.0000000000
5.2897959184 0.0000000000
5.2938775510 0.0000000000
5.2979591837 0.0000000000
5.3020408163 0.0000000000
5.3061224490 0.0000000000
5.3102040816 0.0000000000
5.3142857143 0.9489655495
5.3183673469 1.0675191879
5.3224489796 0.3259778023
5.3265306122 0.0000000000
5.3306122449 0.0000000000
5.3346938776 0.0000000000
5.3387755102 0.0000000000
5.3428571429 0.0000000000
5.3469387755 0.0000000000
5.3510204082 4.1856169701
5.3551020408 16.5207977295
5.3591836735 26.4567146301
5.3632653061 33.9862670898
5.3673469388 38.4001121521
5.3714285714 41.2236480713
5.3755102041 42.3865318298
5.3795918367 39.7717361450
5.3836734694 39.1825408936
5.3877551020 35.0291748047
5.3918367347 28.4738540649
5.3959183673 13.7486457825
5.4000000000 10.9651679993
5.4040816327 1.4803409576
5.4081632653 0.0000000000
5.4122448980 0.0000000000
5.4163265306 0.0000000000
5.4204081633 0.0000000000
5.4244897959 0.0000000000
5.4285714286 0.0000000000
5.4326530612 0.0000000000
5.4367346939 0.0000000000
5.4408163265 0.0000000000
5.4448979592 0.0000000000
5.4489795918 0.0000000000
5.4530612245 0.0000000000
5.4571428571 0.0000000000
5.4612244898 0.0000000000
5.4653061224 0.0000000000
5.4693877551 0.0000000000
5.4734693878 0.0000000000
5.4775510204 0.0000000000
5.4816326531 0.0000000000
5.4857142857 0.0000000000
5.4897959184 0.0077486038
5.4938775510 0.0000000000
5.4979591837 1.8544197083
5.5020408163 4.1828155518
5.5061224490 30.7609443665
5.5102040816 38.2593307495
5.5142857143 41.5946846008
5.5183673469 40.6582374573
5.5224489796 33.3610153198
5.5265306122 20.8196334839
5.5306122449 16.7932205200
5.5346938776 1.1838674545
5.5387755102 0.0000000000
5.5428571429 0.0000000000
5.5469387755 0.0000000000
5.5510204082 0.0000000000
5.5551020408 0.0000000000
5.5591836735 0.0000000000
5.5632653061 0.0000000000
5.5673469388 0.0000000000
5.5714285714 0.0000000000
5.5755102041 0.0000000000
5.5795918367 0.0000000000
5.5836734694 0.0000000000
5.5877551020 0.0000000000
5.5918367347 0.0000000000
5.5959183673 0.0000000000
5.6000000000 0.0000000000
5.6040816327 0.0000000000
5.6081632653 0.0000000000
5.6122448980 0.0000000000
5.6163265306 0.0000000000
5.6204081633 0.0000000000
5.6244897959 0.0000000000
5.6285714286 0.0000000000
5.6326530612 0.0000000000
5.6367346939 0.0000000000
5.6408163265 0.0000000000
5.6448979592 0.0000000000
5.6489795918 0.0000000000
5.6530612245 0.0000000000
5.6571428571 0.0000000000
5.6612244898 0.0000000000
5.6653061224 10.2566184998
5.6693877551 47.6278648376
5.6734693878 78.4389038086
5.6775510204 102.2552566528
5.6816326531 120.3492813110
5.6857142857 126.3750381470
5.6897959184 120.6621856689
5.6938775510 106.7060852051
5.6979591837 83.7523956299
5.7020408163 65.3457031250
5.7061224490 51.1285095215
5.7102040816 31.4657688141
5.7142857143 15.1123704910
5.7183673469 0.0934600830
5.7224489796 0.0000000000
5.7265306122 0.0000000000
5.7306122449 0.0000000000
5.7346938776 0.0000000000
5.7387755102 0.0000000000
5.7428571429 0.0000000000
5.7469387755 0.0000000000
5.7510204082 0.0000000000
5.7551020408 6.0914158821
5.7591836735 2.7433633804
5.7632653061 0.0000000000
5.7673469388 0.0000000000
5.7714285714 0.0000000000
5.7755102041 0.0000000000
5.7795918367 0.0000000000
5.7836734694 0.0000000000
5.7877551020 0.0000000000
5.7918367347 0.0000000000
5.7959183673 0.0000000000
5.8000000000 0.0000000000
5.8040816327 0.0000000000
5.8081632653 0.0000000000
5.8122448980 0.0000000000
5.8163265306 0.0000000000
5.8204081633 0.0000000000
5.8244897959 0.0000000000
5.8285714286 0.0000000000
5.8326530612 0.0000000000
5.8367346939 0.0000000000
5.8408163265 0.0000000000
5.8448979592 0.0000000000
5.8489795918 0.0000000000
5.8530612245 0.0000000000
5.8571428571 0.0000000000
5.8612244898 0.0000000000
5.8653061224 0.0000000000
5.8693877551 0.0000000000
5.8734693878 0.0000000000
5.8775510204 0.0000000000
5.8816326531 0.0000000000
5.8857142857 0.0000000000
5.8897959184 0.0000000000
5.8938775510 0.0000000000
5.8979591837 0.0000000000
5.9020408163 0.0000000000
5.9061224490 0.0000000000
5.9102040816 0.0000000000
5.9142857143 0.0000000000
5.9183673469 0.0000000000
5.9224489796 0.0000000000
5.9265306122 0.0000000000
5.9306122449 0.0000000000
5.9346938776 0.0000000000
5.9387755102 0.0000000000
5.9428571429 0.0000000000
5.9469387755 0.0000000000
5.9510204082 0.0000000000
5.9551020408 0.0000000000
5.9591836735 0.6688833237
5.9632653061 1.1155605316
5.9673469388 1.1273622513
5.9714285714 0.0000000000
5.9755102041 0.2434253693
5.9795918367 0.8909702301
5.9836734694 9.1029405594
5.9877551020 20.6845321655
5.9918367347 31.0290451050
5.9959183673 46.7327308655
6.0000000000 47.1984176636
6.0040816327 35.1313323975
6.0081632653 27.2486209869
6.0122448980 28.3963088989
6.0163265306 26.4711380005
6.0204081633 17.4858360291
6.0244897959 5.5022945404
6.0285714286 0.0000000000
6.0326530612 0.0000000000
6.0367346939 0.0000000000
6.0408163265 0.0000000000
6.0448979592 0.0000000000
6.0489795918 0.0000000000
6.0530612245 0.0000000000
6.0571428571 0.0000000000
6.0612244898 0.0000000000
6.0653061224 0.0000000000
6.0693877551 0.0000000000
6.0734693878 0.0000000000
6.0775510204 0.0000000000
6.0816326531 0.0000000000
6.0857142857 0.0000000000
6.0897959184 0.0000000000
6.0938775510 0.0000000000
6.0979591837 0.0000000000
6.1020408163 0.0000000000
6.1061224490 4.6871080399
6.1102040816 21.6906661987
6.1142857143 32.3542633057
6.1183673469 43.3856811523
6.1224489796 45.7190589905
6.1265306122 44.3339195251
6.1306122449 41.9535636902
6.1346938776 32.5083732605
6.1387755102 19.9395408630
6.1428571429 10.4056596756
6.1469387755 7.7532529831
6.1510204082 0.0000000000
6.1551020408 0.0000000000
6.1591836735 0.0000000000
6.1632653061 0.0000000000
6.1673469388 0.0000000000
6.1714285714 0.0000000000
6.1755102041 0.0000000000
6.1795918367 0.0000000000
6.1836734694 0.0000000000
6.1877551020 0.0000000000
6.1918367347 0.0000000000
6.1959183673 0.0000000000
6.2000000000 0.0000000000
6.2040816327 0.0000000000
6.2081632653 0.0000000000
6.2122448980 0.0000000000
6.2163265306 0.0000000000
6.2204081633 0.0000000000
6.2244897959 0.0000000000
6.2285714286 0.0000000000
6.2326530612 0.0000000000
6.2367346939 0.0000000000
6.2408163265 2.7975440025
6.2448979592 7.8282356262
6.2489795918 8.5179214478
6.2530612245 3.0647516251
6.2571428571 0.1920163631
6.2612244898 0.4243850708
6.2653061224 0.0000000000
6.2693877551 0.0000000000
6.2734693878 0.0000000000
6.2775510204 0.0000000000
6.2816326531 0.0000000000
6.2857142857 0.0000000000
6.2897959184 0.0000000000
6.2938775510 4.6513676643
6.2979591837 44.4034347534
6.3020408163 79.5135498047
6.3061224490 111.2959365845
6.3102040816 119.1003036499
6.3142857143 129.3964691162
6.3183673469 107.4812469482
6.3224489796 91.8572235107
6.3265306122 79.7892150879
6.3306122449 62.0545768738
6.3346938776 47.0958557129
6.3387755102 27.3567428589
6.3428571429 13.7730836868
6.3469387755 4.5224428177
6.3510204082 0.3521442413
6.3551020408 0.0000000000
6.3591836735 0.0000000000
6.3632653061 0.0000000000
6.3673469388 0.0000000000
6.3714285714 0.0000000000
6.3755102041 0.0000000000
6.3795918367 0.0000000000
6.3836734694 0.0000000000
6.3877551020 0.0000000000
6.3918367347 0.0000000000
6.3959183673 0.0000000000
6.4000000000 0.0000000000
6.4040816327 0.0000000000
6.4081632653 0.0000000000
6.4122448980 0.0000000000
6.4163265306 0.0000000000
6.4204081633 0.0000000000
6.4244897959 0.0000000000
6.4285714286 0.0000000000
6.4326530612 0.0000000000
6.4367346939 0.0000000000
6.4408163265 0.0000000000
6.4448979592 0.0000000000
6.4489795918 0.0000000000
6.4530612245 0.0000000000
6.4571428571 0.0000000000
6.4612244898 0.0000000000
6.4653061224 0.0000000000
6.4693877551 0.0000000000
6.4734693878 0.0000000000
6.4775510204 0.0000000000
6.4816326531 0.0000000000
6.4857142857 0.0000000000
6.4897959184 0.0000000000
6.4938775510 0.0000000000
6.4979591837 0.0000000000
6.5020408163 0.0000000000
6.5061224490 0.0000000000
6.5102040816 0.0000000000
6.5142857143 0.0000000000
6.5183673469 0.0000000000
6.5224489796 0.0000000000
6.5265306122 0.0000000000
6.5306122449 0.0000000000
6.5346938776 0.0000000000
6.5387755102 0.0000000000
6.5428571429 0.0000000000
6.5469387755 0.0000000000
6.5510204082 0.0000000000
6.5551020408 0.0000000000
6.5591836735 0.0000000000
6.5632653061 0.0000000000
6.5673469388 0.0000000000
6.5714285714 0.0000000000
6.5755102041 0.0000000000
6.5795918367 0.0000000000
6.5836734694 0.0000000000
6.5877551020 0.0000000000
6.5918367347 0.0000000000
6.5959183673 0.0000000000
6.6000000000 0.0000000000
6.6040816327 0.0000000000
6.6081632653 5.4594278336
6.6122448980 7.9306960106
6.6163265306 9.2058773041
6.6204081633 9.5462207794
6.6244897959 8.3783264160
6.6285714286 5.8418216705
6.6326530612 1.2205541134
6.6367346939 0.6562471390
6.6408163265 0.0000000000
6.6448979592 0.0000000000
6.6489795918 0.0000000000
6.6530612245 0.0000000000
6.6571428571 0.0000000000
6.6612244898 0.0000000000
6.6653061224 0.0000000000
6.6693877551 0.0663995743
6.6734693878 0.0000000000
6.6775510204 0.0000000000
6.6816326531 0.0000000000
6.6857142857 0.0000000000
6.6897959184 0.0000000000
6.6938775510 0.0000000000
6.6979591837 1.1393725872
6.7020408163 0.0000000000
6.7061224490 0.0000000000
6.7102040816 0.6930828094
6.7142857143 0.0000000000
6.7183673469 0.0000000000
6.7224489796 0.0000000000
6.7265306122 0.0000000000
6.7306122449 0.0000000000
6.7346938776 0.0000000000
6.7387755102 0.0000000000
6.7428571429 0.0000000000
6.7469387755 0.0000000000
6.7510204082 0.0000000000
6.7551020408 0.2391934395
6.7591836735 2.1350531578
6.7632653061 9.7437944412
6.7673469388 16.4718475342
6.7714285714 21.2505569458
6.7755102041 24.6970024109
6.7795918367 25.7921600342
6.7836734694 26.3669471741
6.7877551020 24.3764762878
6.7918367347 23.7351799011
6.7959183673 17.8718566895
6.8000000000 8.0137252808
6.8040816327 3.3924579620
6.8081632653 0.0000000000
6.8122448980 0.0000000000
6.8163265306 0.0000000000
6.8204081633 0.0000000000
6.8244897959 0.0000000000
6.8285714286 0.0000000000
6.8326530612 0.0000000000
6.8367346939 0.0000000000
6.8408163265 0.0000000000
6.8448979592 0.0000000000
6.8489795918 0.0000000000
6.8530612245 0.0000000000
6.8571428571 0.0000000000
6.8612244898 0.0000000000
6.8653061224 0.0000000000
6.8693877551 0.0000000000
6.8734693878 0.0000000000
6.8775510204 0.0000000000
6.8816326531 0.0000000000
6.8857142857 0.2349615097
6.8897959184 1.1849999428
6.8938775510 3.0349493027
6.8979591837 2.5359318256
6.9020408163 0.0000000000
6.9061224490 0.0000000000
6.9102040816 0.0000000000
6.9142857143 0.0000000000
6.9183673469 0.0000000000
6.9224489796 0.0000000000
6.9265306122 0.0000000000
6.9306122449 0.0000000000
6.9346938776 0.0000000000
6.9387755102 0.0000000000
6.9428571429 0.0000000000
6.9469387755 0.0000000000
6.9510204082 25.5991210938
6.9551020408 35.7336997986
6.9591836735 30.8855171204
6.9632653061 21.0295028687
6.9673469388 12.2778415680
6.9714285714 7.3305368423
6.9755102041 3.7890076637
6.9795918367 2.3500919342
6.9836734694 1.7336606979
6.9877551020 0.0000000000
6.9918367347 0.0000000000
6.9959183673 0.0000000000
7.0000000000 0.0000000000
7.0040816327 0.0000000000
7.0081632653 0.0000000000
7.0122448980 0.0000000000
7.0163265306 0.0000000000
7.0204081633 0.0000000000
7.0244897959 0.0000000000
7.0285714286 0.0000000000
7.0326530612 0.0000000000
7.0367346939 0.0000000000
7.0408163265 0.0000000000
7.0448979592 0.0000000000
7.0489795918 0.0000000000
7.0530612245 0.0000000000
7.0571428571 0.0000000000
7.0612244898 0.0000000000
7.0653061224 0.0000000000
7.0693877551 0.0000000000
7.0734693878 0.0000000000
7.0775510204 0.7472038269
7.0816326531 8.9648962021
7.0857142857 16.2693042755
7.0897959184 27.1609725952
7.0938775510 30.8354797363
7.0979591837 33.4330215454
7.1020408163 34.5650901794
7.1061224490 34.2339248657
7.1102040816 29.8005199432
7.1142857143 23.2600135803
7.1183673469 15.9384307861
7.1224489796 8.2257690430
7.1265306122 0.3861784935
7.1306122449 0.0000000000
7.1346938776 0.0000000000
7.1387755102 0.0000000000
7.1428571429 0.0000000000
7.1469387755 0.0000000000
7.1510204082 0.0000000000
7.1551020408 0.0000000000
7.1591836735 0.0000000000
7.1632653061 0.0000000000
7.1673469388 0.0000000000
7.1714285714 0.0000000000
7.1755102041 0.0000000000
7.1795918367 0.0000000000
7.1836734694 0.0000000000
7.1877551020 0.0000000000
7.1918367347 0.0000000000
7.1959183673 0.0000000000
7.2000000000 0.0000000000
7.2040816327 0.0000000000
7.2081632653 0.0000000000
7.2122448980 0.0000000000
7.2163265306 0.0000000000
7.2204081633 0.0000000000
7.2244897959 0.0000000000
7.2285714286 0.0000000000
7.2326530612 0.0000000000
7.2367346939 2.0540952682
7.2408163265 7.9171361923
7.2448979592 21.2853240967
7.2489795918 26.2361030579
7.2530612245 24.7194404602
7.2571428571 25.2062606812
7.2612244898 17.4048995972
7.2653061224 24.3333282471
7.2693877551 12.2116651535
7.2734693878 6.4453783035
7.2775510204 4.6429338455
7.2816326531 3.1309576035
7.2857142857 1.6335844994
7.2897959184 1.2436583042
7.2938775510 2.3739933968
7.2979591837 0.1357793808
7.3020408163 0.0000000000
7.3061224490 0.0690221786
7.3102040816 0.0000000000
7.3142857143 0.0000000000
7.3183673469 0.0000000000
7.3224489796 0.0000000000
7.3265306122 0.0000000000
7.3306122449 0.0000000000
7.3346938776 0.0000000000
7.3387755102 0.0000000000
7.3428571429 0.0000000000
7.3469387755 0.0000000000
7.3510204082 0.0000000000
7.3551020408 0.0000000000
7.3591836735 0.0000000000
7.3632653061 0.0000000000
7.3673469388 0.0000000000
7.3714285714 0.0000000000
7.3755102041 0.0000000000
7.3795918367 0.0000000000
7.3836734694 0.0000000000
7.3877551020 0.0000000000
7.3918367347 0.0000000000
7.3959183673 0.0000000000
7.4000000000 0.0000000000
7.4040816327 0.0000000000
7.4081632653 0.0000000000
7.4122448980 0.0000000000
7.4163265306 0.0000000000
7.4204081633 0.0000000000
7.4244897959 0.0000000000
7.4285714286 0.0000000000
7.4326530612 0.0000000000
7.4367346939 0.0000000000
7.4408163265 0.0000000000
7.4448979592 0.0000000000
7.4489795918 0.0000000000
7.4530612245 0.0000000000
7.4571428571 1.1965930462
7.4612244898 4.6299099922
7.4653061224 13.9192943573
7.4693877551 11.1119747162
7.4734693878 6.0249271393
7.4775510204 3.1105875969
7.4816326531 0.0000000000
7.4857142857 0.0000000000
7.4897959184 0.0000000000
7.4938775510 0.0000000000
7.4979591837 0.0000000000
7.5020408163 0.0000000000
7.5061224490 0.0000000000
7.5102040816 0.0000000000
7.5142857143 0.0000000000
7.5183673469 0.0000000000
7.5224489796 3.8766264915
7.5265306122 17.7448101044
7.5306122449 36.4702186584
7.5346938776 62.2135696411
7.5387755102 98.9829025269
7.5428571429 116.9875640869
7.5469387755 118.4919128418
7.5510204082 112.2335815430
7.5551020408 96.6681823730
7.5591836735 81.6856613159
7.5632653061 75.7783660889
7.5673469388 58.2942657471
7.5714285714 45.2125091553
7.5755102041 41.3241386414
7.5795918367 28.0945301056
7.5836734694 16.4115428925
7.5877551020 7.4981002808
7.5918367347 0.1659989357
7.5959183673 0.0000000000
7.6000000000 0.0000000000
7.6040816327 0.0000000000
7.6081632653 0.0000000000
7.6122448980 0.0000000000
7.6163265306 0.0000000000
7.6204081633 0.0000000000
7.6244897959 0.0000000000
7.6285714286 0.0000000000
7.6326530612 0.0000000000
7.6367346939 0.0000000000
7.6408163265 0.0000000000
7.6448979592 0.0000000000
7.6489795918 0.0000000000
7.6530612245 0.0000000000
7.6571428571 0.0000000000
7.6612244898 0.0000000000
7.6653061224 0.0000000000
7.6693877551 0.0000000000
7.6734693878 0.0000000000
7.6775510204 0.5714893341
7.6816326531 0.0000000000
7.6857142857 0.0000000000
7.6897959184 0.0000000000
7.6938775510 0.0000000000
7.6979591837 0.0000000000
7.7020408163 0.0000000000
7.7061224490 0.0000000000
7.7102040816 0.0000000000
7.7142857143 0.0000000000
7.7183673469 0.0000000000
7.7224489796 0.0000000000
7.7265306122 0.0000000000
7.7306122449 0.0000000000
7.7346938776 0.0000000000
7.7387755102 0.0000000000
7.7428571429 0.0000000000
7.7469387755 0.0000000000
7.7510204082 0.0000000000
7.7551020408 0.0000000000
7.7591836735 1.1455714703
7.7632653061 0.0000000000
7.7673469388 0.0000000000
7.7714285714 0.0000000000
7.7755102041 0.0000000000
7.7795918367 0.0000000000
7.7836734694 0.0000000000
7.7877551020 0.0000000000
7.7918367347 0.0000000000
7.7959183673 0.0000000000
7.8000000000 0.0000000000
7.8040816327 0.0000000000
7.8081632653 0.0000000000
7.8122448980 0.0000000000
7.8163265306 0.0000000000
7.8204081633 0.0000000000
7.8244897959 0.0000000000
7.8285714286 0.8512660861
7.8326530612 2.8994977474
7.8367346939 7.0499033928
7.8408163265 14.5759429932
7.8448979592 18.5395622253
7.8489795918 19.9991760254
7.8530612245 17.3656940460
7.8571428571 12.4062595367
7.8612244898 9.5254182816
7.8653061224 4.1701793671
7.8693877551 2.2898912430
7.8734693878 0.0000000000
7.8775510204 0.0000000000
7.8816326531 0.0000000000
7.8857142857 0.0000000000
7.8897959184 0.0000000000
7.8938775510 0.0000000000
7.8979591837 0.0000000000
7.9020408163 0.0000000000
7.9061224490 0.0000000000
7.9102040816 0.0000000000
7.9142857143 0.0000000000
7.9183673469 0.0000000000
7.9224489796 0.0000000000
7.9265306122 0.0000000000
7.9306122449 0.0000000000
7.9346938776 0.0000000000
7.9387755102 0.0000000000
7.9428571429 0.0000000000
7.9469387755 0.0000000000
7.9510204082 0.0000000000
7.9551020408 0.0000000000
7.9591836735 0.6141662598
7.9632653061 1.8773227930
7.9673469388 10.9120607376
7.9714285714 29.7055835724
7.9755102041 58.4070091248
7.9795918367 88.1190948486
7.9836734694 85.8111953735
7.9877551020 82.0355377197
7.9918367347 81.9328460693
7.9959183673 73.3775482178
8.0000000000 59.0521697998
8.0040816327 34.3052597046
8.0081632653 19.7798004150
8.0122448980 8.8020706177
8.0163265306 0.0000000000
8.0204081633 0.0000000000
8.0244897959 0.0000000000
8.0285714286 0.0000000000
8.0326530612 0.0000000000
8.0367346939 0.0000000000
8.0408163265 0.0000000000
8.0448979592 0.0000000000
8.0489795918 0.0000000000
8.0530612245 0.0000000000
8.0571428571 0.0000000000
8.0612244898 0.1261234283
8.0653061224 0.0000000000
8.0693877551 0.0000000000
8.0734693878 0.0000000000
8.0775510204 0.0000000000
8.0816326531 0.0000000000
8.0857142857 0.0000000000
8.0897959184 0.0000000000
8.0938775510 0.0000000000
8.0979591837 0.0000000000
8.1020408163 0.0000000000
8.1061224490 0.0000000000
8.1102040816 0.0000000000
8.1142857143 0.0000000000
8.1183673469 0.0000000000
8.1224489796 0.4534125328
8.1265306122 0.0000000000
8.1306122449 0.8433461189
8.1346938776 2.9406659603
8.1387755102 12.5302677155
8.1428571429 19.5962219238
8.1469387755 23.8825225830
8.1510204082 24.4526863098
8.1551020408 20.2854881287
8.1591836735 14.6292781830
8.1632653061 6.6792964935
8.1673469388 3.2064914703
8.1714285714 5.2129030228
8.1755102041 1.9687414169
8.1795918367 0.9573101997
8.1836734694 0.0785589218
8.1877551020 0.0000000000
8.1918367347 0.0000000000
8.1959183673 0.0000000000
8.2000000000 0.0000000000
8.2040816327 0.0000000000
8.2081632653 0.0000000000
8.2122448980 0.0000000000
8.2163265306 0.0000000000
8.2204081633 0.0000000000
8.2244897959 0.0000000000
8.2285714286 0.0000000000
8.2326530612 0.0000000000
8.2367346939 0.0000000000
8.2408163265 0.0000000000
8.2448979592 0.0000000000
8.2489795918 0.0000000000
8.2530612245 0.0000000000
8.2571428571 0.0000000000
8.2612244898 0.0000000000
8.2653061224 0.1354813576
8.2693877551 0.0000000000
8.2734693878 0.0000000000
8.2775510204 0.0000000000
8.2816326531 0.0000000000
8.2857142857 2.5163888931
8.2897959184 7.1093363762
8.2938775510 0.9351968765
8.2979591837 0.0000000000
8.3020408163 5.8621168137
8.3061224490 12.6407146454
8.3102040816 12.2196674347
8.3142857143 35.0927124023
8.3183673469 39.1156654358
8.3224489796 30.5207977295
8.3265306122 24.1913795471
8.3306122449 19.9192771912
8.3346938776 10.2787761688
8.3387755102 4.1986255646
8.3428571429 1.9090175629
8.3469387755 1.2140274048
8.3510204082 0.2132654190
8.3551020408 0.0000000000
8.3591836735 0.0000000000
8.3632653061 0.0000000000
8.3673469388 0.0000000000
8.3714285714 0.0000000000
8.3755102041 0.2105236053
8.3795918367 0.0000000000
8.3836734694 0.0000000000
8.3877551020 0.0000000000
8.3918367347 0.0610053539
8.3959183673 0.0591911376
8.4000000000 1.1461005211
8.4040816327 1.5578866005
8.4081632653 0.1537278295
8.4122448980 0.0000000000
8.4163265306 0.0000000000
8.4204081633 0.0000000000
8.4244897959 0.0000000000
8.4285714286 0.0000000000
8.4326530612 0.0000000000
8.4367346939 3.0565261841
8.4408163265 13.3806467056
8.4448979592 21.6272773743
8.4489795918 24.6747951508
8.4530612245 24.8818397522
8.4571428571 26.5744934082
8.4612244898 21.4760303497
8.4653061224 18.4720764160
8.4693877551 11.6222457886
8.4734693878 6.2663407326
8.4775510204 2.9834806919
8.4816326531 1.3828128576
8.4857142857 1.0111629963
8.4897959184 0.2733021975
8.4938775510 0.0000000000
8.4979591837 0.0000000000
8.5020408163 0.0000000000
8.5061224490 0.0000000000
8.5102040816 0.0000000000
8.5142857143 0.0000000000
8.5183673469 0.0000000000
8.5224489796 0.0000000000
8.5265306122 0.0000000000
8.5306122449 0.0000000000
8.5346938776 0.0000000000
8.5387755102 0.0000000000
8.5428571429 0.0000000000
8.5469387755 0.0000000000
8.5510204082 0.0000000000
8.5551020408 0.0000000000
8.5591836735 0.0000000000
8.5632653061 0.0000000000
8.5673469388 0.0000000000
8.5714285714 0.0000000000
8.5755102041 0.0000000000
8.5795918367 0.0000000000
8.5836734694 0.0000000000
8.5877551020 0.0000000000
8.5918367347 0.0000000000
8.5959183673 0.0000000000
8.6000000000 0.0000000000
8.6040816327 0.0000000000
8.6081632653 0.0000000000
8.6122448980 0.0000000000
8.6163265306 0.0000000000
8.6204081633 0.0000000000
8.6244897959 0.0000000000
8.6285714286 0.0000000000
8.6326530612 0.0000000000
8.6367346939 0.0000000000
8.6408163265 0.0000000000
8.6448979592 0.0000000000
8.6489795918 0.0000000000
8.6530612245 0.0000000000
8.6571428571 0.0000000000
8.6612244898 0.0000000000
8.6653061224 0.0000000000
8.6693877551 0.0000000000
8.6734693878 0.0000000000
8.6775510204 0.0000000000
8.6816326531 0.0000000000
8.6857142857 0.0000000000
8.6897959184 0.0000000000
8.6938775510 0.0000000000
8.6979591837 0.0000000000
8.7020408163 0.0000000000
8.7061224490 0.0000000000
8.7102040816 0.0000000000
8.7142857143 0.0000000000
8.7183673469 0.0000000000
8.7224489796 0.0000000000
8.7265306122 0.0000000000
8.7306122449 0.0000000000
8.7346938776 0.0000000000
8.7387755102 0.0000000000
8.7428571429 2.3967027664
8.7469387755 3.3084154129
8.7510204082 4.3219327927
8.7551020408 10.3456974030
8.7591836735 11.3819837570
8.7632653061 12.6880407333
8.7673469388 23.9610671997
8.7714285714 39.0284652710
8.7755102041 43.0744895935
8.7795918367 43.8785552979
8.7836734694 52.3492088318
8.7877551020 52.6505737305
8.7918367347 52.7141113281
8.7959183673 51.0379104614
8.8000000000 47.8441123962
8.8040816327 39.6089706421
8.8081632653 29.9275665283
8.8122448980 21.9529418945
8.8163265306 22.6053886414
8.8204081633 21.5024948120
8.8244897959 16.5019626617
8.8285714286 9.0624094009
8.8326530612 5.7342052460
8.8367346939 1.1866092682
8.8408163265 0.0000000000
8.8448979592 0.0000000000
8.8489795918 0.0000000000
8.8530612245 0.0000000000
8.8571428571 0.0000000000
8.8612244898 0.0000000000
8.8653061224 0.0000000000
8.8693877551 0.0000000000
8.8734693878 0.0000000000
8.8775510204 0.0000000000
8.8816326531 0.0000000000
8.8857142857 0.0000000000
8.8897959184 0.0000000000
8.8938775510 0.0000000000
8.8979591837 0.0000000000
8.9020408163 0.0000000000
8.9061224490 0.0000000000
8.9102040816 0.0000000000
8.9142857143 0.0000000000
8.9183673469 0.0000000000
8.9224489796 0.0000000000
8.9265306122 0.0000000000
8.9306122449 0.0000000000
8.9346938776 0.0000000000
8.9387755102 0.0000000000
8.9428571429 0.0000000000
8.9469387755 0.0000000000
8.9510204082 0.0000000000
8.9551020408 0.0000000000
8.9591836735 0.0000000000
8.9632653061 0.0000000000
8.9673469388 0.0000000000
8.9714285714 0.0000000000
8.9755102041 0.0000000000
8.9795918367 0.0000000000
8.9836734694 0.0000000000
8.9877551020 2.4647712708
8.9918367347 4.1592121124
8.9959183673 1.4331340790
9.0000000000 1.5047788620
9.0040816327 0.0000000000
9.0081632653 0.0000000000
9.0122448980 0.0000000000
9.0163265306 0.0000000000
9.0204081633 0.0000000000
9.0244897959 0.2692937851
9.0285714286 0.9273290634
9.0326530612 1.0675191879
9.0367346939 0.1428127289
9.0408163265 0.0000000000
9.0448979592 0.0000000000
9.0489795918 0.7868111134
9.0530612245 0.0000000000
9.0571428571 0.0000000000
9.0612244898 0.0000000000
9.0653061224 0.0000000000
9.0693877551 0.0000000000
9.0734693878 0.0000000000
9.0775510204 0.0000000000
9.0816326531 0.0000000000
9.0857142857 0.0000000000
9.0897959184 0.0000000000
9.0938775510 0.0000000000
9.0979591837 5.9175491333
9.1020408163 10.1301670074
9.1061224490 6.4863262177
9.1102040816 4.0282607079
9.1142857143 1.2799501419
9.1183673469 2.5474429131
9.1224489796 5.4587202072
9.1265306122 0.7923841476
9.1306122449 0.0042915344
9.1346938776 0.0000000000
9.1387755102 0.0000000000
9.1428571429 0.0000000000
9.1469387755 0.0000000000
9.1510204082 0.0000000000
9.1551020408 0.0000000000
9.1591836735 0.0000000000
9.1632653061 0.0000000000
9.1673469388 0.0000000000
9.1714285714 0.0000000000
9.1755102041 0.0000000000
9.1795918367 0.0000000000
9.1836734694 0.0000000000
9.1877551020 0.0000000000
9.1918367347 0.0000000000
9.1959183673 0.0000000000
9.2000000000 0.0000000000
9.2040816327 0.0000000000
9.2081632653 0.0000000000
9.2122448980 0.0000000000
9.2163265306 0.0000000000
9.2204081633 0.0000000000
9.2244897959 0.0000000000
9.2285714286 0.0000000000
9.2326530612 0.0000000000
9.2367346939 1.5102624893
9.2408163265 4.5074224472
9.2448979592 18.8724250793
9.2489795918 35.4690780640
9.2530612245 48.7165451050
9.2571428571 54.4394264221
9.2612244898 57.5798149109
9.2653061224 52.9913330078
9.2693877551 51.1520500183
9.2734693878 38.6926536560
9.2775510204 25.0552902222
9.2816326531 22.3029251099
9.2857142857 19.3125610352
9.2897959184 10.1515054703
9.2938775510 0.0000000000
9.2979591837 2.4480819702
9.3020408163 0.0000000000
9.3061224490 0.0000000000
9.3102040816 0.0000000000
9.3142857143 0.0000000000
9.3183673469 0.0000000000
9.3224489796 1.0873079300
9.3265306122 7.0924758911
9.3306122449 5.6598186493
9.3346938776 0.0000000000
9.3387755102 0.0000000000
9.3428571429 0.0000000000
9.3469387755 0.0000000000
9.3510204082 0.0000000000
9.3551020408 0.0000000000
9.3591836735 0.0000000000
9.3632653061 0.0000000000
9.3673469388 0.0000000000
9.3714285714 0.0000000000
9.3755102041 0.0000000000
9.3795918367 0.0000000000
9.3836734694 0.0000000000
9.3877551020 0.0000000000
9.3918367347 0.0000000000
9.3959183673 0.0549852848
9.4000000000 0.0000000000
9.4040816327 0.0000000000
9.4081632653 0.0000000000
9.4122448980 0.3405809402
9.4163265306 0.4814863205
9.4204081633 5.0203056335
9.4244897959 7.1657299995
9.4285714286 18.1972980499
9.4326530612 26.4824619293
9.4367346939 30.0327262878
9.4408163265 21.0319385529
9.4448979592 20.0278015137
9.4489795918 25.8886661530
9.4530612245 27.5680274963
9.4571428571 14.4384498596
9.4612244898 21.5069656372
9.4653061224 23.6243972778
9.4693877551 15.9743690491
9.4734693878 12.6065616608
9.4775510204 7.0605874062
9.4816326531 2.9346346855
9.4857142857 0.0000000000
9.4897959184 0.0000000000
9.4938775510 0.0000000000
9.4979591837 0.0000000000
9.5020408163 0.0000000000
9.5061224490 0.0000000000
9.5102040816 0.0000000000
9.5142857143 0.0000000000
9.5183673469 0.0000000000
9.5224489796 0.0000000000
9.5265306122 0.0000000000
9.5306122449 0.0000000000
9.5346938776 0.0000000000
9.5387755102 0.0000000000
9.5428571429 0.0000000000
9.5469387755 0.0000000000
9.5510204082 0.0000000000
9.5551020408 0.0000000000
9.5591836735 0.0000000000
9.5632653061 0.0000000000
9.5673469388 0.0000000000
9.5714285714 0.0000000000
9.5755102041 0.0000000000
9.5795918367 0.0000000000
9.5836734694 0.0000000000
9.5877551020 0.0000000000
9.5918367347 0.0000000000
9.5959183673 0.0000000000
9.6000000000 0.0000000000
9.6040816327 0.0000000000
9.6081632653 0.0000000000
9.6122448980 5.3948402405
9.6163265306 7.0017576218
9.6204081633 11.5885343552
9.6244897959 14.4398021698
9.6285714286 9.5972423553
9.6326530612 11.8575391769
9.6367346939 6.9526729584
9.6408163265 3.8826549053
9.6448979592 1.0227239132
9.6489795918 0.0000000000
9.6530612245 0.0000000000
9.6571428571 0.0772476196
9.6612244898 0.0000000000
9.6653061224 0.0000000000
9.6693877551 0.0000000000
9.6734693878 0.0000000000
9.6775510204 0.0000000000
9.6816326531 0.0000000000
9.6857142857 0.0000000000
9.6897959184 0.0000000000
9.6938775510 0.0000000000
9.6979591837 1.4617443085
9.7020408163 3.9021968842
9.7061224490 5.4198503494
9.7102040816 3.1723082066
9.7142857143 0.0000000000
9.7183673469 0.0000000000
9.7224489796 0.0000000000
9.7265306122 0.0000000000
9.7306122449 0.0000000000
9.7346938776 0.0000000000
9.7387755102 1.4632716179
9.7428571429 3.5095214844
9.7469387755 7.9485177994
9.7510204082 17.7709465027
9.7551020408 28.2303390503
9.7591836735 28.8891487122
9.7632653061 21.7573642731
9.7673469388 8.8417530060
9.7714285714 0.5759596825
9.7755102041 2.5982856750
9.7795918367 2.1347999573
9.7836734694 0.0000000000
9.7877551020 0.0000000000
9.7918367347 0.0000000000
9.7959183673 1.6364455223
9.8000000000 0.0000000000
9.8040816327 0.0000000000
9.8081632653 0.0000000000
9.8122448980 0.0000000000
9.8163265306 0.0000000000
9.8204081633 0.0000000000
9.8244897959 0.0000000000
9.8285714286 0.0000000000
9.8326530612 0.0000000000
9.8367346939 0.0000000000
9.8408163265 0.0000000000
9.8448979592 0.0000000000
9.8489795918 0.0000000000
9.8530612245 0.0000000000
9.8571428571 0.0000000000
9.8612244898 0.0000000000
9.8653061224 0.0000000000
9.8693877551 0.0000000000
9.8734693878 0.0000000000
9.8775510204 0.0000000000
9.8816326531 0.0000000000
9.8857142857 0.0000000000
9.8897959184 0.0000000000
9.8938775510 0.0000000000
9.8979591837 1.2300014496
9.9020408163 1.1043548584
9.9061224490 5.9610605240
9.9102040816 17.3956756592
9.9142857143 28.3639431000
9.9183673469 21.0324516296
9.9224489796 27.9970169067
9.9265306122 39.3813247681
9.9306122449 38.4752731323
9.9346938776 33.0053558350
9.9387755102 24.0714263916
9.9428571429 18.7848815918
9.9469387755 7.0981383324
9.9510204082 3.6749839783
9.9551020408 1.7899274826
9.9591836735 5.0241947174
9.9632653061 0.0000000000
9.9673469388 0.0000000000
9.9714285714 0.8704662323
9.9755102041 0.0000000000
9.9795918367 0.0000000000
9.9836734694 2.3361444473
9.9877551020 7.2153806686
9.9918367347 12.5761032104
9.9959183673 21.1089859009
10.0000000000 23.9622592926
10.0040816327 13.8739948273
10.0081632653 6.5086483955
10.0122448980 0.0000000000
10.0163265306 0.0000000000
10.0204081633 0.0000000000
10.0244897959 0.0000000000
10.0285714286 0.0000000000
10.0326530612 0.0000000000
10.0367346939 0.0000000000
10.0408163265 0.8616447449
10.0448979592 0.0000000000
10.0489795918 0.0000000000
10.0530612245 0.0000000000
10.0571428571 0.0000000000
10.0612244898 0.0000000000
10.0653061224 0.0000000000
10.0693877551 0.0000000000
10.0734693878 0.0000000000
10.0775510204 0.0000000000
10.0816326531 0.0000000000
10.0857142857 0.0000000000
10.0897959184 0.0000000000
10.0938775510 0.4650056362
10.0979591837 0.0000000000
10.1020408163 0.0000000000
10.1061224490 0.0000000000
10.1102040816 0.0000000000
10.1142857143 0.0000000000
10.1183673469 0.0000000000
10.1224489796 0.0000000000
10.1265306122 0.0000000000
10.1306122449 0.0000000000
10.1346938776 0.0000000000
10.1387755102 0.0000000000
10.1428571429 0.0000000000
10.1469387755 0.0000000000
10.1510204082 0.0000000000
10.1551020408 0.0000000000
10.1591836735 0.0000000000
10.1632653061 0.0000000000
10.1673469388 0.0000000000
10.1714285714 0.0000000000
10.1755102041 0.0000000000
10.1795918367 0.0000000000
10.1836734694 0.0000000000
10.1877551020 0.0000000000
10.1918367347 0.0000000000
10.1959183673 0.0000000000
10.2000000000 0.0000000000
10.2040816327 0.0000000000
10.2081632653 0.0000000000
10.2122448980 0.0000000000
10.2163265306 0.0000000000
10.2204081633 0.0000000000
10.2244897959 0.0000000000
10.2285714286 0.0000000000
10.2326530612 0.0000000000
10.2367346939 0.0000000000
10.2408163265 0.0000000000
10.2448979592 0.0000000000
10.2489795918 0.0000000000
10.2530612245 0.0000000000
10.2571428571 0.0000000000
10.2612244898 0.0000000000
10.2653061224 0.0000000000
10.2693877551 0.0000000000
10.2734693878 0.0000000000
10.2775510204 0.0000000000
10.2816326531 0.0000000000
10.2857142857 0.0295042992
10.2897959184 1.4412105083
10.2938775510 5.0850811005
10.2979591837 10.1655721664
10.3020408163 9.3757209778
10.3061224490 6.8072376251
10.3102040816 5.6292715073
10.3142857143 8.9772644043
10.3183673469 14.0677089691
10.3224489796 13.0959453583
10.3265306122 10.2468433380
10.3306122449 7.4728727341
10.3346938776 5.2952766418
10.3387755102 2.1856427193
10.3428571429 0.0000000000
10.3469387755 0.0000000000
10.3510204082 0.0000000000
10.3551020408 0.0000000000
10.3591836735 0.0000000000
10.3632653061 0.0000000000
10.3673469388 0.0000000000
10.3714285714 0.0000000000
10.3755102041 0.0000000000
10.3795918367 0.0000000000
10.3836734694 0.0000000000
10.3877551020 0.0000000000
10.3918367347 0.0000000000
10.3959183673 0.0000000000
10.4000000000 0.0000000000
10.4040816327 0.0000000000
10.4081632653 0.0000000000
10.4122448980 0.0000000000
10.4163265306 0.0000000000
10.4204081633 0.0000000000
10.4244897959 0.0000000000
10.4285714286 1.3282895088
10.4326530612 1.8608272076
10.4367346939 0.0000000000
10.4408163265 0.0000000000
10.4448979592 0.0000000000
10.4489795918 0.0000000000
10.4530612245 0.0000000000
10.4571428571 0.0000000000
10.4612244898 3.5630762577
10.4653061224 12.7875213623
10.4693877551 30.3208236694
10.4734693878 48.9915008545
10.4775510204 61.3643798828
10.4816326531 72.4536209106
10.4857142857 74.1590270996
10.4897959184 68.2334899902
10.4938775510 57.6418762207
10.4979591837 45.4341506958
10.5020408163 31.6622543335
10.5061224490 18.8529777527
10.5102040816 3.7518441677
10.5142857143 0.0000000000
10.5183673469 0.0000000000
10.5224489796 0.0000000000
10.5265306122 0.0000000000
10.5306122449 0.0000000000
10.5346938776 0.0000000000
10.5387755102 0.2675577998
10.5428571429 1.2972354889
10.5469387755 4.1427612305
10.5510204082 3.2834410667
10.5551020408 14.1988401413
10.5591836735 13.9371747971
10.5632653061 10.0088119507
10.5673469388 6.1832070351
10.5714285714 6.5109729767
10.5755102041 9.2873573303
10.5795918367 6.3212366104
10.5836734694 1.9694566727
10.5877551020 2.9146671295
10.5918367347 0.0000000000
10.5959183673 0.0000000000
10.6000000000 0.0000000000
10.6040816327 0.0000000000
10.6081632653 0.0000000000
10.6122448980 0.0000000000
10.6163265306 0.0000000000
10.6204081633 0.0000000000
10.6244897959 0.0000000000
10.6285714286 0.0000000000
10.6326530612 0.0000000000
10.6367346939 0.0000000000
10.6408163265 0.0000000000
10.6448979592 0.0000000000
10.6489795918 0.0000000000
10.6530612245 0.0000000000
10.6571428571 0.0000000000
10.6612244898 0.0000000000
10.6653061224 0.0000000000
10.6693877551 0.0000000000
10.6734693878 0.0000000000
10.6775510204 0.0000000000
10.6816326531 0.0000000000
10.6857142857 0.0000000000
10.6897959184 0.0000000000
10.6938775510 0.0000000000
10.6979591837 0.0000000000
10.7020408163 0.0000000000
10.7061224490 0.0000000000
10.7102040816 0.0000000000
10.7142857143 0.0000000000
10.7183673469 0.0000000000
10.7224489796 0.0000000000
10.7265306122 0.0000000000
10.7306122449 0.0000000000
10.7346938776 0.0000000000
10.7387755102 0.0000000000
10.7428571429 0.0000000000
10.7469387755 0.0000000000
10.7510204082 0.0000000000
10.7551020408 0.0000000000
10.7591836735 0.0000000000
10.7632653061 1.9319653511
10.7673469388 5.5763869286
10.7714285714 13.4890079498
10.7755102041 19.0376625061
10.7795918367 14.5247879028
10.7836734694 20.6726493835
10.7877551020 21.1320228577
10.7918367347 19.6820487976
10.7959183673 20.1608543396
10.8000000000 12.2668151855
10.8040816327 7.0496501923
10.8081632653 3.3220052719
10.8122448980 6.7934989929
10.8163265306 6.2379240990
10.8204081633 3.1731910706
10.8244897959 0.6090402603
10.8285714286 0.0000000000
10.8326530612 1.1152029037
10.8367346939 1.1948943138
10.8408163265 0.0000000000
10.8448979592 1.8683075905
10.8489795918 3.2290816307
10.8530612245 6.8320035934
10.8571428571 5.3666830063
10.8612244898 1.7555952072
10.8653061224 0.0000000000
10.8693877551 0.0000000000
10.8734693878 0.0000000000
10.8775510204 0.0000000000
10.8816326531 0.0000000000
10.8857142857 0.0000000000
10.8897959184 0.0000000000
10.8938775510 0.0000000000
10.8979591837 0.0000000000
10.9020408163 0.0000000000
10.9061224490 0.0000000000
10.9102040816 0.0000000000
10.9142857143 0.0000000000
10.9183673469 0.1677274704
10.9224489796 0.1202821732
10.9265306122 0.0000000000
10.9306122449 0.0000000000
10.9346938776 1.3453960419
10.9387755102 2.6082694530
10.9428571429 1.9322931767
10.9469387755 0.1070499420
10.9510204082 0.0487565994
10.9551020408 0.0000000000
10.9591836735 0.0636577606
10.9632653061 0.1263618469
10.9673469388 0.0000000000
10.9714285714 0.0000000000
10.9755102041 0.0000000000
10.9795918367 0.0000000000
10.9836734694 0.0000000000
10.9877551020 0.0000000000
10.9918367347 0.0000000000
10.9959183673 0.0000000000
11.0000000000 0.0000000000
11.0040816327 0.0000000000
11.0081632653 0.5423277617
11.0122448980 0.0000000000
11.0163265306 0.0000000000
11.0204081633 0.0000000000
11.0244897959 0.0000000000
11.0285714286 0.0000000000
11.0326530612 0.0000000000
11.0367346939 0.0000000000
11.0408163265 0.0000000000
11.0448979592 0.0000000000
11.0489795918 0.0000000000
11.0530612245 0.0000000000
11.0571428571 0.0000000000
11.0612244898 0.0000000000
11.0653061224 0.0000000000
11.0693877551 0.0000000000
11.0734693878 0.0000000000
11.0775510204 0.0000000000
11.0816326531 0.0000000000
11.0857142857 0.0000000000
11.0897959184 0.0000000000
11.0938775510 0.0000000000
11.0979591837 0.0000000000
11.1020408163 0.0000000000
11.1061224490 0.0000000000
11.1102040816 0.0000000000
11.1142857143 0.0000000000
11.1183673469 0.0000000000
11.1224489796 0.0000000000
11.1265306122 0.0000000000
11.1306122449 0.0000000000
11.1346938776 0.0000000000
11.1387755102 0.0000000000
11.1428571429 0.0000000000
11.1469387755 0.0000000000
11.1510204082 0.0000000000
11.1551020408 0.0000000000
11.1591836735 0.0000000000
11.1632653061 0.0000000000
11.1673469388 0.5910396576
11.1714285714 0.7441639900
11.1755102041 1.2610554695
11.1795918367 0.0000000000
11.1836734694 0.0000000000
11.1877551020 0.0000000000
11.1918367347 6.8138241768
11.1959183673 8.5442066193
11.2000000000 16.6346874237
11.2040816327 19.9891624451
11.2081632653 26.1662006378
11.2122448980 25.4742202759
11.2163265306 14.9648189545
11.2204081633 11.9551715851
11.2244897959 3.5182237625
11.2285714286 0.2207756042
11.2326530612 1.2984275818
11.2367346939 0.0000000000
11.2408163265 3.3971071243
11.2448979592 11.8019580841
11.2489795918 33.2418098450
11.2530612245 81.2758178711
11.2571428571 96.0400695801
11.2612244898 110.3389282227
11.2653061224 113.7263793945
11.2693877551 116.4437255859
11.2734693878 101.7958221436
11.2775510204 84.1354980469
11.2816326531 74.4004516602
11.2857142857 60.5441322327
11.2897959184 44.3390617371
11.2938775510 28.1604537964
11.2979591837 19.3605422974
11.3020408163 11.6569995880
11.3061224490 4.8751831055
11.3102040816 1.9929558039
11.3142857143 0.0000000000
11.3183673469 0.0000000000
11.3224489796 0.0000000000
11.3265306122 0.0000000000
11.3306122449 0.0000000000
11.3346938776 0.0000000000
11.3387755102 0.0000000000
11.3428571429 0.0000000000
11.3469387755 0.0000000000
11.3510204082 0.0000000000
11.3551020408 0.0000000000
11.3591836735 0.0000000000
11.3632653061 0.0000000000
11.3673469388 0.0000000000
11.3714285714 0.0000000000
11.3755102041 0.0000000000
11.3795918367 0.0000000000
11.3836734694 0.0000000000
11.3877551020 0.0000000000
11.3918367347 0.0000000000
11.3959183673 0.0000000000
11.4000000000 0.0000000000
11.4040816327 0.0000000000
11.4081632653 0.0000000000
11.4122448980 0.0000000000
11.4163265306 0.0000000000
11.4204081633 0.0000000000
11.4244897959 0.0000000000
11.4285714286 0.0000000000
11.4326530612 0.0000000000
11.4367346939 0.0000000000
11.4408163265 0.0000000000
11.4448979592 0.0000000000
11.4489795918 0.0000000000
11.4530612245 0.0000000000
11.4571428571 0.0000000000
11.4612244898 0.0000000000
11.4653061224 0.0000000000
11.4693877551 0.0000000000
11.4734693878 0.0000000000
11.4775510204 0.0000000000
11.4816326531 0.0000000000
11.4857142857 0.0000000000
11.4897959184 0.0000000000
11.4938775510 0.0000000000
11.4979591837 0.0000000000
11.5020408163 0.0000000000
11.5061224490 0.0000000000
11.5102040816 1.1236667633
11.5142857143 0.5650520325
11.5183673469 0.0000000000
11.5224489796 0.0000000000
11.5265306122 0.0000000000
11.5306122449 0.0000000000
11.5346938776 0.0000000000
11.5387755102 0.0000000000
11.5428571429 0.0000000000
11.5469387755 0.0985860825
11.5510204082 2.2832751274
11.5551020408 15.8466806412
11.5591836735 23.0918998718
11.5632653061 29.8593025208
11.5673469388 41.1635665894
11.5714285714 47.2635040283
11.5755102041 55.1137924194
11.5795918367 56.3582763672
11.5836734694 46.8860244751
11.5877551020 30.1904678345
11.5918367347 25.4986190796
11.5959183673 16.3120765686
11.6000000000 8.7784194946
11.6040816327 0.0000000000
11.6081632653 0.0000000000
11.6122448980 0.0000000000
11.6163265306 0.0000000000
11.6204081633 0.0000000000
11.6244897959 0.0000000000
11.6285714286 0.0000000000
11.6326530612 0.0000000000
11.6367346939 0.0000000000
11.6408163265 0.0000000000
11.6448979592 0.0000000000
11.6489795918 0.0000000000
11.6530612245 0.0000000000
11.6571428571 0.0000000000
11.6612244898 0.0000000000
11.6653061224 0.0000000000
11.6693877551 0.0000000000
11.6734693878 0.0000000000
11.6775510204 0.0000000000
11.6816326531 0.0000000000
11.6857142857 0.0000000000
11.6897959184 0.0000000000
11.6938775510 0.0000000000
11.6979591837 0.0000000000
11.7020408163 0.0000000000
11.7061224490 0.0000000000
11.7102040816 0.0000000000
11.7142857143 0.0000000000
11.7183673469 0.0000000000
11.7224489796 0.0000000000
11.7265306122 0.0000000000
11.7306122449 0.0000000000
11.7346938776 0.0000000000
11.7387755102 0.0000000000
11.7428571429 0.0000000000
11.7469387755 0.0000000000
11.7510204082 0.0000000000
11.7551020408 0.0000000000
11.7591836735 0.0000000000
11.7632653061 0.0000000000
11.7673469388 0.0720024109
11.7714285714 0.0000000000
11.7755102041 0.0000000000
11.7795918367 0.0000000000
11.7836734694 0.0000000000
11.7877551020 0.0000000000
11.7918367347 0.0000000000
11.7959183673 0.0000000000
11.8000000000 0.0000000000
11.8040816327 0.0000000000
11.8081632653 2.6519000530
11.8122448980 15.8480405807
11.8163265306 15.0223522186
11.8204081633 12.8867778778
11.8244897959 10.7806777954
11.8285714286 9.9868030548
11.8326530612 7.0241689682
11.8367346939 0.9986460209
11.8408163265 0.0000000000
11.8448979592 0.0000000000
11.8489795918 0.0000000000
11.8530612245 0.0000000000
11.8571428571 0.0000000000
11.8612244898 0.0000000000
11.8653061224 0.0000000000
11.8693877551 4.2938590050
11.8734693878 18.7718276978
11.8775510204 72.1278533936
11.8816326531 106.8838806152
11.8857142857 124.9121398926
11.8897959184 116.2558822632
11.8938775510 117.3874130249
11.8979591837 104.6905517578
11.9020408163 85.7520141602
11.9061224490 74.8441772461
11.9102040816 58.0320358276
11.9142857143 42.2222595215
11.9183673469 24.2853164673
11.9224489796 10.2100963593
11.9265306122 1.7588138580
11.9306122449 0.0000000000
11.9346938776 0.0000000000
11.9387755102 0.0000000000
11.9428571429 0.0000000000
11.9469387755 0.0000000000
11.9510204082 0.0000000000
11.9551020408 0.0000000000
11.9591836735 0.0000000000
11.9632653061 0.0000000000
11.9673469388 0.0000000000
11.9714285714 0.0000000000
11.9755102041 0.0000000000
11.9795918367 0.0000000000
11.9836734694 0.0000000000
11.9877551020 0.0000000000
11.9918367347 0.0000000000
11.9959183673 0.0000000000
12.0000000000 0.0000000000
12.0040816327 0.0000000000
12.0081632653 0.0000000000
12.0122448980 0.0000000000
12.0163265306 0.0000000000
12.0204081633 0.0000000000
12.0244897959 0.0000000000
12.0285714286 0.0000000000
12.0326530612 0.0000000000
12.0367346939 0.0000000000
12.0408163265 0.0000000000
12.0448979592 0.0000000000
12.0489795918 0.0000000000
12.0530612245 0.0000000000
12.0571428571 0.0000000000
12.0612244898 0.0000000000
12.0653061224 0.0000000000
12.0693877551 0.0000000000
12.0734693878 0.0000000000
12.0775510204 0.0000000000
12.0816326531 0.0000000000
12.0857142857 0.0000000000
12.0897959184 0.0000000000
12.0938775510 0.0000000000
12.0979591837 0.0000000000
12.1020408163 0.0000000000
12.1061224490 0.0000000000
12.1102040816 0.0000000000
12.1142857143 0.0000000000
12.1183673469 0.0000000000
12.1224489796 0.0000000000
12.1265306122 0.0000000000
12.1306122449 0.0000000000
12.1346938776 0.0000000000
12.1387755102 0.0000000000
12.1428571429 0.0000000000
12.1469387755 0.0000000000
12.1510204082 0.0000000000
12.1551020408 0.0000000000
12.1591836735 0.0000000000
12.1632653061 0.0000000000
12.1673469388 0.0000000000
12.1714285714 0.0000000000
12.1755102041 0.0000000000
12.1795918367 0.0000000000
12.1836734694 0.0000000000
12.1877551020 0.0000000000
12.1918367347 0.0000000000
12.1959183673 0.0000000000
12.2000000000 5.6833028793
12.2040816327 16.4479618073
12.2081632653 25.5319175720
12.2122448980 30.7081928253
12.2163265306 36.6101264954
12.2204081633 32.8950767517
12.2244897959 31.0841789246
12.2285714286 20.6999778748
12.2326530612 10.4285354614
12.2367346939 3.6103725433
12.2408163265 0.0000000000
12.2448979592 0.0000000000
12.2489795918 0.0000000000
12.2530612245 0.0000000000
12.2571428571 0.0000000000
12.2612244898 0.0000000000
12.2653061224 0.0000000000
12.2693877551 0.0000000000
12.2734693878 0.0000000000
12.2775510204 0.0000000000
12.2816326531 0.0000000000
12.2857142857 0.0000000000
12.2897959184 0.0000000000
12.2938775510 0.0000000000
12.2979591837 0.0000000000
12.3020408163 0.0000000000
12.3061224490 0.0000000000
12.3102040816 0.0000000000
12.3142857143 0.0000000000
12.3183673469 0.0000000000
12.3224489796 0.0000000000
12.3265306122 0.0000000000
12.3306122449 0.0000000000
12.3346938776 0.0000000000
12.3387755102 0.0000000000
12.3428571429 0.0000000000
12.3469387755 0.0000000000
12.3510204082 0.0000000000
12.3551020408 0.0000000000
12.3591836735 0.0000000000
12.3632653061 0.0000000000
12.3673469388 0.0000000000
12.3714285714 0.0000000000
12.3755102041 0.0000000000
12.3795918367 0.0000000000
12.3836734694 0.0000000000
12.3877551020 0.0000000000
12.3918367347 0.0000000000
12.3959183673 0.0000000000
12.4000000000 0.0000000000
12.4040816327 0.0000000000
12.4081632653 0.0000000000
12.4122448980 0.0000000000
12.4163265306 0.0000000000
12.4204081633 0.0000000000
12.4244897959 0.0000000000
12.4285714286 0.0000000000
12.4326530612 0.0000000000
12.4367346939 0.0000000000
12.4408163265 9.9107627869
12.4448979592 9.7547769547
12.4489795918 12.2995376587
12.4530612245 11.8418331146
12.4571428571 24.7161388397
12.4612244898 17.6863670349
12.4653061224 11.0448598862
12.4693877551 8.4046125412
12.4734693878 3.5027861595
12.4775510204 3.4411847591
12.4816326531 2.8977394104
12.4857142857 8.0785751343
12.4897959184 10.0516681671
12.4938775510 19.8211669922
12.4979591837 31.6335868835
12.5020408163 47.4829902649
12.5061224490 64.8010101318
12.5102040816 56.5247535706
12.5142857143 46.5217819214
12.5183673469 53.0332336426
12.5224489796 42.8838119507
12.5265306122 35.7158203125
12.5306122449 30.5993537903
12.5346938776 23.0579376221
12.5387755102 11.2749338150
12.5428571429 4.4189095497
12.5469387755 5.0828456879
12.5510204082 0.0000000000
12.5551020408 0.0000000000
12.5591836735 0.0000000000
12.5632653061 0.0000000000
12.5673469388 0.0000000000
12.5714285714 0.0000000000
12.5755102041 0.3443360329
12.5795918367 0.6986260414
12.5836734694 1.0814070702
12.5877551020 0.0000000000
12.5918367347 0.0000000000
12.5959183673 0.0000000000
12.6000000000 0.0000000000
12.6040816327 0.0000000000
12.6081632653 0.0000000000
12.6122448980 0.0000000000
12.6163265306 0.0000000000
12.6204081633 0.0000000000
12.6244897959 0.0000000000
12.6285714286 0.0000000000
12.6326530612 0.0000000000
12.6367346939 0.0000000000
12.6408163265 0.0000000000
12.6448979592 0.0000000000
12.6489795918 0.0000000000
12.6530612245 0.0000000000
12.6571428571 0.0000000000
12.6612244898 0.0000000000
12.6653061224 0.0000000000
12.6693877551 0.0000000000
12.6734693878 0.0000000000
12.6775510204 0.0000000000
12.6816326531 0.0000000000
12.6857142857 0.0000000000
12.6897959184 0.0000000000
12.6938775510 0.0000000000
12.6979591837 0.0000000000
12.7020408163 0.0000000000
12.7061224490 0.0000000000
12.7102040816 0.0000000000
12.7142857143 0.0000000000
12.7183673469 0.0000000000
12.7224489796 0.0000000000
12.7265306122 0.0000000000
12.7306122449 0.0000000000
12.7346938776 0.0000000000
12.7387755102 0.0000000000
12.7428571429 0.0000000000
12.7469387755 0.0000000000
12.7510204082 0.0000000000
12.7551020408 0.0000000000
12.7591836735 0.0000000000
12.7632653061 1.7707347870
12.7673469388 2.7755498886
12.7714285714 10.8082294464
12.7755102041 22.7637290955
12.7795918367 32.4622383118
12.7836734694 40.8166656494
12.7877551020 49.3686218262
12.7918367347 52.4024963379
12.7959183673 50.6215095520
12.8000000000 42.2918395996
12.8040816327 59.8075447083
12.8081632653 54.8638114929
12.8122448980 42.7143554688
12.8163265306 32.3593597412
12.8204081633 19.2223777771
12.8244897959 9.9899768829
12.8285714286 14.4300460815
12.8326530612 9.9757308960
12.8367346939 7.1063041687
12.8408163265 7.4015855789
12.8448979592 0.0000000000
12.8489795918 0.0000000000
12.8530612245 0.0000000000
12.8571428571 0.0000000000
12.8612244898 0.0000000000
12.8653061224 0.0000000000
12.8693877551 0.0000000000
12.8734693878 0.0000000000
12.8775510204 0.0000000000
12.8816326531 0.0000000000
12.8857142857 0.0000000000
12.8897959184 0.0000000000
12.8938775510 0.0000000000
12.8979591837 0.0000000000
12.9020408163 0.0000000000
12.9061224490 0.0000000000
12.9102040816 0.0000000000
12.9142857143 0.0000000000
12.9183673469 0.0000000000
12.9224489796 0.0000000000
12.9265306122 0.0000000000
12.9306122449 0.0000000000
12.9346938776 0.0000000000
12.9387755102 0.0000000000
12.9428571429 0.0000000000
12.9469387755 0.0000000000
12.9510204082 0.0000000000
12.9551020408 0.0000000000
12.9591836735 0.0000000000
12.9632653061 0.0000000000
12.9673469388 0.0000000000
12.9714285714 0.0000000000
12.9755102041 0.0000000000
12.9795918367 0.0000000000
12.9836734694 0.0000000000
12.9877551020 2.4663209915
12.9918367347 8.8499336243
12.9959183673 11.1021099091
13.0000000000 12.8359642029
13.0040816327 10.9140272141
13.0081632653 9.6249284744
13.0122448980 7.8558921814
13.0163265306 9.8871593475
13.0204081633 13.3220701218
13.0244897959 13.0951404572
13.0285714286 9.5092058182
13.0326530612 7.9861879349
13.0367346939 5.9696435928
13.0408163265 5.7091116905
13.0448979592 6.5757036209
13.0489795918 4.3196678162
13.0530612245 0.0000000000
13.0571428571 0.0000000000
13.0612244898 0.0000000000
13.0653061224 0.0000000000
13.0693877551 0.0000000000
13.0734693878 0.0000000000
13.0775510204 0.0000000000
13.0816326531 0.0000000000
13.0857142857 0.5972981453
13.0897959184 0.0000000000
13.0938775510 0.0000000000
13.0979591837 0.0000000000
13.1020408163 0.0000000000
13.1061224490 0.0000000000
13.1102040816 0.0000000000
13.1142857143 0.0000000000
13.1183673469 0.0000000000
13.1224489796 0.0000000000
13.1265306122 0.5048513412
13.1306122449 3.3226311207
13.1346938776 9.6307992935
13.1387755102 26.2395133972
13.1428571429 60.0007781982
13.1469387755 70.7612075806
13.1510204082 71.8021392822
13.1551020408 68.3119277954
13.1591836735 60.8304748535
13.1632653061 49.1449813843
13.1673469388 36.8228225708
13.1714285714 31.2509231567
13.1755102041 20.4555988312
13.1795918367 8.5802373886
13.1836734694 0.3284215927
13.1877551020 0.0000000000
13.1918367347 0.0000000000
13.1959183673 0.0000000000
13.2000000000 0.0000000000
13.2040816327 0.0000000000
13.2081632653 0.0000000000
13.2122448980 0.0000000000
13.2163265306 0.0000000000
13.2204081633 0.0000000000
13.2244897959 0.0000000000
13.2285714286 0.0000000000
13.2326530612 0.0000000000
13.2367346939 0.0000000000
13.2408163265 0.0000000000
13.2448979592 0.0000000000
13.2489795918 0.0000000000
13.2530612245 0.0000000000
13.2571428571 0.0000000000
13.2612244898 0.0000000000
13.2653061224 0.0000000000
13.2693877551 0.0000000000
13.2734693878 0.0000000000
13.2775510204 0.0000000000
13.2816326531 0.0000000000
13.2857142857 0.0000000000
13.2897959184 0.0000000000
13.2938775510 0.0000000000
13.2979591837 0.0000000000
13.3020408163 0.0000000000
13.3061224490 0.0000000000
13.3102040816 0.0000000000
13.3142857143 0.0000000000
13.3183673469 0.0000000000
13.3224489796 0.0000000000
13.3265306122 0.0000000000
13.3306122449 0.0000000000
13.3346938776 0.0000000000
13.3387755102 0.0000000000
13.3428571429 0.0000000000
13.3469387755 0.0000000000
13.3510204082 0.0000000000
13.3551020408 0.0000000000
13.3591836735 0.0000000000
13.3632653061 0.0000000000
13.3673469388 0.0000000000
13.3714285714 0.0000000000
13.3755102041 0.0000000000
13.3795918367 0.0000000000
13.3836734694 0.0000000000
13.3877551020 0.0000000000
13.3918367347 0.0000000000
13.3959183673 0.0000000000
13.4000000000 0.0000000000
13.4040816327 0.0000000000
13.4081632653 0.0000000000
13.4122448980 0.0000000000
13.4163265306 0.0000000000
13.4204081633 0.0000000000
13.4244897959 0.0000000000
13.4285714286 0.0000000000
13.4326530612 0.0000000000
13.4367346939 0.0000000000
13.4408163265 0.0000000000
13.4448979592 0.6318092346
13.4489795918 0.9441375732
13.4530612245 0.0000000000
13.4571428571 0.0000000000
13.4612244898 0.0000000000
13.4653061224 0.0000000000
13.4693877551 0.6544589996
13.4734693878 2.7904510498
13.4775510204 17.4422855377
13.4816326531 30.2966232300
13.4857142857 37.4357719421
13.4897959184 35.1417388916
13.4938775510 20.9681091309
13.4979591837 13.5656518936
13.5020408163 3.3111870289
13.5061224490 0.0000000000
13.5102040816 0.0000000000
13.5142857143 0.0000000000
13.5183673469 0.0000000000
13.5224489796 0.0000000000
13.5265306122 0.0000000000
13.5306122449 0.0000000000
13.5346938776 0.0000000000
13.5387755102 0.0000000000
13.5428571429 0.0000000000
13.5469387755 0.0000000000
13.5510204082 0.0000000000
13.5551020408 0.0000000000
13.5591836735 0.0000000000
13.5632653061 0.0000000000
13.5673469388 0.0000000000
13.5714285714 0.0000000000
13.5755102041 0.0000000000
13.5795918367 0.0000000000
13.5836734694 0.0000000000
13.5877551020 0.0000000000
13.5918367347 0.0000000000
13.5959183673 0.0000000000
13.6000000000 0.0000000000
13.6040816327 0.0000000000
13.6081632653 0.0000000000
13.6122448980 0.4857182503
13.6163265306 7.6814889908
13.6204081633 16.4204235077
13.6244897959 28.3533134460
13.6285714286 42.9317932129
13.6326530612 64.6106033325
13.6367346939 87.6715774536
13.6408163265 98.9424591064
13.6448979592 99.2058715820
13.6489795918 80.4016571045
13.6530612245 61.7456436157
13.6571428571 50.6949119568
13.6612244898 32.1608505249
13.6653061224 21.3494071960
13.6693877551 8.2969665527
13.6734693878 0.0000000000
13.6775510204 0.0000000000
13.6816326531 0.0000000000
13.6857142857 0.0000000000
13.6897959184 0.0000000000
13.6938775510 0.0000000000
13.6979591837 0.0000000000
13.7020408163 0.0000000000
13.7061224490 0.0000000000
13.7102040816 0.0000000000
13.7142857143 0.0000000000
13.7183673469 0.0000000000
13.7224489796 0.0000000000
13.7265306122 0.0000000000
13.7306122449 0.0000000000
13.7346938776 0.0000000000
13.7387755102 0.0000000000
13.7428571429 0.0000000000
13.7469387755 0.0000000000
13.7510204082 0.0000000000
13.7551020408 0.0000000000
13.7591836735 0.5738735199
13.7632653061 0.8182525635
13.7673469388 0.0000000000
13.7714285714 0.0000000000
13.7755102041 0.0000000000
13.7795918367 0.0000000000
13.7836734694 0.0000000000
13.7877551020 0.0000000000
13.7918367347 0.0000000000
13.7959183673 0.0000000000
13.8000000000 0.0000000000
13.8040816327 0.0000000000
13.8081632653 0.0000000000
13.8122448980 0.0000000000
13.8163265306 0.0000000000
13.8204081633 0.0000000000
13.8244897959 0.0000000000
13.8285714286 0.0000000000
13.8326530612 0.0000000000
13.8367346939 0.0000000000
13.8408163265 0.0000000000
13.8448979592 0.0000000000
13.8489795918 0.0000000000
13.8530612245 0.0089854002
13.8571428571 0.0000000000
13.8612244898 2.0368099213
13.8653061224 6.1618685722
13.8693877551 9.9599952698
13.8734693878 8.3283185959
13.8775510204 5.0360560417
13.8816326531 4.4422745705
13.8857142857 0.3569126129
13.8897959184 1.3917684555
13.8938775510 1.8021464348
13.8979591837 0.3109574318
13.9020408163 0.0000000000
13.9061224490 0.0000000000
13.9102040816 0.0000000000
13.9142857143 0.0000000000
13.9183673469 0.0000000000
13.9224489796 0.0000000000
13.9265306122 0.0000000000
13.9306122449 0.0000000000
13.9346938776 0.0000000000
13.9387755102 0.0000000000
13.9428571429 0.1105070114
13.9469387755 0.1767873764
13.9510204082 0.0000000000
13.9551020408 0.0000000000
13.9591836735 0.0000000000
13.9632653061 0.0000000000
13.9673469388 0.0000000000
13.9714285714 0.0000000000
13.9755102041 1.5645027161
13.9795918367 4.1192770004
13.9836734694 8.0642108917
13.9877551020 13.0686759949
13.9918367347 16.6040058136
13.9959183673 18.7594451904
14.0000000000 24.4007110596
14.0040816327 20.9619407654
14.0081632653 9.5451469421
14.0122448980 4.6634674072
14.0163265306 0.3473758698
14.0204081633 0.0000000000
14.0244897959 0.0000000000
14.0285714286 0.0000000000
14.0326530612 0.0000000000
14.0367346939 0.0000000000
14.0408163265 0.0000000000
14.0448979592 0.0000000000
14.0489795918 0.0000000000
14.0530612245 0.0000000000
14.0571428571 0.0000000000
14.0612244898 0.0000000000
14.0653061224 0.0000000000
14.0693877551 0.0000000000
14.0734693878 0.0000000000
14.0775510204 0.0000000000
14.0816326531 0.0000000000
14.0857142857 0.0000000000
14.0897959184 0.0000000000
14.0938775510 0.0000000000
14.0979591837 0.0000000000
14.1020408163 0.0000000000
14.1061224490 0.0000000000
14.1102040816 0.0000000000
14.1142857143 0.0000000000
14.1183673469 0.0000000000
14.1224489796 0.0000000000
14.1265306122 0.0000000000
14.1306122449 0.0000000000
14.1346938776 0.0000000000
14.1387755102 0.0000000000
14.1428571429 0.0000000000
14.1469387755 0.0000000000
14.1510204082 0.0000000000
14.1551020408 0.0000000000
14.1591836735 0.0000000000
14.1632653061 5.4813027382
14.1673469388 24.7150630951
14.1714285714 46.3495788574
14.1755102041 64.8363189697
14.1795918367 75.5121917725
14.1836734694 78.0618591309
14.1877551020 73.5351638794
14.1918367347 49.6185646057
14.1959183673 42.1797866821
14.2000000000 36.5799522400
14.2040816327 25.4919281006
14.2081632653 11.5926303864
14.2122448980 3.8989782333
14.2163265306 2.3686885834
14.2204081633 0.0000000000
14.2244897959 0.0000000000
14.2285714286 0.0000000000
14.2326530612 0.0000000000
14.2367346939 0.0000000000
14.2408163265 0.0000000000
14.2448979592 0.0000000000
14.2489795918 0.0000000000
14.2530612245 0.0000000000
14.2571428571 0.0000000000
14.2612244898 0.0000000000
14.2653061224 0.0000000000
14.2693877551 0.0000000000
14.2734693878 0.0000000000
14.2775510204 0.0000000000
14.2816326531 0.0000000000
14.2857142857 0.0000000000
14.2897959184 0.0000000000
14.2938775510 0.0000000000
14.2979591837 0.0000000000
14.3020408163 0.0000000000
14.3061224490 0.0000000000
14.3102040816 0.0000000000
14.3142857143 0.0000000000
14.3183673469 0.0000000000
14.3224489796 0.0000000000
14.3265306122 0.0000000000
14.3306122449 0.0000000000
14.3346938776 0.0000000000
14.3387755102 0.0000000000
14.3428571429 0.0000000000
14.3469387755 0.0000000000
14.3510204082 0.0000000000
14.3551020408 0.0000000000
14.3591836735 0.0000000000
14.3632653061 0.0000000000
14.3673469388 0.0000000000
14.3714285714 0.0000000000
14.3755102041 0.0000000000
14.3795918367 0.0000000000
14.3836734694 0.0000000000
14.3877551020 0.0000000000
14.3918367347 0.0000000000
14.3959183673 0.0000000000
14.4000000000 0.0000000000
14.4040816327 0.0000000000
14.4081632653 0.0000000000
14.4122448980 0.0000000000
14.4163265306 0.0000000000
14.4204081633 0.0000000000
14.4244897959 0.0000000000
14.4285714286 0.0000000000
14.4326530612 0.2715587616
14.4367346939 0.0000000000
14.4408163265 2.3848414421
14.4448979592 3.1928420067
14.4489795918 2.4599134922
14.4530612245 1.9876062870
14.4571428571 0.9593069553
14.4612244898 0.0000000000
14.4653061224 0.0000000000
14.4693877551 0.0000000000
14.4734693878 0.0000000000
14.4775510204 0.0000000000
14.4816326531 0.0000000000
14.4857142857 2.5979802608
14.4897959184 17.2498226166
14.4938775510 21.2183589935
14.4979591837 41.3053054810
14.5020408163 69.4452514648
14.5061224490 127.8128585815
14.5102040816 132.7377929688
14.5142857143 113.0816955566
14.5183673469 90.7959899902
14.5224489796 71.1784973145
14.5265306122 48.2050781250
14.5306122449 29.1938190460
14.5346938776 14.4122238159
14.5387755102 1.2720227242
14.5428571429 0.0000000000
14.5469387755 0.0000000000
14.5510204082 0.0000000000
14.5551020408 0.0000000000
14.5591836735 0.0000000000
14.5632653061 0.0000000000
14.5673469388 0.0000000000
14.5714285714 0.0000000000
14.5755102041 0.0000000000
14.5795918367 0.0000000000
14.5836734694 0.0000000000
14.5877551020 0.0000000000
14.5918367347 0.0000000000
14.5959183673 0.0000000000
14.6000000000 0.0000000000
14.6040816327 0.0000000000
14.6081632653 0.0000000000
14.6122448980 0.0000000000
14.6163265306 0.0000000000
14.6204081633 0.0000000000
14.6244897959 0.0000000000
14.6285714286 0.0000000000
14.6326530612 0.0000000000
14.6367346939 0.0000000000
14.6408163265 0.0000000000
14.6448979592 0.0000000000
14.6489795918 0.0000000000
14.6530612245 0.0000000000
14.6571428571 0.0000000000
14.6612244898 0.0000000000
14.6653061224 0.0000000000
14.6693877551 0.0000000000
14.6734693878 0.0000000000
14.6775510204 0.0000000000
14.6816326531 0.0000000000
14.6857142857 0.0000000000
14.6897959184 0.0000000000
14.6938775510 0.0000000000
14.6979591837 0.0000000000
14.7020408163 0.0000000000
14.7061224490 0.0000000000
14.7102040816 0.0000000000
14.7142857143 0.0000000000
14.7183673469 0.0000000000
14.7224489796 0.0000000000
14.7265306122 0.0000000000
14.7306122449 0.0000000000
14.7346938776 0.0000000000
14.7387755102 0.0000000000
14.7428571429 0.0000000000
14.7469387755 0.0000000000
14.7510204082 0.0000000000
14.7551020408 0.0000000000
14.7591836735 0.0000000000
14.7632653061 0.0000000000
14.7673469388 0.0000000000
14.7714285714 0.0000000000
14.7755102041 0.4036426544
14.7795918367 0.0073909760
14.7836734694 0.0000000000
14.7877551020 0.0000000000
14.7918367347 0.0000000000
14.7959183673 0.0000000000
14.8000000000 0.0000000000
14.8040816327 0.0000000000
14.8081632653 0.0000000000
14.8122448980 0.0000000000
14.8163265306 0.0000000000
14.8204081633 0.0000000000
14.8244897959 0.0000000000
14.8285714286 0.0000000000
14.8326530612 0.0000000000
14.8367346939 0.0000000000
14.8408163265 0.0000000000
14.8448979592 0.0000000000
14.8489795918 0.0000000000
14.8530612245 0.0000000000
14.8571428571 0.0000000000
14.8612244898 0.0000000000
14.8653061224 5.1323251724
14.8693877551 8.5200710297
14.8734693878 6.6822767258
14.8775510204 3.3603534698
14.8816326531 0.2013444901
14.8857142857 0.0000000000
14.8897959184 0.0000000000
14.8938775510 0.0000000000
14.8979591837 0.0000000000
14.9020408163 0.0000000000
14.9061224490 0.0000000000
14.9102040816 0.0000000000
14.9142857143 0.0000000000
14.9183673469 0.0000000000
14.9224489796 0.0000000000
14.9265306122 1.3659484386
14.9306122449 3.1081736088
14.9346938776 1.7542243004
14.9387755102 0.0000000000
14.9428571429 0.0000000000
14.9469387755 0.0000000000
14.9510204082 0.0000000000
14.9551020408 0.0000000000
14.9591836735 0.0000000000
14.9632653061 0.0000000000
14.9673469388 0.0000000000
14.9714285714 0.0000000000
14.9755102041 0.0000000000
14.9795918367 2.3382902145
14.9836734694 5.6060848236
14.9877551020 3.4818053246
14.9918367347 5.4079890251
14.9959183673 5.0120801926
15.0000000000 4.8250107765
15.0040816327 2.1839590073
15.0081632653 0.0000000000
15.0122448980 0.0000000000
15.0163265306 0.0000000000
15.0204081633 0.0000000000
15.0244897959 0.0000000000
15.0285714286 0.0000000000
