0.0040816327 14.0539407730
0.0081632653 6.5174102783
0.0122448980 0.0000000000
0.0163265306 0.0000000000
0.0204081633 0.0000000000
0.0244897959 0.0000000000
0.0285714286 0.0000000000
0.0326530612 0.0000000000
0.0367346939 0.0000000000
0.0408163265 3.5651922226
0.0448979592 7.7999830246
0.0489795918 9.1650485992
0.0530612245 14.2822561264
0.0571428571 19.9732170105
0.0612244898 14.1862030029
0.0653061224 3.9529800415
0.0693877551 0.0000000000
0.0734693878 0.0000000000
0.0775510204 12.2731924057
0.0816326531 189.9468994141
0.0857142857 475.9823303223
0.0897959184 442.4814453125
0.0938775510 359.0227661133
0.0979591837 286.6286621094
0.1020408163 223.0159606934
0.1061224490 173.0327148438
0.1102040816 132.8625183105
0.1142857143 95.6302719116
0.1183673469 62.3044548035
0.1224489796 31.5477027893
0.1265306122 4.6063065529
0.1306122449 0.0000000000
0.1346938776 0.0000000000
0.1387755102 0.0000000000
0.1428571429 0.0000000000
0.1469387755 0.0000000000
0.1510204082 0.0000000000
0.1551020408 0.0000000000
0.1591836735 0.0000000000
0.1632653061 0.0000000000
0.1673469388 0.0000000000
0.1714285714 0.0000000000
0.1755102041 0.0000000000
0.1795918367 0.0000000000
0.1836734694 0.0000000000
0.1877551020 0.0000000000
0.1918367347 0.0000000000
0.1959183673 0.0000000000
0.2000000000 0.0000000000
0.2040816327 0.0000000000
0.2081632653 0.0000000000
0.2122448980 0.0000000000
0.2163265306 9.0727806091
0.2204081633 5.5122375488
0.2244897959 0.0000000000
0.2285714286 0.0000000000
0.2326530612 0.0000000000
0.2367346939 0.0000000000
0.2408163265 0.0000000000
0.2448979592 0.0000000000
0.2489795918 0.0000000000
0.2530612245 0.0000000000
0.2571428571 0.0000000000
0.2612244898 0.0000000000
0.2653061224 0.0000000000
0.2693877551 0.0000000000
0.2734693878 0.0000000000
0.2775510204 0.0000000000
0.2816326531 0.0000000000
0.2857142857 0.0000000000
0.2897959184 0.0000000000
0.2938775510 0.0000000000
0.2979591837 0.0000000000
0.3020408163 0.0000000000
0.3061224490 0.0000000000
0.3102040816 0.0000000000
0.3142857143 0.0000000000
0.3183673469 0.0000000000
0.3224489796 16.0331726074
0.3265306122 33.8390502930
0.3306122449 24.4364147186
0.3346938776 78.7031631470
0.3387755102 128.8580932617
0.3428571429 162.6364898682
0.3469387755 226.7744140625
0.3510204082 295.5203247070
0.3551020408 314.0034179688
0.3591836735 275.4011230469
0.3632653061 240.9211273193
0.3673469388 203.5271301270
0.3714285714 168.4856109619
0.3755102041 141.4520874023
0.3795918367 113.2261199951
0.3836734694 85.4101638794
0.3877551020 61.1021499634
0.3918367347 40.5376548767
0.3959183673 22.6037502289
0.4000000000 7.4613690376
0.4040816327 0.0000000000
0.4081632653 0.0000000000
0.4122448980 0.0000000000
0.4163265306 0.0000000000
0.4204081633 0.0000000000
0.4244897959 0.0000000000
0.4285714286 0.0000000000
0.4326530612 0.0000000000
0.4367346939 0.0000000000
0.4408163265 0.0000000000
0.4448979592 0.0000000000
0.4489795918 0.0000000000
0.4530612245 0.0000000000
0.4571428571 0.0000000000
0.4612244898 0.0000000000
0.4653061224 0.0000000000
0.4693877551 0.0000000000
0.4734693878 0.0000000000
0.4775510204 0.0000000000
0.4816326531 0.0000000000
0.4857142857 0.0000000000
0.4897959184 0.0000000000
0.4938775510 0.0000000000
0.4979591837 0.0000000000
0.5020408163 0.0000000000
0.5061224490 0.0000000000
0.5102040816 0.0000000000
0.5142857143 0.0000000000
0.5183673469 0.0000000000
0.5224489796 0.0000000000
0.5265306122 0.0000000000
0.5306122449 0.0000000000
0.5346938776 0.0000000000
0.5387755102 0.0000000000
0.5428571429 0.0000000000
0.5469387755 0.0000000000
0.5510204082 0.0000000000
0.5551020408 0.0000000000
0.5591836735 0.0000000000
0.5632653061 0.0000000000
0.5673469388 0.0000000000
0.5714285714 0.0000000000
0.5755102041 0.0000000000
0.5795918367 0.0000000000
0.5836734694 0.0000000000
0.5877551020 0.0000000000
0.5918367347 0.0000000000
0.5959183673 4.0251760483
0.6000000000 83.3861923218
0.6040816327 304.9686889648
0.6081632653 320.7276000977
0.6122448980 261.9469299316
0.6163265306 221.1173706055
0.6204081633 184.3963928223
0.6244897959 151.0525970459
0.6285714286 122.3247070312
0.6326530612 101.5440826416
0.6367346939 74.9983215332
0.6408163265 50.7068634033
0.6448979592 28.6406288147
0.6489795918 10.1150875092
0.6530612245 1.2339949608
0.6571428571 0.0000000000
0.6612244898 0.0000000000
0.6653061224 0.0000000000
0.6693877551 0.0000000000
0.6734693878 0.0000000000
0.6775510204 0.0000000000
0.6816326531 0.0000000000
0.6857142857 0.0000000000
0.6897959184 0.0000000000
0.6938775510 0.0000000000
0.6979591837 0.0000000000
0.7020408163 0.0000000000
0.7061224490 0.0000000000
0.7102040816 0.0000000000
0.7142857143 0.0000000000
0.7183673469 0.0000000000
0.7224489796 0.0000000000
0.7265306122 0.0000000000
0.7306122449 0.0000000000
0.7346938776 0.0000000000
0.7387755102 0.0000000000
0.7428571429 0.0000000000
0.7469387755 0.0000000000
0.7510204082 0.0000000000
0.7551020408 0.0000000000
0.7591836735 0.0000000000
0.7632653061 0.0000000000
0.7673469388 0.0000000000
0.7714285714 0.0000000000
0.7755102041 0.0000000000
0.7795918367 0.0000000000
0.7836734694 0.0000000000
0.7877551020 0.0000000000
0.7918367347 0.0000000000
0.7959183673 0.0000000000
0.8000000000 0.0000000000
0.8040816327 0.0000000000
0.8081632653 0.0000000000
0.8122448980 0.0000000000
0.8163265306 0.0000000000
0.8204081633 0.0000000000
0.8244897959 0.0000000000
0.8285714286 0.0000000000
0.8326530612 0.0000000000
0.8367346939 0.0000000000
0.8408163265 0.0000000000
0.8448979592 0.0000000000
0.8489795918 0.0000000000
0.8530612245 0.0000000000
0.8571428571 0.0000000000
0.8612244898 0.0000000000
0.8653061224 0.0000000000
0.8693877551 0.0000000000
0.8734693878 0.0000000000
0.8775510204 0.0000000000
0.8816326531 0.0000000000
0.8857142857 0.0000000000
0.8897959184 0.0000000000
0.8938775510 0.0000000000
0.8979591837 0.0000000000
0.9020408163 0.0000000000
0.9061224490 0.0000000000
0.9102040816 0.0000000000
0.9142857143 0.0000000000
0.9183673469 0.0000000000
0.9224489796 0.0000000000
0.9265306122 0.0000000000
0.9306122449 0.0000000000
0.9346938776 0.0000000000
0.9387755102 0.0000000000
0.9428571429 0.0000000000
0.9469387755 15.2436199188
0.9510204082 117.9205017090
0.9551020408 215.6090087891
0.9591836735 250.1658172607
0.9632653061 222.1959228516
0.9673469388 200.9749450684
0.9714285714 172.2044219971
0.9755102041 144.6417999268
0.9795918367 115.1674957275
0.9836734694 88.2301330566
0.9877551020 64.2502288818
0.9918367347 44.7409744263
0.9959183673 25.3042869568
1.0000000000 8.3886384964
1.0040816327 0.0000000000
1.0081632653 0.0000000000
1.0122448980 0.0000000000
1.0163265306 0.0000000000
1.0204081633 0.0000000000
1.0244897959 0.0000000000
1.0285714286 0.0000000000
1.0326530612 0.0000000000
1.0367346939 0.0000000000
1.0408163265 0.0000000000
1.0448979592 0.0000000000
1.0489795918 0.0000000000
1.0530612245 0.0000000000
1.0571428571 0.0000000000
1.0612244898 0.0000000000
1.0653061224 0.0000000000
1.0693877551 0.0000000000
1.0734693878 0.0000000000
1.0775510204 0.0000000000
1.0816326531 0.0000000000
1.0857142857 0.0000000000
1.0897959184 18.2033405304
1.0938775510 46.9468727112
1.0979591837 66.1246643066
1.1020408163 78.5311431885
1.1061224490 80.8491210938
1.1102040816 64.0465011597
1.1142857143 48.6493110657
1.1183673469 33.7446327209
1.1224489796 19.9939613342
1.1265306122 5.6989789009
1.1306122449 0.0000000000
1.1346938776 0.0000000000
1.1387755102 0.0000000000
1.1428571429 0.0000000000
1.1469387755 0.0000000000
1.1510204082 0.0000000000
1.1551020408 0.0000000000
1.1591836735 0.0000000000
1.1632653061 0.0000000000
1.1673469388 0.0000000000
1.1714285714 0.0000000000
1.1755102041 0.0000000000
1.1795918367 0.0000000000
1.1836734694 0.0000000000
1.1877551020 0.0000000000
1.1918367347 0.0000000000
1.1959183673 0.0000000000
1.2000000000 0.0000000000
1.2040816327 0.0000000000
1.2081632653 0.0000000000
1.2122448980 0.0000000000
1.2163265306 0.0000000000
1.2204081633 0.0000000000
1.2244897959 0.0000000000
1.2285714286 0.0000000000
1.2326530612 0.0000000000
1.2367346939 0.0000000000
1.2408163265 0.0000000000
1.2448979592 0.0000000000
1.2489795918 0.0000000000
1.2530612245 0.0000000000
1.2571428571 0.0000000000
1.2612244898 0.0000000000
1.2653061224 0.0000000000
1.2693877551 0.0000000000
1.2734693878 0.0000000000
1.2775510204 0.0000000000
1.2816326531 0.0000000000
1.2857142857 0.0000000000
1.2897959184 0.0000000000
1.2938775510 0.0000000000
1.2979591837 0.0000000000
1.3020408163 0.0000000000
1.3061224490 0.0000000000
1.3102040816 0.0000000000
1.3142857143 2.0921230316
1.3183673469 2.2088289261
1.3224489796 0.0000000000
1.3265306122 0.0000000000
1.3306122449 0.0000000000
1.3346938776 1.7677098513
1.3387755102 18.4096107483
1.3428571429 37.2975463867
1.3469387755 57.5421295166
1.3510204082 94.9466552734
1.3551020408 146.1895446777
1.3591836735 237.7489776611
1.3632653061 308.3004150391
1.3673469388 326.0368041992
1.3714285714 269.2389526367
1.3755102041 225.2802276611
1.3795918367 188.1135253906
1.3836734694 155.5839233398
1.3877551020 128.4904632568
1.3918367347 103.1970672607
1.3959183673 79.5608444214
1.4000000000 57.8216629028
1.4040816327 36.7847061157
1.4081632653 19.7349185944
1.4122448980 5.7125387192
1.4163265306 0.1028776169
1.4204081633 0.0000000000
1.4244897959 0.0000000000
1.4285714286 0.0000000000
1.4326530612 0.0000000000
1.4367346939 0.0000000000
1.4408163265 0.0000000000
1.4448979592 0.0000000000
1.4489795918 0.0000000000
1.4530612245 0.0000000000
1.4571428571 0.0000000000
1.4612244898 0.0000000000
1.4653061224 0.0000000000
1.4693877551 0.0000000000
1.4734693878 0.0000000000
1.4775510204 0.0000000000
1.4816326531 0.0000000000
1.4857142857 0.0000000000
1.4897959184 0.0000000000
1.4938775510 0.0000000000
1.4979591837 0.0000000000
1.5020408163 0.0000000000
1.5061224490 0.0000000000
1.5102040816 0.0000000000
1.5142857143 0.0000000000
1.5183673469 0.0000000000
1.5224489796 0.0000000000
1.5265306122 0.0000000000
1.5306122449 0.0000000000
1.5346938776 0.0000000000
1.5387755102 0.0000000000
1.5428571429 0.0000000000
1.5469387755 0.0000000000
1.5510204082 0.0000000000
1.5551020408 0.0000000000
1.5591836735 0.0000000000
1.5632653061 0.0000000000
1.5673469388 0.0000000000
1.5714285714 0.0000000000
1.5755102041 0.0000000000
1.5795918367 0.0000000000
1.5836734694 0.0000000000
1.5877551020 0.0000000000
1.5918367347 14.9503355026
1.5959183673 24.1017055511
1.6000000000 38.3645019531
1.6040816327 53.3809967041
1.6081632653 62.1515960693
1.6122448980 63.2412567139
1.6163265306 49.8985366821
1.6204081633 31.4147472382
1.6244897959 12.1818780899
1.6285714286 4.2483210564
1.6326530612 1.1752843857
1.6367346939 0.0000000000
1.6408163265 2.0790705681
1.6448979592 15.7062501907
1.6489795918 42.3238601685
1.6530612245 61.7929382324
1.6571428571 79.8284988403
1.6612244898 69.9222106934
1.6653061224 62.3410644531
1.6693877551 52.6912193298
1.6734693878 34.0722808838
1.6775510204 27.2042160034
1.6816326531 14.2604408264
1.6857142857 3.5446286201
1.6897959184 0.0000000000
1.6938775510 0.0000000000
1.6979591837 0.0000000000
1.7020408163 0.0000000000
1.7061224490 0.0000000000
1.7102040816 0.0000000000
1.7142857143 0.0000000000
1.7183673469 0.0000000000
1.7224489796 0.0000000000
1.7265306122 0.0000000000
1.7306122449 0.0000000000
1.7346938776 0.0000000000
1.7387755102 0.0000000000
1.7428571429 0.0000000000
1.7469387755 0.0000000000
1.7510204082 0.0000000000
1.7551020408 0.0000000000
1.7591836735 0.0000000000
1.7632653061 0.0000000000
1.7673469388 0.0000000000
1.7714285714 0.0000000000
1.7755102041 0.0000000000
1.7795918367 0.0000000000
1.7836734694 0.0000000000
1.7877551020 0.0000000000
1.7918367347 0.0000000000
1.7959183673 0.0000000000
1.8000000000 0.0000000000
1.8040816327 0.0000000000
1.8081632653 0.0000000000
1.8122448980 0.0000000000
1.8163265306 0.0000000000
1.8204081633 0.0000000000
1.8244897959 0.0000000000
1.8285714286 0.0000000000
1.8326530612 0.0000000000
1.8367346939 0.0000000000
1.8408163265 0.0000000000
1.8448979592 0.0000000000
1.8489795918 0.0000000000
1.8530612245 0.0000000000
1.8571428571 0.0000000000
1.8612244898 0.0000000000
1.8653061224 0.0000000000
1.8693877551 0.0000000000
1.8734693878 0.0000000000
1.8775510204 0.0000000000
1.8816326531 0.0000000000
1.8857142857 0.0000000000
1.8897959184 0.0000000000
1.8938775510 0.0000000000
1.8979591837 0.0000000000
1.9020408163 0.0000000000
1.9061224490 0.0000000000
1.9102040816 0.0000000000
1.9142857143 0.0000000000
1.9183673469 0.0000000000
1.9224489796 0.0000000000
1.9265306122 0.0000000000
1.9306122449 0.0000000000
1.9346938776 0.0000000000
1.9387755102 0.0000000000
1.9428571429 0.0000000000
1.9469387755 0.0000000000
1.9510204082 0.0000000000
1.9551020408 0.0000000000
1.9591836735 0.0000000000
1.9632653061 0.0000000000
1.9673469388 0.0000000000
1.9714285714 0.0000000000
1.9755102041 0.0000000000
1.9795918367 0.0000000000
1.9836734694 0.0000000000
1.9877551020 0.0000000000
1.9918367347 0.5640089512
1.9959183673 0.9202361107
2.0000000000 0.0529289246
2.0040816327 0.0000000000
2.0081632653 0.0000000000
2.0122448980 0.0000000000
2.0163265306 0.0000000000
2.0204081633 0.0000000000
2.0244897959 0.0000000000
2.0285714286 0.0000000000
2.0326530612 0.0000000000
2.0367346939 0.0000000000
2.0408163265 0.0000000000
2.0448979592 0.0000000000
2.0489795918 0.0000000000
2.0530612245 0.0000000000
2.0571428571 0.0000000000
2.0612244898 0.0000000000
2.0653061224 0.0000000000
2.0693877551 0.0000000000
2.0734693878 0.0000000000
2.0775510204 0.0000000000
2.0816326531 0.0000000000
2.0857142857 0.0000000000
2.0897959184 0.0000000000
2.0938775510 1.7291456461
2.0979591837 1.6261339188
2.1020408163 2.4050621986
2.1061224490 4.4879016876
2.1102040816 10.6184329987
2.1142857143 25.1435337067
2.1183673469 60.5632324219
2.1224489796 93.3937530518
2.1265306122 105.5937347412
2.1306122449 107.9997711182
2.1346938776 106.0868225098
2.1387755102 104.3574523926
2.1428571429 96.9564666748
2.1469387755 87.4313049316
2.1510204082 73.4273071289
2.1551020408 51.9258384705
2.1591836735 31.9960708618
2.1632653061 8.6936130524
2.1673469388 0.0000000000
2.1714285714 0.0000000000
2.1755102041 0.0000000000
2.1795918367 0.0000000000
2.1836734694 0.0000000000
2.1877551020 0.0000000000
2.1918367347 0.0000000000
2.1959183673 0.0000000000
2.2000000000 0.0000000000
2.2040816327 0.0000000000
2.2081632653 0.0000000000
2.2122448980 0.0000000000
2.2163265306 0.0000000000
2.2204081633 0.0000000000
2.2244897959 0.0000000000
2.2285714286 0.0000000000
2.2326530612 0.0000000000
2.2367346939 0.0000000000
2.2408163265 0.0000000000
2.2448979592 0.0000000000
2.2489795918 0.0000000000
2.2530612245 0.0000000000
2.2571428571 0.0000000000
2.2612244898 0.0000000000
2.2653061224 0.0000000000
2.2693877551 0.0000000000
2.2734693878 0.0000000000
2.2775510204 0.0000000000
2.2816326531 0.0000000000
2.2857142857 0.0000000000
2.2897959184 0.0000000000
2.2938775510 0.0000000000
2.2979591837 0.0000000000
2.3020408163 0.0000000000
2.3061224490 0.0000000000
2.3102040816 0.0000000000
2.3142857143 0.0000000000
2.3183673469 0.0000000000
2.3224489796 0.0000000000
2.3265306122 0.0000000000
2.3306122449 0.0000000000
2.3346938776 0.0000000000
2.3387755102 0.5741119385
2.3428571429 12.6269454956
2.3469387755 31.8763237000
2.3510204082 42.9512672424
2.3551020408 42.4922714233
2.3591836735 43.4322357178
2.3632653061 40.8204193115
2.3673469388 42.2420158386
2.3714285714 42.2773361206
2.3755102041 44.1147842407
2.3795918367 50.1562957764
2.3836734694 51.9262237549
2.3877551020 54.8636322021
2.3918367347 59.7507324219
2.3959183673 71.4271087646
2.4000000000 66.5114517212
2.4040816327 56.0366859436
2.4081632653 43.3479461670
2.4122448980 31.2931823730
2.4163265306 18.5088214874
2.4204081633 6.0665011406
2.4244897959 1.4680027962
2.4285714286 0.0000000000
2.4326530612 0.0000000000
2.4367346939 0.0000000000
2.4408163265 0.0000000000
2.4448979592 0.0000000000
2.4489795918 0.0000000000
2.4530612245 0.0000000000
2.4571428571 0.1420974731
2.4612244898 0.0000000000
2.4653061224 0.0000000000
2.4693877551 0.0000000000
2.4734693878 0.0000000000
2.4775510204 0.0000000000
2.4816326531 0.0000000000
2.4857142857 0.0000000000
2.4897959184 0.0000000000
2.4938775510 0.0000000000
2.4979591837 0.1177787781
2.5020408163 1.8156766891
2.5061224490 3.1925141811
2.5102040816 3.4793913364
2.5142857143 4.1461586952
2.5183673469 3.9671957493
2.5224489796 5.4967699051
2.5265306122 5.5256786346
2.5306122449 4.1887464523
2.5346938776 2.7988851070
2.5387755102 1.0975301266
2.5428571429 0.0000000000
2.5469387755 0.0000000000
2.5510204082 0.0000000000
2.5551020408 0.0000000000
2.5591836735 0.0000000000
2.5632653061 0.0000000000
2.5673469388 9.4521045685
2.5714285714 12.7565860748
2.5755102041 29.4651985168
2.5795918367 38.7051086426
2.5836734694 50.3809356689
2.5877551020 75.6057510376
2.5918367347 71.4591140747
2.5959183673 71.5808563232
2.6000000000 68.4682159424
2.6040816327 53.4929351807
2.6081632653 42.7718315125
2.6122448980 34.8564682007
2.6163265306 17.1816654205
2.6204081633 13.2781715393
2.6244897959 4.3580980301
2.6285714286 0.0000000000
2.6326530612 0.0000000000
2.6367346939 0.0000000000
2.6408163265 12.6910657883
2.6448979592 71.5214843750
2.6489795918 59.3409080505
2.6530612245 96.5969238281
2.6571428571 133.2028503418
2.6612244898 160.1299133301
2.6653061224 172.9673004150
2.6693877551 140.1554412842
2.6734693878 118.0803222656
2.6775510204 103.3591613770
2.6816326531 81.4636917114
2.6857142857 61.2734870911
2.6897959184 49.4955177307
2.6938775510 38.6620788574
2.6979591837 28.2329902649
2.7020408163 13.8338804245
2.7061224490 4.6721401215
2.7102040816 0.0000000000
2.7142857143 0.0000000000
2.7183673469 0.0000000000
2.7224489796 0.0000000000
2.7265306122 0.0000000000
2.7306122449 0.0000000000
2.7346938776 0.0000000000
2.7387755102 0.0000000000
2.7428571429 0.0000000000
2.7469387755 0.0000000000
2.7510204082 0.0000000000
2.7551020408 0.0000000000
2.7591836735 0.0000000000
2.7632653061 0.0000000000
2.7673469388 0.0000000000
2.7714285714 0.0000000000
2.7755102041 0.0000000000
2.7795918367 0.0000000000
2.7836734694 0.0000000000
2.7877551020 0.0000000000
2.7918367347 0.0000000000
2.7959183673 0.0000000000
2.8000000000 0.0000000000
2.8040816327 0.0000000000
2.8081632653 0.0000000000
2.8122448980 0.0000000000
2.8163265306 0.0000000000
2.8204081633 0.0000000000
2.8244897959 0.0000000000
2.8285714286 0.0000000000
2.8326530612 0.0000000000
2.8367346939 0.0000000000
2.8408163265 0.0000000000
2.8448979592 0.0000000000
2.8489795918 0.0000000000
2.8530612245 0.0000000000
2.8571428571 0.0000000000
2.8612244898 0.0000000000
2.8653061224 0.0000000000
2.8693877551 0.0000000000
2.8734693878 0.0000000000
2.8775510204 0.0000000000
2.8816326531 0.0000000000
2.8857142857 0.0000000000
2.8897959184 0.0000000000
2.8938775510 0.0000000000
2.8979591837 0.0000000000
2.9020408163 0.0000000000
2.9061224490 0.0000000000
2.9102040816 0.0000000000
2.9142857143 0.0000000000
2.9183673469 0.0000000000
2.9224489796 0.0000000000
2.9265306122 0.0000000000
2.9306122449 0.0370144844
2.9346938776 0.0000000000
2.9387755102 0.0000000000
2.9428571429 0.0000000000
2.9469387755 0.0000000000
2.9510204082 0.0000000000
2.9551020408 0.0000000000
2.9591836735 0.0000000000
2.9632653061 0.0000000000
2.9673469388 0.0000000000
2.9714285714 0.0000000000
2.9755102041 0.0000000000
2.9795918367 0.0000000000
2.9836734694 0.0000000000
2.9877551020 0.0000000000
2.9918367347 0.0000000000
2.9959183673 0.0000000000
3.0000000000 0.0000000000
3.0040816327 0.0000000000
3.0081632653 0.0000000000
3.0122448980 0.0000000000
3.0163265306 0.0000000000
3.0204081633 0.0000000000
3.0244897959 0.0000000000
3.0285714286 28.7921409607
3.0326530612 72.9217987061
3.0367346939 132.8986816406
3.0408163265 194.3731384277
3.0448979592 231.3317260742
3.0489795918 218.9970092773
3.0530612245 186.3986816406
3.0571428571 159.1073303223
3.0612244898 133.4150390625
3.0653061224 102.5792541504
3.0693877551 73.7840499878
3.0734693878 49.2231903076
3.0775510204 27.3107376099
3.0816326531 10.5213966370
3.0857142857 3.6305413246
3.0897959184 0.0000000000
3.0938775510 0.0000000000
3.0979591837 0.0000000000
3.1020408163 0.0000000000
3.1061224490 0.0000000000
3.1102040816 0.0000000000
3.1142857143 0.0000000000
3.1183673469 0.0000000000
3.1224489796 0.0000000000
3.1265306122 0.0000000000
3.1306122449 0.0000000000
3.1346938776 0.0000000000
3.1387755102 0.0000000000
3.1428571429 0.9992122650
3.1469387755 5.7447853088
3.1510204082 7.0960669518
3.1551020408 14.6518945694
3.1591836735 36.1320381165
3.1632653061 31.7104148865
3.1673469388 22.1373596191
3.1714285714 11.5307569504
3.1755102041 4.7305822372
3.1795918367 0.0000000000
3.1836734694 0.0000000000
3.1877551020 0.0000000000
3.1918367347 0.0000000000
3.1959183673 0.0000000000
3.2000000000 0.0000000000
3.2040816327 0.0000000000
3.2081632653 0.0000000000
3.2122448980 0.0000000000
3.2163265306 0.0000000000
3.2204081633 0.0000000000
3.2244897959 0.0000000000
3.2285714286 0.0000000000
3.2326530612 0.0000000000
3.2367346939 0.0000000000
3.2408163265 0.0000000000
3.2448979592 0.0000000000
3.2489795918 0.0000000000
3.2530612245 0.0000000000
3.2571428571 0.0000000000
3.2612244898 0.0000000000
3.2653061224 0.0000000000
3.2693877551 0.0000000000
3.2734693878 0.0000000000
3.2775510204 0.0000000000
3.2816326531 0.0000000000
3.2857142857 0.0000000000
3.2897959184 0.0000000000
3.2938775510 0.0000000000
3.2979591837 0.0000000000
3.3020408163 0.0000000000
3.3061224490 0.0000000000
3.3102040816 1.4925003052
3.3142857143 3.4709572792
3.3183673469 2.2248625755
3.3224489796 0.0000000000
3.3265306122 0.0000000000
3.3306122449 0.0000000000
3.3346938776 0.0000000000
3.3387755102 0.0000000000
3.3428571429 0.0000000000
3.3469387755 0.0000000000
3.3510204082 0.0000000000
3.3551020408 0.0000000000
3.3591836735 0.0000000000
3.3632653061 0.0000000000
3.3673469388 0.0000000000
3.3714285714 0.0000000000
3.3755102041 0.0000000000
3.3795918367 0.0000000000
3.3836734694 0.0000000000
3.3877551020 0.0000000000
3.3918367347 0.0000000000
3.3959183673 0.0000000000
3.4000000000 0.0000000000
3.4040816327 0.0000000000
3.4081632653 0.0000000000
3.4122448980 0.0000000000
3.4163265306 1.7371773720
3.4204081633 16.6827430725
3.4244897959 47.7457046509
3.4285714286 102.6525802612
3.4326530612 171.9219970703
3.4367346939 234.4614105225
3.4408163265 248.5986328125
3.4448979592 236.2265319824
3.4489795918 224.7817993164
3.4530612245 197.0933532715
3.4571428571 170.5268554688
3.4612244898 147.0987854004
3.4653061224 114.8331146240
3.4693877551 95.1571655273
3.4734693878 87.8026351929
3.4775510204 76.6168518066
3.4816326531 60.2552604675
3.4857142857 45.7721366882
3.4897959184 33.2588539124
3.4938775510 23.4962558746
3.4979591837 16.9637508392
3.5020408163 11.2026929855
3.5061224490 5.5881738663
3.5102040816 1.3000965118
3.5142857143 0.0000000000
3.5183673469 0.0000000000
3.5224489796 0.0000000000
3.5265306122 0.0000000000
3.5306122449 0.0000000000
3.5346938776 0.0000000000
3.5387755102 0.0000000000
3.5428571429 0.0000000000
3.5469387755 0.0000000000
3.5510204082 0.0000000000
3.5551020408 0.0000000000
3.5591836735 0.0000000000
3.5632653061 0.0000000000
3.5673469388 0.0000000000
3.5714285714 0.0000000000
3.5755102041 0.0000000000
3.5795918367 0.0000000000
3.5836734694 0.0000000000
3.5877551020 0.0000000000
3.5918367347 0.0000000000
3.5959183673 0.0000000000
3.6000000000 0.0000000000
3.6040816327 0.0000000000
3.6081632653 0.0000000000
3.6122448980 0.0000000000
3.6163265306 0.0000000000
3.6204081633 0.0000000000
3.6244897959 0.0000000000
3.6285714286 0.0000000000
3.6326530612 0.0000000000
3.6367346939 0.0000000000
3.6408163265 0.0000000000
3.6448979592 0.0000000000
3.6489795918 0.0000000000
3.6530612245 0.0000000000
3.6571428571 0.0000000000
3.6612244898 0.0000000000
3.6653061224 0.0000000000
3.6693877551 0.0000000000
3.6734693878 0.0000000000
3.6775510204 0.0000000000
3.6816326531 0.0000000000
3.6857142857 0.0000000000
3.6897959184 0.0000000000
3.6938775510 0.0000000000
3.6979591837 0.0000000000
3.7020408163 0.0000000000
3.7061224490 0.0000000000
3.7102040816 2.4228096008
3.7142857143 9.9828548431
3.7183673469 21.7283973694
3.7224489796 37.4156265259
3.7265306122 50.7147521973
3.7306122449 59.1616477966
3.7346938776 61.4594535828
3.7387755102 59.4700698853
3.7428571429 49.2530288696
3.7469387755 41.8072052002
3.7510204082 30.6593780518
3.7551020408 23.3095893860
3.7591836735 16.3801002502
3.7632653061 3.5915970802
3.7673469388 0.0000000000
3.7714285714 0.0000000000
3.7755102041 0.0000000000
3.7795918367 0.0000000000
3.7836734694 0.0000000000
3.7877551020 0.0000000000
3.7918367347 0.0000000000
3.7959183673 0.0000000000
3.8000000000 0.0000000000
3.8040816327 0.0000000000
3.8081632653 0.0000000000
3.8122448980 0.0000000000
3.8163265306 0.0000000000
3.8204081633 0.0000000000
3.8244897959 0.0000000000
3.8285714286 0.0000000000
3.8326530612 0.0000000000
3.8367346939 0.0000000000
3.8408163265 0.0000000000
3.8448979592 0.0000000000
3.8489795918 0.0000000000
3.8530612245 0.0000000000
3.8571428571 0.0000000000
3.8612244898 0.0000000000
3.8653061224 0.0000000000
3.8693877551 0.0000000000
3.8734693878 0.0000000000
3.8775510204 0.0000000000
3.8816326531 0.0000000000
3.8857142857 0.0000000000
3.8897959184 0.0000000000
3.8938775510 0.0000000000
3.8979591837 0.0000000000
3.9020408163 0.0000000000
3.9061224490 0.0000000000
3.9102040816 0.0000000000
3.9142857143 0.0000000000
3.9183673469 0.0000000000
3.9224489796 0.0000000000
3.9265306122 0.0000000000
3.9306122449 0.0000000000
3.9346938776 0.0000000000
3.9387755102 0.0000000000
3.9428571429 0.0000000000
3.9469387755 0.0000000000
3.9510204082 0.0000000000
3.9551020408 0.0000000000
3.9591836735 0.0000000000
3.9632653061 0.0000000000
3.9673469388 3.1149387360
3.9714285714 1.8932223320
3.9755102041 0.3623962402
3.9795918367 0.2290010452
3.9836734694 0.5857124925
3.9877551020 0.0000000000
3.9918367347 0.0000000000
3.9959183673 1.9165873528
4.0000000000 3.0883252621
4.0040816327 2.0387172699
4.0081632653 3.7916898727
4.0122448980 0.0000000000
4.0163265306 0.0000000000
4.0204081633 0.0000000000
4.0244897959 0.0000000000
4.0285714286 0.0000000000
4.0326530612 0.0000000000
4.0367346939 0.0000000000
4.0408163265 0.0000000000
4.0448979592 0.0000000000
4.0489795918 0.0000000000
4.0530612245 0.0000000000
4.0571428571 0.0000000000
4.0612244898 0.0000000000
4.0653061224 0.5823373795
4.0693877551 1.0539684296
4.0734693878 0.0000000000
4.0775510204 0.0000000000
4.0816326531 0.0000000000
4.0857142857 1.2729167938
4.0897959184 0.0000000000
4.0938775510 0.0000000000
4.0979591837 0.0000000000
4.1020408163 0.0000000000
4.1061224490 0.0000000000
4.1102040816 1.3995170593
4.1142857143 3.2577514648
4.1183673469 2.1973252296
4.1224489796 1.1674165726
4.1265306122 0.0391900539
4.1306122449 0.0000000000
4.1346938776 0.0000000000
4.1387755102 0.0000000000
4.1428571429 0.0000000000
4.1469387755 0.0000000000
4.1510204082 0.0000000000
4.1551020408 0.0000000000
4.1591836735 0.0000000000
4.1632653061 0.0000000000
4.1673469388 0.0000000000
4.1714285714 0.0000000000
4.1755102041 0.0000000000
4.1795918367 0.0000000000
4.1836734694 0.0000000000
4.1877551020 0.0000000000
4.1918367347 0.0000000000
4.1959183673 1.8523931503
4.2000000000 6.5307617188
4.2040816327 9.0216999054
4.2081632653 14.2419338226
4.2122448980 17.8078117371
4.2163265306 17.5919094086
4.2204081633 20.1756649017
4.2244897959 56.5052032471
4.2285714286 102.1867980957
4.2326530612 108.9900665283
4.2367346939 110.7802963257
4.2408163265 117.3506317139
4.2448979592 129.5639038086
4.2489795918 129.5180969238
4.2530612245 106.6520233154
4.2571428571 82.7986907959
4.2612244898 58.5494499207
4.2653061224 32.7553443909
4.2693877551 7.8275203705
4.2734693878 0.0000000000
4.2775510204 0.0000000000
4.2816326531 0.0000000000
4.2857142857 0.0000000000
4.2897959184 0.0000000000
4.2938775510 0.0000000000
4.2979591837 0.0000000000
4.3020408163 0.0000000000
4.3061224490 0.0000000000
4.3102040816 0.0000000000
4.3142857143 0.0000000000
4.3183673469 0.0000000000
4.3224489796 0.0000000000
4.3265306122 0.0000000000
4.3306122449 15.0136499405
4.3346938776 17.2360382080
4.3387755102 10.0994110107
4.3428571429 0.0000000000
4.3469387755 0.0000000000
4.3510204082 0.0000000000
4.3551020408 0.0000000000
4.3591836735 0.0000000000
4.3632653061 0.0000000000
4.3673469388 0.0000000000
4.3714285714 0.0000000000
4.3755102041 0.0000000000
4.3795918367 0.0000000000
4.3836734694 0.0000000000
4.3877551020 0.0000000000
4.3918367347 0.0000000000
4.3959183673 0.0000000000
4.4000000000 0.0000000000
4.4040816327 0.0000000000
4.4081632653 0.0000000000
4.4122448980 0.0000000000
4.4163265306 0.0000000000
4.4204081633 0.0000000000
4.4244897959 0.0000000000
4.4285714286 0.0000000000
4.4326530612 0.0000000000
4.4367346939 0.0000000000
4.4408163265 0.0000000000
4.4448979592 0.0000000000
4.4489795918 0.0000000000
4.4530612245 3.8047707081
4.4571428571 13.5883693695
4.4612244898 10.5790796280
4.4653061224 0.0000000000
4.4693877551 0.0000000000
4.4734693878 9.2802047729
4.4775510204 38.5068969727
4.4816326531 59.6228942871
4.4857142857 88.9792938232
4.4897959184 157.9474182129
4.4938775510 196.6695404053
4.4979591837 245.9876556396
4.5020408163 219.1943664551
4.5061224490 185.4726867676
4.5102040816 166.4852447510
4.5142857143 134.9178771973
4.5183673469 96.1324615479
4.5224489796 60.8525848389
4.5265306122 30.2165756226
4.5306122449 19.5640335083
4.5346938776 8.7403659821
4.5387755102 0.0000000000
4.5428571429 0.0000000000
4.5469387755 0.0000000000
4.5510204082 0.0000000000
4.5551020408 0.0000000000
4.5591836735 0.0000000000
4.5632653061 0.0000000000
4.5673469388 0.0000000000
4.5714285714 0.0000000000
4.5755102041 0.6119608879
4.5795918367 2.2475571632
4.5836734694 5.4448843002
4.5877551020 6.2286853790
4.5918367347 11.4047527313
4.5959183673 6.1456561089
4.6000000000 0.0037550926
4.6040816327 0.0000000000
4.6081632653 0.0000000000
4.6122448980 0.0000000000
4.6163265306 0.0000000000
4.6204081633 0.0000000000
4.6244897959 0.0000000000
4.6285714286 0.0000000000
4.6326530612 0.0000000000
4.6367346939 0.0000000000
4.6408163265 0.0000000000
4.6448979592 0.0000000000
4.6489795918 0.0000000000
4.6530612245 0.0000000000
4.6571428571 0.0000000000
4.6612244898 0.0000000000
4.6653061224 0.0000000000
4.6693877551 0.0000000000
4.6734693878 0.0000000000
4.6775510204 0.0000000000
4.6816326531 0.0000000000
4.6857142857 0.0000000000
4.6897959184 0.0000000000
4.6938775510 0.0000000000
4.6979591837 0.0000000000
4.7020408163 0.0000000000
4.7061224490 0.0000000000
4.7102040816 0.0000000000
4.7142857143 0.0000000000
4.7183673469 0.0000000000
4.7224489796 0.0000000000
4.7265306122 0.0000000000
4.7306122449 1.2979656458
4.7346938776 0.0000000000
4.7387755102 0.0000000000
4.7428571429 0.0000000000
4.7469387755 4.1784496307
4.7510204082 116.0520782471
4.7551020408 198.5153198242
4.7591836735 297.7754516602
4.7632653061 283.7259216309
4.7673469388 277.6983642578
4.7714285714 223.6330108643
4.7755102041 189.0834960938
4.7795918367 160.7555084229
4.7836734694 135.0905761719
4.7877551020 113.8832550049
4.7918367347 87.3209228516
4.7959183673 61.9550933838
4.8000000000 39.1086349487
4.8040816327 18.6790237427
4.8081632653 4.7721567154
4.8122448980 1.3828277588
4.8163265306 0.0000000000
4.8204081633 0.0000000000
4.8244897959 0.0000000000
4.8285714286 0.0000000000
4.8326530612 0.0000000000
4.8367346939 0.0000000000
4.8408163265 0.0000000000
4.8448979592 0.0000000000
4.8489795918 0.0000000000
4.8530612245 0.0000000000
4.8571428571 0.0000000000
4.8612244898 0.0000000000
4.8653061224 0.0000000000
4.8693877551 0.0000000000
4.8734693878 0.0000000000
4.8775510204 0.0000000000
4.8816326531 0.0000000000
4.8857142857 0.0000000000
4.8897959184 0.0000000000
4.8938775510 0.0000000000
4.8979591837 0.0000000000
4.9020408163 0.0000000000
4.9061224490 0.0000000000
4.9102040816 0.0000000000
4.9142857143 0.0000000000
4.9183673469 0.0000000000
4.9224489796 0.0000000000
4.9265306122 0.0000000000
4.9306122449 0.0000000000
4.9346938776 0.0000000000
4.9387755102 0.0000000000
4.9428571429 0.0000000000
4.9469387755 0.0000000000
4.9510204082 0.0000000000
4.9551020408 0.0000000000
4.9591836735 0.0000000000
4.9632653061 0.0000000000
4.9673469388 0.0000000000
4.9714285714 0.0000000000
4.9755102041 0.0000000000
4.9795918367 0.0000000000
4.9836734694 0.0000000000
4.9877551020 0.0000000000
4.9918367347 0.0000000000
4.9959183673 0.0000000000
5.0000000000 0.0000000000
5.0040816327 0.0000000000
5.0081632653 0.0000000000
5.0122448980 0.0000000000
5.0163265306 0.0000000000
5.0204081633 0.0000000000
5.0244897959 0.0000000000
5.0285714286 0.0000000000
5.0326530612 0.0000000000
5.0367346939 0.0000000000
5.0408163265 0.0000000000
5.0448979592 1.6842484474
5.0489795918 0.0263452530
5.0530612245 0.0000000000
5.0571428571 0.0000000000
5.0612244898 0.0000000000
5.0653061224 0.0000000000
5.0693877551 0.0000000000
5.0734693878 0.0000000000
5.0775510204 0.0000000000
5.0816326531 0.0000000000
5.0857142857 0.0000000000
5.0897959184 0.0000000000
5.0938775510 0.0000000000
5.0979591837 0.0000000000
5.1020408163 0.0000000000
5.1061224490 0.0000000000
5.1102040816 0.0000000000
5.1142857143 0.0000000000
5.1183673469 0.0000000000
5.1224489796 0.0000000000
5.1265306122 0.0000000000
5.1306122449 0.0000000000
5.1346938776 29.5515937805
5.1387755102 127.9306945801
5.1428571429 220.6752929688
5.1469387755 245.6825256348
5.1510204082 210.0214691162
5.1551020408 171.5058593750
5.1591836735 143.9054870605
5.1632653061 117.5377502441
5.1673469388 96.8173751831
5.1714285714 76.7863998413
5.1755102041 58.3277359009
5.1795918367 38.6798400879
5.1836734694 20.8793582916
5.1877551020 5.2388906479
5.1918367347 0.0000000000
5.1959183673 0.0000000000
5.2000000000 0.0000000000
5.2040816327 0.0000000000
5.2081632653 0.0000000000
5.2122448980 0.0000000000
5.2163265306 0.0000000000
5.2204081633 0.0000000000
5.2244897959 0.0000000000
5.2285714286 0.0000000000
5.2326530612 0.0000000000
5.2367346939 0.0000000000
5.2408163265 0.0000000000
5.2448979592 0.0000000000
5.2489795918 0.0000000000
5.2530612245 0.0000000000
5.2571428571 0.0000000000
5.2612244898 0.0000000000
5.2653061224 0.0000000000
5.2693877551 0.0000000000
5.2734693878 0.0000000000
5.2775510204 0.0000000000
5.2816326531 0.0000000000
5.2857142857 11.5519762039
5.2897959184 67.3037872314
5.2938775510 63.3811073303
5.2979591837 66.4771575928
5.3020408163 62.6091613770
5.3061224490 44.9745101929
5.3102040816 16.8347625732
5.3142857143 0.0000000000
5.3183673469 0.0000000000
5.3224489796 0.0000000000
5.3265306122 0.0000000000
5.3306122449 0.0000000000
5.3346938776 0.0000000000
5.3387755102 0.0000000000
5.3428571429 0.0000000000
5.3469387755 0.0000000000
5.3510204082 0.0000000000
5.3551020408 0.0000000000
5.3591836735 0.0000000000
5.3632653061 0.0000000000
5.3673469388 0.0000000000
5.3714285714 0.0000000000
5.3755102041 0.0000000000
5.3795918367 0.0000000000
5.3836734694 0.0000000000
5.3877551020 0.0000000000
5.3918367347 0.0000000000
5.3959183673 0.0000000000
5.4000000000 0.0000000000
5.4040816327 0.0000000000
5.4081632653 0.0000000000
5.4122448980 0.0000000000
5.4163265306 0.0000000000
5.4204081633 0.0000000000
5.4244897959 0.0000000000
5.4285714286 0.0000000000
5.4326530612 0.0000000000
5.4367346939 0.0000000000
5.4408163265 0.0000000000
5.4448979592 0.0000000000
5.4489795918 0.0000000000
5.4530612245 0.0000000000
5.4571428571 0.0000000000
5.4612244898 0.0000000000
5.4653061224 0.0000000000
5.4693877551 0.0000000000
5.4734693878 0.0000000000
5.4775510204 0.0000000000
5.4816326531 0.0000000000
5.4857142857 0.0000000000
5.4897959184 0.0000000000
5.4938775510 0.0000000000
5.4979591837 0.0000000000
5.5020408163 5.9241652489
5.5061224490 18.7169609070
5.5102040816 20.6040153503
5.5142857143 21.8037357330
5.5183673469 27.3602600098
5.5224489796 39.7235183716
5.5265306122 60.8890266418
5.5306122449 61.3707313538
5.5346938776 134.9671783447
5.5387755102 221.1189880371
5.5428571429 272.2981567383
5.5469387755 255.1074676514
5.5510204082 247.4341430664
5.5551020408 204.8210449219
5.5591836735 169.0018463135
5.5632653061 138.4759216309
5.5673469388 112.2812347412
5.5714285714 87.7168197632
5.5755102041 67.3933334351
5.5795918367 49.1123199463
5.5836734694 32.0222969055
5.5877551020 17.4110679626
5.5918367347 5.4673180580
5.5959183673 0.0000000000
5.6000000000 0.0000000000
5.6040816327 0.0000000000
5.6081632653 0.0000000000
5.6122448980 0.0000000000
5.6163265306 0.0000000000
5.6204081633 0.0000000000
5.6244897959 0.0000000000
5.6285714286 0.0000000000
5.6326530612 0.0000000000
5.6367346939 0.0000000000
5.6408163265 0.0000000000
5.6448979592 0.0000000000
5.6489795918 0.0000000000
5.6530612245 0.0000000000
5.6571428571 0.0000000000
5.6612244898 0.0000000000
5.6653061224 0.0000000000
5.6693877551 0.0000000000
5.6734693878 0.0000000000
5.6775510204 0.0000000000
5.6816326531 0.0000000000
5.6857142857 0.0000000000
5.6897959184 0.0000000000
5.6938775510 0.0000000000
5.6979591837 0.0000000000
5.7020408163 0.0000000000
5.7061224490 0.0000000000
5.7102040816 0.0000000000
5.7142857143 0.0000000000
5.7183673469 0.0000000000
5.7224489796 0.0000000000
5.7265306122 0.0000000000
5.7306122449 0.0000000000
5.7346938776 0.0000000000
5.7387755102 0.0000000000
5.7428571429 0.0000000000
5.7469387755 0.0000000000
5.7510204082 0.0000000000
5.7551020408 0.0000000000
5.7591836735 0.0000000000
5.7632653061 0.0000000000
5.7673469388 0.0000000000
5.7714285714 0.0000000000
5.7755102041 0.0000000000
5.7795918367 0.0000000000
5.7836734694 0.0000000000
5.7877551020 0.0000000000
5.7918367347 0.0000000000
5.7959183673 0.0000000000
5.8000000000 0.0000000000
5.8040816327 0.0000000000
5.8081632653 1.4123293161
5.8122448980 2.5837142467
5.8163265306 2.8153042793
5.8204081633 4.7492609024
5.8244897959 6.0405731201
5.8285714286 6.6702365875
5.8326530612 7.2097182274
5.8367346939 14.8787498474
5.8408163265 11.6894245148
5.8448979592 7.1635842323
5.8489795918 6.5926909447
5.8530612245 3.1738281250
5.8571428571 0.0000000000
5.8612244898 0.0000000000
5.8653061224 0.0000000000
5.8693877551 0.0000000000
5.8734693878 0.0000000000
5.8775510204 0.0000000000
5.8816326531 0.0000000000
5.8857142857 0.0000000000
5.8897959184 0.0000000000
5.8938775510 0.0000000000
5.8979591837 0.0000000000
5.9020408163 0.0000000000
5.9061224490 0.0000000000
5.9102040816 0.0000000000
5.9142857143 0.0000000000
5.9183673469 0.0000000000
5.9224489796 0.0000000000
5.9265306122 0.0000000000
5.9306122449 0.0000000000
5.9346938776 0.0000000000
5.9387755102 0.0000000000
5.9428571429 0.0000000000
5.9469387755 0.0000000000
5.9510204082 0.0000000000
5.9551020408 0.0000000000
5.9591836735 0.0000000000
5.9632653061 0.0000000000
5.9673469388 0.0000000000
5.9714285714 0.0000000000
5.9755102041 0.0000000000
5.9795918367 0.0000000000
5.9836734694 0.0000000000
5.9877551020 0.0000000000
5.9918367347 0.0000000000
5.9959183673 0.0000000000
6.0000000000 0.0000000000
6.0040816327 0.0000000000
6.0081632653 0.0000000000
6.0122448980 0.0000000000
6.0163265306 0.0000000000
6.0204081633 0.0000000000
6.0244897959 0.0000000000
6.0285714286 0.0000000000
6.0326530612 0.0000000000
6.0367346939 0.0000000000
6.0408163265 0.0000000000
6.0448979592 0.0000000000
6.0489795918 0.0000000000
6.0530612245 0.0000000000
6.0571428571 0.0000000000
6.0612244898 0.0000000000
6.0653061224 0.0000000000
6.0693877551 0.0000000000
6.0734693878 0.4321336746
6.0775510204 1.1270046234
6.0816326531 0.7052794099
6.0857142857 3.1356215477
6.0897959184 2.1547675133
6.0938775510 0.1536607742
6.0979591837 0.0000000000
6.1020408163 0.0000000000
6.1061224490 0.0000000000
6.1102040816 0.0000000000
6.1142857143 0.0000000000
6.1183673469 0.0000000000
6.1224489796 0.0000000000
6.1265306122 0.0000000000
6.1306122449 0.0000000000
6.1346938776 0.0000000000
6.1387755102 0.0000000000
6.1428571429 0.0000000000
6.1469387755 0.0000000000
6.1510204082 0.0000000000
6.1551020408 0.0000000000
6.1591836735 0.0000000000
6.1632653061 0.0000000000
6.1673469388 0.0000000000
6.1714285714 0.0000000000
6.1755102041 0.0000000000
6.1795918367 0.0000000000
6.1836734694 0.0000000000
6.1877551020 0.0000000000
6.1918367347 0.0000000000
6.1959183673 0.0000000000
6.2000000000 0.0000000000
6.2040816327 0.0000000000
6.2081632653 0.0000000000
6.2122448980 0.0000000000
6.2163265306 0.0000000000
6.2204081633 0.0000000000
6.2244897959 0.0000000000
6.2285714286 0.0000000000
6.2326530612 0.0000000000
6.2367346939 0.0000000000
6.2408163265 0.0000000000
6.2448979592 0.0000000000
6.2489795918 0.0000000000
6.2530612245 0.0000000000
6.2571428571 0.0000000000
6.2612244898 0.0000000000
6.2653061224 0.0000000000
6.2693877551 0.0000000000
6.2734693878 0.0000000000
6.2775510204 0.0000000000
6.2816326531 0.0000000000
6.2857142857 0.0000000000
6.2897959184 0.0000000000
6.2938775510 0.0000000000
6.2979591837 0.0000000000
6.3020408163 0.0000000000
6.3061224490 0.0000000000
6.3102040816 0.0000000000
6.3142857143 0.0000000000
6.3183673469 0.0000000000
6.3224489796 0.0000000000
6.3265306122 0.0000000000
6.3306122449 3.9114208221
6.3346938776 35.3096733093
6.3387755102 95.0625000000
6.3428571429 143.7872009277
6.3469387755 151.8495788574
6.3510204082 139.7883300781
6.3551020408 118.2210464478
6.3591836735 92.8524322510
6.3632653061 67.6382598877
6.3673469388 46.5629196167
6.3714285714 24.1576423645
6.3755102041 0.4445761442
6.3795918367 0.0000000000
6.3836734694 0.0000000000
6.3877551020 0.0000000000
6.3918367347 0.0000000000
6.3959183673 0.0000000000
6.4000000000 0.0000000000
6.4040816327 0.0000000000
6.4081632653 0.0000000000
6.4122448980 0.0000000000
6.4163265306 0.0000000000
6.4204081633 0.0000000000
6.4244897959 0.0000000000
6.4285714286 0.0000000000
6.4326530612 0.0000000000
6.4367346939 0.0000000000
6.4408163265 0.0000000000
6.4448979592 0.0000000000
6.4489795918 0.0000000000
6.4530612245 0.0000000000
6.4571428571 0.0000000000
6.4612244898 0.0000000000
6.4653061224 0.0000000000
6.4693877551 0.0000000000
6.4734693878 0.0000000000
6.4775510204 0.0000000000
6.4816326531 0.0000000000
6.4857142857 0.0000000000
6.4897959184 0.0000000000
6.4938775510 0.0000000000
6.4979591837 0.0000000000
6.5020408163 0.0000000000
6.5061224490 0.0000000000
6.5102040816 0.0000000000
6.5142857143 0.0000000000
6.5183673469 0.0000000000
6.5224489796 0.0000000000
6.5265306122 0.0000000000
6.5306122449 0.0000000000
6.5346938776 0.0000000000
6.5387755102 0.0000000000
6.5428571429 0.0000000000
6.5469387755 4.7641992569
6.5510204082 4.9530267715
6.5551020408 4.8206148148
6.5591836735 20.1752033234
6.5632653061 20.1681251526
6.5673469388 32.5139007568
6.5714285714 25.5765991211
6.5755102041 36.1003265381
6.5795918367 55.7960586548
6.5836734694 66.8308715820
6.5877551020 63.0338211060
6.5918367347 91.4849090576
6.5959183673 103.9679336548
6.6000000000 100.1404418945
6.6040816327 87.7920684814
6.6081632653 77.9061050415
6.6122448980 70.7974624634
6.6163265306 65.8746566772
6.6204081633 62.3166122437
6.6244897959 45.3795471191
6.6285714286 33.5480270386
6.6326530612 27.5549297333
6.6367346939 21.6996517181
6.6408163265 15.5886268616
6.6448979592 6.8278312683
6.6489795918 5.3220391273
6.6530612245 3.5831928253
6.6571428571 1.3691186905
6.6612244898 0.0000000000
6.6653061224 0.0000000000
6.6693877551 0.0000000000
6.6734693878 0.0000000000
6.6775510204 0.0000000000
6.6816326531 0.0000000000
6.6857142857 0.0000000000
6.6897959184 0.0000000000
6.6938775510 0.0000000000
6.6979591837 0.0000000000
6.7020408163 0.6921887398
6.7061224490 0.0000000000
6.7102040816 0.0000000000
6.7142857143 0.0000000000
6.7183673469 0.0000000000
6.7224489796 0.0000000000
6.7265306122 0.0000000000
6.7306122449 0.0000000000
6.7346938776 0.0000000000
6.7387755102 0.0000000000
6.7428571429 0.0000000000
6.7469387755 0.0000000000
6.7510204082 0.0000000000
6.7551020408 0.0000000000
6.7591836735 0.0000000000
6.7632653061 0.0000000000
6.7673469388 0.0000000000
6.7714285714 0.0000000000
6.7755102041 0.0000000000
6.7795918367 0.0000000000
6.7836734694 0.0000000000
6.7877551020 0.0000000000
6.7918367347 0.0000000000
6.7959183673 0.0000000000
6.8000000000 0.0000000000
6.8040816327 0.0000000000
6.8081632653 0.3650188446
6.8122448980 0.5054026842
6.8163265306 3.8598775864
6.8204081633 6.7438035011
6.8244897959 16.5942611694
6.8285714286 51.3888893127
6.8326530612 183.2777862549
6.8367346939 359.9747314453
6.8408163265 349.3129577637
6.8448979592 302.5130920410
6.8489795918 274.8327026367
6.8530612245 237.2793579102
6.8571428571 206.7687072754
6.8612244898 170.0421447754
6.8653061224 137.5581970215
6.8693877551 108.8529663086
6.8734693878 84.5909118652
6.8775510204 62.7569580078
6.8816326531 42.8032875061
6.8857142857 25.3409156799
6.8897959184 10.2922916412
6.8938775510 0.3238618374
6.8979591837 0.0000000000
6.9020408163 0.0000000000
6.9061224490 0.0000000000
6.9102040816 0.0000000000
6.9142857143 0.0000000000
6.9183673469 0.0000000000
6.9224489796 0.0000000000
6.9265306122 0.0000000000
6.9306122449 0.0000000000
6.9346938776 0.0000000000
6.9387755102 0.0000000000
6.9428571429 0.0000000000
6.9469387755 0.0000000000
6.9510204082 0.0000000000
6.9551020408 0.0000000000
6.9591836735 0.0000000000
6.9632653061 0.0000000000
6.9673469388 0.0000000000
6.9714285714 0.0000000000
6.9755102041 0.0000000000
6.9795918367 0.0000000000
6.9836734694 0.0000000000
6.9877551020 0.0000000000
6.9918367347 0.0000000000
6.9959183673 0.0000000000
7.0000000000 0.0000000000
7.0040816327 0.0000000000
7.0081632653 0.0000000000
7.0122448980 0.0000000000
7.0163265306 0.0000000000
7.0204081633 0.0000000000
7.0244897959 0.0000000000
7.0285714286 0.0000000000
7.0326530612 0.0000000000
7.0367346939 0.0000000000
7.0408163265 0.0000000000
7.0448979592 0.0000000000
7.0489795918 0.0000000000
7.0530612245 0.0000000000
7.0571428571 0.0000000000
7.0612244898 0.0000000000
7.0653061224 0.0000000000
7.0693877551 0.0000000000
7.0734693878 0.0000000000
7.0775510204 0.0000000000
7.0816326531 0.0000000000
7.0857142857 0.0000000000
7.0897959184 0.0000000000
7.0938775510 0.7468461990
7.0979591837 4.1020212173
7.1020408163 7.1161985397
7.1061224490 6.0290694237
7.1102040816 3.7906169891
7.1142857143 1.1203885078
7.1183673469 0.0000000000
7.1224489796 0.0000000000
7.1265306122 0.0000000000
7.1306122449 0.0000000000
7.1346938776 0.0000000000
7.1387755102 0.0000000000
7.1428571429 0.0000000000
7.1469387755 0.0000000000
7.1510204082 0.0000000000
7.1551020408 0.0000000000
7.1591836735 0.0000000000
7.1632653061 0.0000000000
7.1673469388 0.0000000000
7.1714285714 0.0000000000
7.1755102041 0.0000000000
7.1795918367 0.0000000000
7.1836734694 0.0000000000
7.1877551020 0.0000000000
7.1918367347 0.0000000000
7.1959183673 19.6519203186
7.2000000000 157.8641204834
7.2040816327 251.4617004395
7.2081632653 248.4917449951
7.2122448980 228.8434448242
7.2163265306 193.5007324219
7.2204081633 168.6446838379
7.2244897959 137.9689788818
7.2285714286 110.2965621948
7.2326530612 85.5175399780
7.2367346939 63.3209075928
7.2408163265 43.4585800171
7.2448979592 25.8935394287
7.2489795918 10.6166896820
7.2530612245 0.4333257675
7.2571428571 0.0000000000
7.2612244898 0.0000000000
7.2653061224 0.0000000000
7.2693877551 0.0000000000
7.2734693878 0.0000000000
7.2775510204 0.0000000000
7.2816326531 0.0000000000
7.2857142857 0.0000000000
7.2897959184 0.0000000000
7.2938775510 0.0000000000
7.2979591837 0.0000000000
7.3020408163 0.0000000000
7.3061224490 0.0000000000
7.3102040816 0.0000000000
7.3142857143 0.0000000000
7.3183673469 0.6546974182
7.3224489796 0.8698925376
7.3265306122 0.0000000000
7.3306122449 1.4875531197
7.3346938776 0.0000000000
7.3387755102 0.0000000000
7.3428571429 0.0000000000
7.3469387755 0.0000000000
7.3510204082 0.0000000000
7.3551020408 0.0000000000
7.3591836735 0.0000000000
7.3632653061 0.0000000000
7.3673469388 0.0000000000
7.3714285714 0.0000000000
7.3755102041 0.0000000000
7.3795918367 0.0000000000
7.3836734694 0.0000000000
7.3877551020 0.0000000000
7.3918367347 0.0000000000
7.3959183673 0.0000000000
7.4000000000 0.0000000000
7.4040816327 0.0000000000
7.4081632653 0.0000000000
7.4122448980 0.0000000000
7.4163265306 0.0000000000
7.4204081633 0.0000000000
7.4244897959 0.0000000000
7.4285714286 0.0000000000
7.4326530612 0.0000000000
7.4367346939 0.0000000000
7.4408163265 0.0000000000
7.4448979592 0.0000000000
7.4489795918 0.0000000000
7.4530612245 0.0000000000
7.4571428571 0.0000000000
7.4612244898 0.0000000000
7.4653061224 0.0000000000
7.4693877551 0.0000000000
7.4734693878 0.0000000000
7.4775510204 0.0000000000
7.4816326531 0.0000000000
7.4857142857 0.0000000000
7.4897959184 0.0000000000
7.4938775510 0.0000000000
7.4979591837 0.0000000000
7.5020408163 0.0000000000
7.5061224490 0.0000000000
7.5102040816 0.0000000000
7.5142857143 0.0000000000
7.5183673469 0.0000000000
7.5224489796 0.0000000000
7.5265306122 0.0000000000
7.5306122449 0.0000000000
7.5346938776 0.0000000000
7.5387755102 0.0000000000
7.5428571429 0.0000000000
7.5469387755 0.0000000000
7.5510204082 0.0000000000
7.5551020408 2.5166571140
7.5591836735 0.0000000000
7.5632653061 5.5433139801
7.5673469388 22.6449375153
7.5714285714 46.9985313416
7.5755102041 66.5572967529
7.5795918367 151.9773406982
7.5836734694 221.4815673828
7.5877551020 282.1873168945
7.5918367347 270.4594421387
7.5959183673 231.3001708984
7.6000000000 195.2579650879
7.6040816327 170.2483520508
7.6081632653 144.3947448730
7.6122448980 120.8336791992
7.6163265306 93.4559020996
7.6204081633 76.5252075195
7.6244897959 56.5645103455
7.6285714286 40.0254135132
7.6326530612 26.6798133850
7.6367346939 16.1524410248
7.6408163265 9.2034931183
7.6448979592 3.7504434586
7.6489795918 0.0000000000
7.6530612245 0.0000000000
7.6571428571 0.0000000000
7.6612244898 0.0000000000
7.6653061224 0.0000000000
7.6693877551 0.0000000000
7.6734693878 0.0000000000
7.6775510204 0.0000000000
7.6816326531 0.0000000000
7.6857142857 0.9227991104
7.6897959184 2.8243660927
7.6938775510 2.3620724678
7.6979591837 0.0402927399
7.7020408163 0.6210207939
7.7061224490 0.0000000000
7.7102040816 0.0000000000
7.7142857143 0.0000000000
7.7183673469 0.0000000000
7.7224489796 0.0000000000
7.7265306122 0.0000000000
7.7306122449 0.0000000000
7.7346938776 0.0000000000
7.7387755102 0.0000000000
7.7428571429 0.0000000000
7.7469387755 0.0000000000
7.7510204082 0.0000000000
7.7551020408 0.0000000000
7.7591836735 0.0000000000
7.7632653061 0.0000000000
7.7673469388 0.0000000000
7.7714285714 0.0000000000
7.7755102041 0.0000000000
7.7795918367 0.0000000000
7.7836734694 0.0000000000
7.7877551020 0.0000000000
7.7918367347 0.0000000000
7.7959183673 0.0000000000
7.8000000000 0.0000000000
7.8040816327 0.0000000000
7.8081632653 0.0000000000
7.8122448980 0.0000000000
7.8163265306 0.0000000000
7.8204081633 0.0000000000
7.8244897959 0.0000000000
7.8285714286 0.0000000000
7.8326530612 0.0000000000
7.8367346939 0.0000000000
7.8408163265 0.0000000000
7.8448979592 0.0000000000
7.8489795918 0.0000000000
7.8530612245 0.0000000000
7.8571428571 0.0000000000
7.8612244898 0.0000000000
7.8653061224 0.0000000000
7.8693877551 4.9288125038
7.8734693878 16.8556137085
7.8775510204 36.2595024109
7.8816326531 59.0370597839
7.8857142857 78.2443008423
7.8897959184 77.8479614258
7.8938775510 71.8001098633
7.8979591837 62.1806373596
7.9020408163 47.5919418335
7.9061224490 29.1442279816
7.9102040816 14.2525291443
7.9142857143 1.1872649193
7.9183673469 0.0000000000
7.9224489796 0.0000000000
7.9265306122 0.0000000000
7.9306122449 0.0000000000
7.9346938776 0.0000000000
7.9387755102 0.0000000000
7.9428571429 0.0000000000
7.9469387755 0.0000000000
7.9510204082 0.0000000000
7.9551020408 0.1637339592
7.9591836735 0.4410743713
7.9632653061 0.0000000000
7.9673469388 0.0000000000
7.9714285714 0.0000000000
7.9755102041 0.0000000000
7.9795918367 0.0000000000
7.9836734694 0.0000000000
7.9877551020 0.0000000000
7.9918367347 0.0000000000
7.9959183673 0.0000000000
8.0000000000 0.0000000000
8.0040816327 0.0000000000
8.0081632653 0.0000000000
8.0122448980 0.0000000000
8.0163265306 0.0000000000
8.0204081633 0.0000000000
8.0244897959 0.0000000000
8.0285714286 0.0000000000
8.0326530612 0.0000000000
8.0367346939 0.0000000000
8.0408163265 0.0000000000
8.0448979592 0.0000000000
8.0489795918 0.0000000000
8.0530612245 0.0000000000
8.0571428571 0.0000000000
8.0612244898 0.0000000000
8.0653061224 0.0000000000
8.0693877551 0.0000000000
8.0734693878 0.0000000000
8.0775510204 0.0000000000
8.0816326531 0.0000000000
8.0857142857 0.0000000000
8.0897959184 0.0000000000
8.0938775510 0.0000000000
8.0979591837 0.0000000000
8.1020408163 0.0000000000
8.1061224490 0.0000000000
8.1102040816 0.0000000000
8.1142857143 0.0000000000
8.1183673469 0.0000000000
8.1224489796 0.0000000000
8.1265306122 0.0000000000
8.1306122449 0.0000000000
8.1346938776 0.0000000000
8.1387755102 0.0000000000
8.1428571429 0.0000000000
8.1469387755 0.0000000000
8.1510204082 0.0000000000
8.1551020408 0.0000000000
8.1591836735 0.0000000000
8.1632653061 0.0000000000
8.1673469388 0.0000000000
8.1714285714 0.0000000000
8.1755102041 0.0000000000
8.1795918367 0.0000000000
8.1836734694 0.0000000000
8.1877551020 0.0000000000
8.1918367347 0.0000000000
8.1959183673 0.0000000000
8.2000000000 0.0000000000
8.2040816327 0.0000000000
8.2081632653 0.0000000000
8.2122448980 0.0000000000
8.2163265306 0.0000000000
8.2204081633 0.0000000000
8.2244897959 0.0000000000
8.2285714286 0.0000000000
8.2326530612 0.0000000000
8.2367346939 0.0000000000
8.2408163265 0.0000000000
8.2448979592 0.0000000000
8.2489795918 0.0000000000
8.2530612245 0.0000000000
8.2571428571 0.0000000000
8.2612244898 0.0000000000
8.2653061224 0.0000000000
8.2693877551 0.0000000000
8.2734693878 0.0000000000
8.2775510204 1.3610720634
8.2816326531 0.0000000000
8.2857142857 0.0000000000
8.2897959184 0.0000000000
8.2938775510 3.2834410667
8.2979591837 4.0565133095
8.3020408163 4.5766234398
8.3061224490 1.5877358913
8.3102040816 7.9849362373
8.3142857143 6.0245394707
8.3183673469 3.4058690071
8.3224489796 5.8044490814
8.3265306122 15.4921712875
8.3306122449 19.0359954834
8.3346938776 16.2181262970
8.3387755102 17.9674625397
8.3428571429 13.8865709305
8.3469387755 56.7526206970
8.3510204082 100.7483901978
8.3551020408 149.6430969238
8.3591836735 179.8766937256
8.3632653061 173.5220947266
8.3673469388 145.3301391602
8.3714285714 112.8768920898
8.3755102041 81.0711364746
8.3795918367 55.4786911011
8.3836734694 32.6533317566
8.3877551020 7.4600577354
8.3918367347 0.0000000000
8.3959183673 0.0000000000
8.4000000000 0.0000000000
8.4040816327 0.0000000000
8.4081632653 0.0000000000
8.4122448980 0.0000000000
8.4163265306 0.0000000000
8.4204081633 0.0000000000
8.4244897959 0.0000000000
8.4285714286 0.0000000000
8.4326530612 0.0000000000
8.4367346939 0.0000000000
8.4408163265 0.0000000000
8.4448979592 0.0000000000
8.4489795918 0.0000000000
8.4530612245 0.0000000000
8.4571428571 0.0000000000
8.4612244898 0.0000000000
8.4653061224 0.0000000000
8.4693877551 0.0000000000
8.4734693878 0.0000000000
8.4775510204 0.0000000000
8.4816326531 0.0000000000
8.4857142857 0.0000000000
8.4897959184 0.0000000000
8.4938775510 0.0000000000
8.4979591837 0.0000000000
8.5020408163 0.0000000000
8.5061224490 0.0000000000
8.5102040816 0.0000000000
8.5142857143 0.0000000000
8.5183673469 0.0000000000
8.5224489796 0.0000000000
8.5265306122 0.0000000000
8.5306122449 0.0000000000
8.5346938776 0.0000000000
8.5387755102 0.0000000000
8.5428571429 0.0000000000
8.5469387755 0.0000000000
8.5510204082 0.0000000000
8.5551020408 0.0000000000
8.5591836735 0.0000000000
8.5632653061 0.0000000000
8.5673469388 0.0000000000
8.5714285714 12.4240512848
8.5755102041 30.7805538177
8.5795918367 23.0166015625
8.5836734694 15.3834218979
8.5877551020 12.3721809387
8.5918367347 17.6761741638
8.5959183673 31.0919284821
8.6000000000 50.1852035522
8.6040816327 64.0841064453
8.6081632653 77.0596923828
8.6122448980 103.0969619751
8.6163265306 128.1866302490
8.6204081633 170.7963867188
8.6244897959 189.7700500488
8.6285714286 181.7583618164
8.6326530612 158.1812438965
8.6367346939 131.8173980713
8.6408163265 115.4905395508
8.6448979592 96.3242340088
8.6489795918 74.8738555908
8.6530612245 55.1543960571
8.6571428571 37.7129173279
8.6612244898 18.5177173615
8.6653061224 4.1499137878
8.6693877551 0.0000000000
8.6734693878 0.0000000000
8.6775510204 0.0000000000
8.6816326531 0.0000000000
8.6857142857 0.0000000000
8.6897959184 0.0000000000
8.6938775510 0.0000000000
8.6979591837 0.0000000000
8.7020408163 0.0000000000
8.7061224490 0.0000000000
8.7102040816 0.0000000000
8.7142857143 0.0000000000
8.7183673469 0.0000000000
8.7224489796 0.0000000000
8.7265306122 0.0000000000
8.7306122449 0.0000000000
8.7346938776 0.0000000000
8.7387755102 0.0000000000
8.7428571429 0.0000000000
8.7469387755 0.0000000000
8.7510204082 0.0000000000
8.7551020408 0.0000000000
8.7591836735 0.0000000000
8.7632653061 0.0000000000
8.7673469388 0.0000000000
8.7714285714 0.0000000000
8.7755102041 0.0000000000
8.7795918367 0.0000000000
8.7836734694 0.0000000000
8.7877551020 0.0000000000
8.7918367347 0.0000000000
8.7959183673 0.0000000000
8.8000000000 0.0000000000
8.8040816327 0.0000000000
8.8081632653 0.0000000000
8.8122448980 0.0000000000
8.8163265306 0.0000000000
8.8204081633 0.0000000000
8.8244897959 6.0764179230
8.8285714286 17.3490047455
8.8326530612 25.7479553223
8.8367346939 35.3280601501
8.8408163265 34.4272270203
8.8448979592 27.9909229279
8.8489795918 41.5322799683
8.8530612245 42.1558609009
8.8571428571 60.8839836121
8.8612244898 89.8846435547
8.8653061224 211.1880187988
8.8693877551 426.0402221680
8.8734693878 450.1849365234
8.8775510204 402.9953002930
8.8816326531 346.1622009277
8.8857142857 292.9886474609
8.8897959184 243.5994110107
8.8938775510 204.1382751465
8.8979591837 162.0760498047
8.9020408163 121.8761825562
8.9061224490 91.9064254761
8.9102040816 67.8150634766
8.9142857143 43.9589309692
8.9183673469 23.0464344025
8.9224489796 4.8873424530
8.9265306122 0.0000000000
8.9306122449 0.0000000000
8.9346938776 0.0000000000
8.9387755102 0.0000000000
8.9428571429 0.0000000000
8.9469387755 0.0000000000
8.9510204082 0.0000000000
8.9551020408 0.0000000000
8.9591836735 0.0000000000
8.9632653061 0.0000000000
8.9673469388 0.0000000000
8.9714285714 0.0000000000
8.9755102041 0.0000000000
8.9795918367 0.0000000000
8.9836734694 0.0000000000
8.9877551020 0.0000000000
8.9918367347 0.0000000000
8.9959183673 0.0000000000
9.0000000000 0.0000000000
9.0040816327 0.0000000000
9.0081632653 0.0000000000
9.0122448980 0.0000000000
9.0163265306 0.0000000000
9.0204081633 0.0000000000
9.0244897959 0.0000000000
9.0285714286 0.0000000000
9.0326530612 0.6594061852
9.0367346939 1.4961659908
9.0408163265 0.0000000000
9.0448979592 0.0000000000
9.0489795918 0.0000000000
9.0530612245 0.0000000000
9.0571428571 0.0000000000
9.0612244898 0.0000000000
9.0653061224 0.0000000000
9.0693877551 0.0000000000
9.0734693878 0.0000000000
9.0775510204 0.0000000000
9.0816326531 0.0000000000
9.0857142857 0.0000000000
9.0897959184 0.0000000000
9.0938775510 0.0000000000
9.0979591837 0.0000000000
9.1020408163 0.0000000000
9.1061224490 0.0000000000
9.1102040816 0.0000000000
9.1142857143 0.0000000000
9.1183673469 0.0000000000
9.1224489796 0.0000000000
9.1265306122 0.0000000000
9.1306122449 0.0000000000
9.1346938776 0.0000000000
9.1387755102 0.0000000000
9.1428571429 0.0000000000
9.1469387755 0.0000000000
9.1510204082 0.0000000000
9.1551020408 0.0000000000
9.1591836735 0.0000000000
9.1632653061 0.0000000000
9.1673469388 0.0000000000
9.1714285714 0.0000000000
9.1755102041 0.0000000000
9.1795918367 0.0000000000
9.1836734694 0.0000000000
9.1877551020 0.0000000000
9.1918367347 0.0000000000
9.1959183673 0.0000000000
9.2000000000 0.0000000000
9.2040816327 0.0000000000
9.2081632653 0.0000000000
9.2122448980 0.0000000000
9.2163265306 0.0000000000
9.2204081633 0.0000000000
9.2244897959 0.0000000000
9.2285714286 28.4461383820
9.2326530612 177.5824432373
9.2367346939 349.1789855957
9.2408163265 314.9009399414
9.2448979592 286.6844177246
9.2489795918 240.3296356201
9.2530612245 199.3506774902
9.2571428571 163.1478881836
9.2612244898 127.8876495361
9.2653061224 96.6091766357
9.2693877551 67.9238433838
9.2734693878 41.3831481934
9.2775510204 18.7706203461
9.2816326531 0.0797361135
9.2857142857 0.0000000000
9.2897959184 0.0000000000
9.2938775510 0.0000000000
9.2979591837 0.0000000000
9.3020408163 0.0000000000
9.3061224490 0.0000000000
9.3102040816 0.0000000000
9.3142857143 0.0000000000
9.3183673469 0.0000000000
9.3224489796 0.0000000000
9.3265306122 0.0000000000
9.3306122449 0.0000000000
9.3346938776 0.0000000000
9.3387755102 0.0000000000
9.3428571429 0.0000000000
9.3469387755 0.0000000000
9.3510204082 0.0000000000
9.3551020408 0.0000000000
9.3591836735 0.0000000000
9.3632653061 0.0000000000
9.3673469388 0.0000000000
9.3714285714 0.0000000000
9.3755102041 0.0000000000
9.3795918367 13.0783920288
9.3836734694 29.0777015686
9.3877551020 63.5945281982
9.3918367347 94.6490631104
9.3959183673 111.1093902588
9.4000000000 110.8408660889
9.4040816327 98.4087982178
9.4081632653 79.0759048462
9.4122448980 56.2929840088
9.4163265306 33.3707199097
9.4204081633 13.7549934387
9.4244897959 0.0000000000
9.4285714286 0.0000000000
9.4326530612 0.0000000000
9.4367346939 0.0000000000
9.4408163265 0.0000000000
9.4448979592 0.0000000000
9.4489795918 0.0000000000
9.4530612245 0.0000000000
9.4571428571 0.0000000000
9.4612244898 0.0000000000
9.4653061224 0.0000000000
9.4693877551 0.0000000000
9.4734693878 0.0000000000
9.4775510204 0.0000000000
9.4816326531 0.0000000000
9.4857142857 0.0000000000
9.4897959184 0.0000000000
9.4938775510 0.0000000000
9.4979591837 0.0000000000
9.5020408163 0.0000000000
9.5061224490 0.0000000000
9.5102040816 0.0000000000
9.5142857143 0.0000000000
9.5183673469 0.0000000000
9.5224489796 0.0000000000
9.5265306122 0.0000000000
9.5306122449 0.0000000000
9.5346938776 0.0000000000
9.5387755102 0.0000000000
9.5428571429 0.0000000000
9.5469387755 0.0903010368
9.5510204082 0.0000000000
9.5551020408 0.0000000000
9.5591836735 0.0000000000
9.5632653061 0.0000000000
9.5673469388 0.0000000000
9.5714285714 0.0000000000
9.5755102041 0.0000000000
9.5795918367 0.0000000000
9.5836734694 0.0000000000
9.5877551020 0.0000000000
9.5918367347 0.0000000000
9.5959183673 0.0000000000
9.6000000000 0.0000000000
9.6040816327 0.0000000000
9.6081632653 0.0000000000
9.6122448980 0.0000000000
9.6163265306 0.0000000000
9.6204081633 7.6274871826
9.6244897959 24.5975837708
9.6285714286 23.5618362427
9.6326530612 45.4603424072
9.6367346939 134.5274047852
9.6408163265 215.8021850586
9.6448979592 245.3197631836
9.6489795918 239.6731872559
9.6530612245 225.7203369141
9.6571428571 188.1515960693
9.6612244898 158.6359405518
9.6653061224 131.5565185547
9.6693877551 106.6353607178
9.6734693878 82.9754791260
9.6775510204 62.3213348389
9.6816326531 41.9611930847
9.6857142857 21.8335380554
9.6897959184 6.1515569687
9.6938775510 1.6559362411
9.6979591837 0.0000000000
9.7020408163 0.0000000000
9.7061224490 0.0000000000
9.7102040816 0.0000000000
9.7142857143 0.0000000000
9.7183673469 0.0000000000
9.7224489796 0.0000000000
9.7265306122 0.0000000000
9.7306122449 0.0000000000
9.7346938776 0.0000000000
9.7387755102 0.0000000000
9.7428571429 0.0000000000
9.7469387755 0.0000000000
9.7510204082 0.0000000000
9.7551020408 0.0000000000
9.7591836735 0.0000000000
9.7632653061 0.0000000000
9.7673469388 0.0000000000
9.7714285714 0.0000000000
9.7755102041 0.0000000000
9.7795918367 0.0000000000
9.7836734694 0.0000000000
9.7877551020 0.0000000000
9.7918367347 0.0000000000
9.7959183673 0.0000000000
9.8000000000 0.0000000000
9.8040816327 0.0000000000
9.8081632653 0.0000000000
9.8122448980 0.0000000000
9.8163265306 0.0000000000
9.8204081633 0.0000000000
9.8244897959 0.0000000000
9.8285714286 0.0000000000
9.8326530612 0.0000000000
9.8367346939 0.0000000000
9.8408163265 0.0000000000
9.8448979592 0.0000000000
9.8489795918 0.0000000000
9.8530612245 0.0000000000
9.8571428571 0.0000000000
9.8612244898 0.0000000000
9.8653061224 0.0000000000
9.8693877551 0.0000000000
9.8734693878 0.0000000000
9.8775510204 0.0000000000
9.8816326531 0.0000000000
9.8857142857 0.0000000000
9.8897959184 4.5240221024
9.8938775510 14.9932804108
9.8979591837 16.8102378845
9.9020408163 15.2558832169
9.9061224490 12.0938119888
9.9102040816 9.7752513885
9.9142857143 11.7760591507
9.9183673469 10.4522113800
9.9224489796 3.3221392632
9.9265306122 6.8476052284
9.9306122449 13.5090942383
9.9346938776 38.6934738159
9.9387755102 49.1170730591
9.9428571429 55.6781311035
9.9469387755 57.3260803223
9.9510204082 59.1074066162
9.9551020408 53.5440368652
9.9591836735 43.5428924561
9.9632653061 31.3463516235
9.9673469388 22.4127159119
9.9714285714 13.2083892822
9.9755102041 3.4737288952
9.9795918367 0.0000000000
9.9836734694 0.0000000000
9.9877551020 0.0000000000
9.9918367347 0.0000000000
9.9959183673 0.0000000000
10.0000000000 0.0000000000
10.0040816327 0.0000000000
10.0081632653 0.0000000000
10.0122448980 0.0000000000
10.0163265306 0.0000000000
10.0204081633 0.0000000000
10.0244897959 0.0000000000
10.0285714286 0.0000000000
10.0326530612 0.0000000000
10.0367346939 0.0000000000
10.0408163265 0.0000000000
10.0448979592 0.0000000000
10.0489795918 0.0000000000
10.0530612245 0.0000000000
10.0571428571 0.0000000000
10.0612244898 0.0000000000
10.0653061224 0.0000000000
10.0693877551 0.0000000000
10.0734693878 0.0000000000
10.0775510204 0.0000000000
10.0816326531 0.0000000000
10.0857142857 0.0000000000
10.0897959184 0.0000000000
10.0938775510 0.0000000000
10.0979591837 0.0000000000
10.1020408163 0.0000000000
10.1061224490 0.0000000000
10.1102040816 0.0000000000
10.1142857143 0.0000000000
10.1183673469 0.0000000000
10.1224489796 0.0000000000
10.1265306122 0.0000000000
10.1306122449 0.0000000000
10.1346938776 0.0000000000
10.1387755102 0.0000000000
10.1428571429 0.0000000000
10.1469387755 0.0000000000
10.1510204082 0.0000000000
10.1551020408 0.0000000000
10.1591836735 0.0000000000
10.1632653061 0.0000000000
10.1673469388 0.0000000000
10.1714285714 0.0000000000
10.1755102041 0.0000000000
10.1795918367 0.0000000000
10.1836734694 0.0000000000
10.1877551020 0.0000000000
10.1918367347 0.0000000000
10.1959183673 0.0000000000
10.2000000000 0.0000000000
10.2040816327 0.0000000000
10.2081632653 0.0000000000
10.2122448980 0.0000000000
10.2163265306 0.0000000000
10.2204081633 0.0000000000
10.2244897959 0.0000000000
10.2285714286 0.0000000000
10.2326530612 0.0000000000
10.2367346939 0.0000000000
10.2408163265 0.0000000000
10.2448979592 0.0000000000
10.2489795918 0.0000000000
10.2530612245 0.0000000000
10.2571428571 0.0000000000
10.2612244898 0.0000000000
10.2653061224 0.0000000000
10.2693877551 0.0000000000
10.2734693878 0.0000000000
10.2775510204 0.0000000000
10.2816326531 0.0000000000
10.2857142857 0.0000000000
10.2897959184 0.0000000000
10.2938775510 0.0000000000
10.2979591837 0.0000000000
10.3020408163 0.0000000000
10.3061224490 0.0000000000
10.3102040816 0.0000000000
10.3142857143 0.0000000000
10.3183673469 0.0000000000
10.3224489796 0.0000000000
10.3265306122 0.0000000000
10.3306122449 0.1434087753
10.3346938776 0.0000000000
10.3387755102 0.0000000000
10.3428571429 0.0000000000
10.3469387755 0.0000000000
10.3510204082 0.0000000000
10.3551020408 0.0000000000
10.3591836735 0.0000000000
10.3632653061 0.0000000000
10.3673469388 1.2304186821
10.3714285714 0.0000000000
10.3755102041 0.0000000000
10.3795918367 0.0000000000
10.3836734694 0.0000000000
10.3877551020 0.5041956902
10.3918367347 0.2261400223
10.3959183673 0.0000000000
10.4000000000 0.0000000000
10.4040816327 0.0000000000
10.4081632653 7.9583787918
10.4122448980 35.8941230774
10.4163265306 99.4376831055
10.4204081633 139.5635375977
10.4244897959 161.6995849609
10.4285714286 159.0217895508
10.4326530612 141.7759857178
10.4367346939 120.2955932617
10.4408163265 100.1727600098
10.4448979592 81.0688171387
10.4489795918 51.7115020752
10.4530612245 22.3274841309
10.4571428571 0.0000000000
10.4612244898 0.0000000000
10.4653061224 0.0000000000
10.4693877551 0.0000000000
10.4734693878 0.0000000000
10.4775510204 0.0000000000
10.4816326531 0.0000000000
10.4857142857 0.0000000000
10.4897959184 0.0000000000
10.4938775510 0.0000000000
10.4979591837 0.0000000000
10.5020408163 0.0000000000
10.5061224490 0.0000000000
10.5102040816 0.0000000000
10.5142857143 0.0000000000
10.5183673469 0.0000000000
10.5224489796 0.0000000000
10.5265306122 0.0000000000
10.5306122449 0.0000000000
10.5346938776 0.0000000000
10.5387755102 0.0000000000
10.5428571429 0.0000000000
10.5469387755 0.0000000000
10.5510204082 0.0000000000
10.5551020408 0.0000000000
10.5591836735 0.0000000000
10.5632653061 0.0000000000
10.5673469388 0.0000000000
10.5714285714 0.0000000000
10.5755102041 0.0000000000
10.5795918367 0.0000000000
10.5836734694 0.0000000000
10.5877551020 0.0000000000
10.5918367347 0.0000000000
10.5959183673 0.0000000000
10.6000000000 0.0000000000
10.6040816327 0.0000000000
10.6081632653 0.0000000000
10.6122448980 0.0000000000
10.6163265306 0.0000000000
10.6204081633 0.0000000000
10.6244897959 0.0000000000
10.6285714286 0.0000000000
10.6326530612 6.2147674561
10.6367346939 10.0749731064
10.6408163265 7.9814195633
10.6448979592 2.7878880501
10.6489795918 0.0000000000
10.6530612245 0.0000000000
10.6571428571 0.0000000000
10.6612244898 0.0000000000
10.6653061224 0.4855394363
10.6693877551 1.3978034258
10.6734693878 4.5694708824
10.6775510204 14.5950908661
10.6816326531 25.1410903931
10.6857142857 39.4662628174
10.6897959184 48.2999114990
10.6938775510 60.6614494324
10.6979591837 116.5437850952
10.7020408163 121.4826965332
10.7061224490 123.6427459717
10.7102040816 118.4739456177
10.7142857143 102.4661102295
10.7183673469 85.7201843262
10.7224489796 69.0593109131
10.7265306122 53.2266235352
10.7306122449 33.4457015991
10.7346938776 18.8277206421
10.7387755102 9.2638282776
10.7428571429 0.0000000000
10.7469387755 0.0000000000
10.7510204082 0.0000000000
10.7551020408 0.0000000000
10.7591836735 0.0000000000
10.7632653061 0.0000000000
10.7673469388 0.0000000000
10.7714285714 0.0000000000
10.7755102041 0.0000000000
10.7795918367 0.0000000000
10.7836734694 0.0000000000
10.7877551020 0.0000000000
10.7918367347 0.0000000000
10.7959183673 0.0000000000
10.8000000000 0.0000000000
10.8040816327 0.0000000000
10.8081632653 0.0000000000
10.8122448980 0.0000000000
10.8163265306 0.0000000000
10.8204081633 0.0000000000
10.8244897959 0.0000000000
10.8285714286 0.0000000000
10.8326530612 0.0000000000
10.8367346939 0.0000000000
10.8408163265 0.0000000000
10.8448979592 0.0000000000
10.8489795918 0.0000000000
10.8530612245 0.0000000000
10.8571428571 0.0000000000
10.8612244898 1.0341405869
10.8653061224 4.5239925385
10.8693877551 21.1167926788
10.8734693878 40.7803039551
10.8775510204 60.6985092163
10.8816326531 85.3724746704
10.8857142857 83.6412506104
10.8897959184 77.3551788330
10.8938775510 72.3078308105
10.8979591837 53.3707122803
10.9020408163 37.0402336121
10.9061224490 20.8254165649
10.9102040816 14.2655830383
10.9142857143 7.9383254051
10.9183673469 4.3124556541
10.9224489796 0.0000000000
10.9265306122 0.0000000000
10.9306122449 0.0000000000
10.9346938776 0.0000000000
10.9387755102 9.9234733582
10.9428571429 57.4509353638
10.9469387755 100.4996795654
10.9510204082 124.6675567627
10.9551020408 128.2780303955
10.9591836735 118.7442474365
10.9632653061 103.0641632080
10.9673469388 95.8835754395
10.9714285714 76.2689056396
10.9755102041 51.8956184387
10.9795918367 27.9027214050
10.9836734694 5.7902336121
10.9877551020 0.0000000000
10.9918367347 0.0000000000
10.9959183673 0.0000000000
11.0000000000 0.0000000000
11.0040816327 0.0000000000
11.0081632653 0.0000000000
11.0122448980 0.0000000000
11.0163265306 0.0000000000
11.0204081633 4.4030919075
11.0244897959 0.0000000000
11.0285714286 10.4037523270
11.0326530612 14.2671470642
11.0367346939 17.4650554657
11.0408163265 11.8596553802
11.0448979592 1.0464787483
11.0489795918 0.0000000000
11.0530612245 0.0000000000
11.0571428571 0.0000000000
11.0612244898 0.0000000000
11.0653061224 0.0000000000
11.0693877551 0.0000000000
11.0734693878 0.0000000000
11.0775510204 0.0000000000
11.0816326531 0.0000000000
11.0857142857 0.0000000000
11.0897959184 0.0000000000
11.0938775510 0.0000000000
11.0979591837 0.0000000000
11.1020408163 0.0000000000
11.1061224490 0.0000000000
11.1102040816 0.0000000000
11.1142857143 0.0000000000
11.1183673469 0.0000000000
11.1224489796 0.0000000000
11.1265306122 0.0000000000
11.1306122449 0.0000000000
11.1346938776 0.0000000000
11.1387755102 0.0000000000
11.1428571429 0.0000000000
11.1469387755 0.0000000000
11.1510204082 0.0000000000
11.1551020408 0.0000000000
11.1591836735 0.0000000000
11.1632653061 0.0000000000
11.1673469388 0.0000000000
11.1714285714 0.0000000000
11.1755102041 0.0000000000
11.1795918367 0.0000000000
11.1836734694 0.0000000000
11.1877551020 0.0000000000
11.1918367347 0.0000000000
11.1959183673 0.0000000000
11.2000000000 0.0000000000
11.2040816327 0.0000000000
11.2081632653 0.7067918777
11.2122448980 2.1714792252
11.2163265306 5.8179645538
11.2204081633 5.5694503784
11.2244897959 7.5773296356
11.2285714286 11.4493598938
11.2326530612 12.8381776810
11.2367346939 12.5900354385
11.2408163265 10.1509914398
11.2448979592 5.4248347282
11.2489795918 0.0000000000
11.2530612245 0.0000000000
11.2571428571 0.0000000000
11.2612244898 0.0000000000
11.2653061224 0.0000000000
11.2693877551 0.0000000000
11.2734693878 0.0000000000
11.2775510204 0.0000000000
11.2816326531 0.0000000000
11.2857142857 0.0000000000
11.2897959184 0.0000000000
11.2938775510 0.0000000000
11.2979591837 0.0000000000
11.3020408163 11.4691104889
11.3061224490 132.3261566162
11.3102040816 228.9505920410
11.3142857143 274.9180297852
11.3183673469 275.1913452148
11.3224489796 223.3680114746
11.3265306122 185.7973022461
11.3306122449 149.7543640137
11.3346938776 119.2938079834
11.3387755102 93.8039474487
11.3428571429 72.1170959473
11.3469387755 52.5477828979
11.3510204082 34.7081756592
11.3551020408 18.5572509766
11.3591836735 4.1934251785
11.3632653061 0.0000000000
11.3673469388 0.0000000000
11.3714285714 0.0000000000
11.3755102041 0.0000000000
11.3795918367 0.0000000000
11.3836734694 0.0000000000
11.3877551020 0.0000000000
11.3918367347 0.0000000000
11.3959183673 0.0000000000
11.4000000000 0.0000000000
11.4040816327 0.0000000000
11.4081632653 0.0000000000
11.4122448980 0.0000000000
11.4163265306 0.0000000000
11.4204081633 0.0000000000
11.4244897959 0.0000000000
11.4285714286 1.2917816639
11.4326530612 10.7532138824
11.4367346939 21.4319972992
11.4408163265 25.7534103394
11.4448979592 26.0094108582
11.4489795918 25.2611923218
11.4530612245 23.8926715851
11.4571428571 27.8680057526
11.4612244898 34.7955207825
11.4653061224 32.3330307007
11.4693877551 17.5328102112
11.4734693878 0.4174858332
11.4775510204 0.0000000000
11.4816326531 0.0000000000
11.4857142857 0.0000000000
11.4897959184 0.0000000000
11.4938775510 0.0000000000
11.4979591837 0.0000000000
11.5020408163 0.0000000000
11.5061224490 0.0000000000
11.5102040816 0.0000000000
11.5142857143 0.0000000000
11.5183673469 0.0000000000
11.5224489796 0.0000000000
11.5265306122 0.0000000000
11.5306122449 0.0000000000
11.5346938776 0.0000000000
11.5387755102 0.0000000000
11.5428571429 0.0000000000
11.5469387755 0.0000000000
11.5510204082 0.0000000000
11.5551020408 0.0000000000
11.5591836735 0.0000000000
11.5632653061 0.0000000000
11.5673469388 0.0000000000
11.5714285714 0.0000000000
11.5755102041 0.0000000000
11.5795918367 0.0000000000
11.5836734694 0.4234313965
11.5877551020 1.3086050749
11.5918367347 15.6010990143
11.5959183673 18.9294223785
11.6000000000 11.1240749359
11.6040816327 0.0000000000
11.6081632653 0.0000000000
11.6122448980 0.0000000000
11.6163265306 0.0000000000
11.6204081633 0.0000000000
11.6244897959 0.0000000000
11.6285714286 0.0000000000
11.6326530612 0.0000000000
11.6367346939 0.0000000000
11.6408163265 0.0000000000
11.6448979592 0.0000000000
11.6489795918 0.0000000000
11.6530612245 0.0000000000
11.6571428571 0.0000000000
11.6612244898 0.0000000000
11.6653061224 0.0000000000
11.6693877551 0.0000000000
11.6734693878 2.4625062943
11.6775510204 46.3113174438
11.6816326531 117.7349090576
11.6857142857 191.8376159668
11.6897959184 269.7846374512
11.6938775510 275.4197998047
11.6979591837 253.6185913086
11.7020408163 233.5678405762
11.7061224490 194.1051330566
11.7102040816 160.8088378906
11.7142857143 130.7783203125
11.7183673469 104.7479858398
11.7224489796 80.2472229004
11.7265306122 53.6269531250
11.7306122449 37.4082794189
11.7346938776 24.1338005066
11.7387755102 11.3881683350
11.7428571429 0.0000000000
11.7469387755 0.0000000000
11.7510204082 0.0000000000
11.7551020408 0.0000000000
11.7591836735 0.0000000000
11.7632653061 0.0000000000
11.7673469388 0.0000000000
11.7714285714 0.0000000000
11.7755102041 0.0000000000
11.7795918367 0.0000000000
11.7836734694 0.0000000000
11.7877551020 0.0000000000
11.7918367347 0.0000000000
11.7959183673 0.0000000000
11.8000000000 0.0000000000
11.8040816327 0.0000000000
11.8081632653 0.0000000000
11.8122448980 0.0000000000
11.8163265306 0.0000000000
11.8204081633 0.0000000000
11.8244897959 0.0000000000
11.8285714286 0.0000000000
11.8326530612 0.0000000000
11.8367346939 0.0000000000
11.8408163265 0.0000000000
11.8448979592 0.0000000000
11.8489795918 0.0000000000
11.8530612245 0.0000000000
11.8571428571 0.0000000000
11.8612244898 0.0000000000
11.8653061224 0.0000000000
11.8693877551 0.0000000000
11.8734693878 0.0000000000
11.8775510204 0.0000000000
11.8816326531 0.0000000000
11.8857142857 0.0000000000
11.8897959184 0.0000000000
11.8938775510 0.0000000000
11.8979591837 0.0000000000
11.9020408163 0.0000000000
11.9061224490 0.0000000000
11.9102040816 0.0000000000
11.9142857143 0.0000000000
11.9183673469 0.0000000000
11.9224489796 0.0000000000
11.9265306122 0.0000000000
11.9306122449 0.0000000000
11.9346938776 0.0000000000
11.9387755102 0.0000000000
11.9428571429 0.0000000000
11.9469387755 0.0000000000
11.9510204082 0.0000000000
11.9551020408 0.0000000000
11.9591836735 0.0000000000
11.9632653061 0.0000000000
11.9673469388 0.0000000000
11.9714285714 0.0000000000
11.9755102041 0.0000000000
11.9795918367 0.0000000000
11.9836734694 0.0000000000
11.9877551020 2.0902752876
11.9918367347 11.3205614090
11.9959183673 19.6248359680
12.0000000000 29.2510089874
12.0040816327 37.4463195801
12.0081632653 41.5911674500
12.0122448980 42.5917510986
12.0163265306 38.2744064331
12.0204081633 28.3516044617
12.0244897959 19.4901409149
12.0285714286 11.4107170105
12.0326530612 5.3239464760
12.0367346939 2.1379590034
12.0408163265 0.8513927460
12.0448979592 0.0000000000
12.0489795918 1.5997290611
12.0530612245 0.0000000000
12.0571428571 0.0000000000
12.0612244898 0.0000000000
12.0653061224 0.0000000000
12.0693877551 0.0000000000
12.0734693878 0.0000000000
12.0775510204 0.0000000000
12.0816326531 0.0000000000
12.0857142857 0.0000000000
12.0897959184 0.0000000000
12.0938775510 0.0000000000
12.0979591837 0.0000000000
12.1020408163 0.0000000000
12.1061224490 0.0000000000
12.1102040816 0.0000000000
12.1142857143 0.0000000000
12.1183673469 0.0000000000
12.1224489796 0.0000000000
12.1265306122 0.0000000000
12.1306122449 0.0000000000
12.1346938776 0.0000000000
12.1387755102 0.0000000000
12.1428571429 0.0000000000
12.1469387755 0.0000000000
12.1510204082 0.0000000000
12.1551020408 0.0000000000
12.1591836735 0.0000000000
12.1632653061 0.0000000000
12.1673469388 0.0000000000
12.1714285714 0.0000000000
12.1755102041 0.0000000000
12.1795918367 0.0000000000
12.1836734694 0.0000000000
12.1877551020 0.0000000000
12.1918367347 0.0000000000
12.1959183673 0.0000000000
12.2000000000 0.0000000000
12.2040816327 0.0000000000
12.2081632653 0.0000000000
12.2122448980 0.0000000000
12.2163265306 0.0000000000
12.2204081633 0.0000000000
12.2244897959 0.0000000000
12.2285714286 0.0000000000
12.2326530612 0.0000000000
12.2367346939 0.0000000000
12.2408163265 0.0000000000
12.2448979592 0.0000000000
12.2489795918 0.0000000000
12.2530612245 0.0000000000
12.2571428571 0.0000000000
12.2612244898 0.0000000000
12.2653061224 0.0000000000
12.2693877551 0.0000000000
12.2734693878 0.0000000000
12.2775510204 0.0000000000
12.2816326531 0.0000000000
12.2857142857 0.0000000000
12.2897959184 0.0000000000
12.2938775510 0.0000000000
12.2979591837 0.0000000000
12.3020408163 0.0000000000
12.3061224490 0.0000000000
12.3102040816 0.0000000000
12.3142857143 0.0000000000
12.3183673469 0.0000000000
12.3224489796 0.3606677055
12.3265306122 0.2819299698
12.3306122449 0.0000000000
12.3346938776 0.0000000000
12.3387755102 0.0000000000
12.3428571429 0.0000000000
12.3469387755 0.0693798065
12.3510204082 0.0000000000
12.3551020408 0.0000000000
12.3591836735 0.0000000000
12.3632653061 0.0000000000
12.3673469388 1.6382932663
12.3714285714 1.9369721413
12.3755102041 2.1636486053
12.3795918367 3.6079883575
12.3836734694 4.8509240150
12.3877551020 2.5150775909
12.3918367347 2.9884576797
12.3959183673 1.5742480755
12.4000000000 1.1235177517
12.4040816327 0.4077851772
12.4081632653 0.0000000000
12.4122448980 0.0000000000
12.4163265306 0.0000000000
12.4204081633 0.0000000000
12.4244897959 0.0000000000
12.4285714286 0.0000000000
12.4326530612 0.0000000000
12.4367346939 0.0000000000
12.4408163265 0.0000000000
12.4448979592 0.0000000000
12.4489795918 0.0000000000
12.4530612245 0.0000000000
12.4571428571 0.0000000000
12.4612244898 0.0000000000
12.4653061224 0.0000000000
12.4693877551 0.0000000000
12.4734693878 0.0000000000
12.4775510204 0.9757280350
12.4816326531 28.5878181458
12.4857142857 173.7775268555
12.4897959184 326.5981445312
12.4938775510 303.7957153320
12.4979591837 265.7644958496
12.5020408163 222.1576385498
12.5061224490 181.5923919678
12.5102040816 145.9573822021
12.5142857143 114.3612136841
12.5183673469 84.9891052246
12.5224489796 60.6156616211
12.5265306122 36.2729110718
12.5306122449 11.0652446747
12.5346938776 0.0000000000
12.5387755102 0.0000000000
12.5428571429 0.0000000000
12.5469387755 0.0000000000
12.5510204082 0.0000000000
12.5551020408 0.0000000000
12.5591836735 0.0000000000
12.5632653061 0.0000000000
12.5673469388 0.0000000000
12.5714285714 0.0000000000
12.5755102041 0.0000000000
12.5795918367 0.0000000000
12.5836734694 0.0000000000
12.5877551020 0.0000000000
12.5918367347 0.0000000000
12.5959183673 0.0000000000
12.6000000000 13.7980432510
12.6040816327 3.4924075603
12.6081632653 0.0000000000
12.6122448980 0.0000000000
12.6163265306 0.0000000000
12.6204081633 0.0000000000
12.6244897959 0.0000000000
12.6285714286 0.0000000000
12.6326530612 0.0000000000
12.6367346939 0.0000000000
12.6408163265 0.0000000000
12.6448979592 0.0000000000
12.6489795918 0.0000000000
12.6530612245 0.0000000000
12.6571428571 0.0000000000
12.6612244898 0.0000000000
12.6653061224 0.0000000000
12.6693877551 0.0000000000
12.6734693878 0.0000000000
12.6775510204 0.0000000000
12.6816326531 0.0000000000
12.6857142857 0.0000000000
12.6897959184 0.0000000000
12.6938775510 0.0000000000
12.6979591837 0.0000000000
12.7020408163 6.2915086746
12.7061224490 68.4384536743
12.7102040816 170.1223449707
12.7142857143 245.6650543213
12.7183673469 269.2587280273
12.7224489796 224.0103912354
12.7265306122 175.8440246582
12.7306122449 135.2469940186
12.7346938776 104.0865783691
12.7387755102 72.7026748657
12.7428571429 44.0314407349
12.7469387755 14.2041444778
12.7510204082 2.9542670250
12.7551020408 0.3337860107
12.7591836735 0.0000000000
12.7632653061 0.0000000000
12.7673469388 0.0000000000
12.7714285714 2.2779107094
12.7755102041 14.5096483231
12.7795918367 29.4135208130
12.7836734694 45.6290817261
12.7877551020 22.8272666931
12.7918367347 25.9003944397
12.7959183673 38.4016189575
12.8000000000 37.7800407410
12.8040816327 30.9333133698
12.8081632653 11.4971399307
12.8122448980 6.9121122360
12.8163265306 3.6974549294
12.8204081633 1.5462636948
12.8244897959 0.0000000000
12.8285714286 0.0000000000
12.8326530612 0.0000000000
12.8367346939 0.0000000000
12.8408163265 0.0000000000
12.8448979592 0.0000000000
12.8489795918 0.0000000000
12.8530612245 0.0000000000
12.8571428571 0.0000000000
12.8612244898 0.0000000000
12.8653061224 0.0000000000
12.8693877551 0.0000000000
12.8734693878 0.0000000000
12.8775510204 0.0000000000
12.8816326531 0.0000000000
12.8857142857 0.0000000000
12.8897959184 0.0000000000
12.8938775510 0.0000000000
12.8979591837 0.0000000000
12.9020408163 0.0000000000
12.9061224490 0.0000000000
12.9102040816 0.0000000000
12.9142857143 0.0000000000
12.9183673469 0.0000000000
12.9224489796 0.0000000000
12.9265306122 0.0000000000
12.9306122449 0.0000000000
12.9346938776 0.0000000000
12.9387755102 0.0000000000
12.9428571429 0.0000000000
12.9469387755 0.0000000000
12.9510204082 0.0000000000
12.9551020408 0.0000000000
12.9591836735 0.0000000000
12.9632653061 0.0000000000
12.9673469388 0.0000000000
12.9714285714 0.0000000000
12.9755102041 0.0000000000
12.9795918367 0.0000000000
12.9836734694 0.0000000000
12.9877551020 0.0000000000
12.9918367347 0.0000000000
12.9959183673 0.0000000000
13.0000000000 16.2906646729
13.0040816327 73.3533782959
13.0081632653 197.4811401367
13.0122448980 278.9007568359
13.0163265306 263.8549804688
13.0204081633 239.6451873779
13.0244897959 207.7782287598
13.0285714286 172.9322204590
13.0326530612 139.8692474365
13.0367346939 115.1812057495
13.0408163265 92.5188064575
13.0448979592 67.1799163818
13.0489795918 44.4653015137
13.0530612245 24.1414299011
13.0571428571 7.7667236328
13.0612244898 0.0000000000
13.0653061224 0.0000000000
13.0693877551 0.0000000000
13.0734693878 0.0000000000
13.0775510204 0.0000000000
13.0816326531 0.0000000000
13.0857142857 0.0000000000
13.0897959184 0.0000000000
13.0938775510 0.0000000000
13.0979591837 0.0000000000
13.1020408163 0.0000000000
13.1061224490 0.0000000000
13.1102040816 0.0000000000
13.1142857143 0.0000000000
13.1183673469 0.0000000000
13.1224489796 0.0000000000
13.1265306122 0.0000000000
13.1306122449 0.0000000000
13.1346938776 0.0000000000
13.1387755102 0.0000000000
13.1428571429 0.0000000000
13.1469387755 0.0000000000
13.1510204082 0.0000000000
13.1551020408 0.0000000000
13.1591836735 0.0000000000
13.1632653061 0.0000000000
13.1673469388 0.0000000000
13.1714285714 0.0000000000
13.1755102041 0.0000000000
13.1795918367 0.0000000000
13.1836734694 0.0000000000
13.1877551020 0.0000000000
13.1918367347 0.0000000000
13.1959183673 0.0000000000
13.2000000000 0.0000000000
13.2040816327 0.0000000000
13.2081632653 0.0000000000
13.2122448980 0.0000000000
13.2163265306 0.0000000000
13.2204081633 0.0000000000
13.2244897959 0.0000000000
13.2285714286 0.0000000000
13.2326530612 0.0000000000
13.2367346939 0.0000000000
13.2408163265 0.0000000000
13.2448979592 0.0000000000
13.2489795918 0.0000000000
13.2530612245 0.0000000000
13.2571428571 0.0000000000
13.2612244898 0.0000000000
13.2653061224 0.0000000000
13.2693877551 0.0000000000
13.2734693878 0.0000000000
13.2775510204 1.4323592186
13.2816326531 4.0301084518
13.2857142857 3.2140016556
13.2897959184 2.1593570709
13.2938775510 1.4474242926
13.2979591837 0.1985877752
13.3020408163 0.1031160355
13.3061224490 2.3698806763
13.3102040816 2.6576519012
13.3142857143 0.0532865524
13.3183673469 0.0000000000
13.3224489796 0.0000000000
13.3265306122 0.0000000000
13.3306122449 0.0000000000
13.3346938776 0.0000000000
13.3387755102 0.0000000000
13.3428571429 0.0000000000
13.3469387755 0.0000000000
13.3510204082 0.0000000000
13.3551020408 0.0000000000
13.3591836735 0.0000000000
13.3632653061 0.0000000000
13.3673469388 0.0000000000
13.3714285714 0.0000000000
13.3755102041 0.0000000000
13.3795918367 0.0000000000
13.3836734694 0.0000000000
13.3877551020 0.0000000000
13.3918367347 0.0000000000
13.3959183673 26.9579067230
13.4000000000 117.4350357056
13.4040816327 303.4828186035
13.4081632653 324.2186584473
13.4122448980 265.7551269531
13.4163265306 223.1472473145
13.4204081633 185.9088439941
13.4244897959 155.4049530029
13.4285714286 128.5236816406
13.4326530612 98.5749664307
13.4367346939 71.6685638428
13.4408163265 48.2937393188
13.4448979592 31.2478237152
13.4489795918 14.6526098251
13.4530612245 3.0820369720
13.4571428571 0.0000000000
13.4612244898 0.0000000000
13.4653061224 0.0000000000
13.4693877551 0.0000000000
13.4734693878 0.0000000000
13.4775510204 0.0000000000
13.4816326531 0.0000000000
13.4857142857 0.0000000000
13.4897959184 0.0000000000
13.4938775510 0.0000000000
13.4979591837 0.0000000000
13.5020408163 0.0000000000
13.5061224490 0.0000000000
13.5102040816 0.0000000000
13.5142857143 0.0000000000
13.5183673469 0.0000000000
13.5224489796 0.0000000000
13.5265306122 0.0000000000
13.5306122449 0.0000000000
13.5346938776 0.0000000000
13.5387755102 0.0000000000
13.5428571429 0.0000000000
13.5469387755 23.0132331848
13.5510204082 77.9057006836
13.5551020408 116.5654754639
13.5591836735 148.5414428711
13.5632653061 148.2840576172
13.5673469388 113.4759216309
13.5714285714 79.1523742676
13.5755102041 46.3696441650
13.5795918367 14.9265527725
13.5836734694 0.0000000000
13.5877551020 0.0000000000
13.5918367347 0.0000000000
13.5959183673 0.0000000000
13.6000000000 0.0000000000
13.6040816327 0.0000000000
13.6081632653 0.0000000000
13.6122448980 0.0000000000
13.6163265306 0.0000000000
13.6204081633 0.0000000000
13.6244897959 0.0000000000
13.6285714286 0.0000000000
13.6326530612 0.0000000000
13.6367346939 0.0000000000
13.6408163265 0.0000000000
13.6448979592 0.0000000000
13.6489795918 5.3744316101
13.6530612245 7.2311162949
13.6571428571 3.3446848392
13.6612244898 0.0000000000
13.6653061224 0.0000000000
13.6693877551 0.0000000000
13.6734693878 0.0000000000
13.6775510204 0.0000000000
13.6816326531 0.0000000000
13.6857142857 0.0000000000
13.6897959184 0.0000000000
13.6938775510 0.0000000000
13.6979591837 0.0000000000
13.7020408163 0.0000000000
13.7061224490 0.0000000000
13.7102040816 0.0000000000
13.7142857143 0.0000000000
13.7183673469 0.0000000000
13.7224489796 0.0000000000
13.7265306122 0.0000000000
13.7306122449 0.0000000000
13.7346938776 0.0000000000
13.7387755102 0.0000000000
13.7428571429 0.0000000000
13.7469387755 0.0000000000
13.7510204082 0.0000000000
13.7551020408 0.0000000000
13.7591836735 0.0000000000
13.7632653061 0.0000000000
13.7673469388 0.8528232574
13.7714285714 10.4662179947
13.7755102041 24.1709365845
13.7795918367 88.1880493164
13.7836734694 192.3512268066
13.7877551020 268.0530090332
13.7918367347 289.5113220215
13.7959183673 285.3113403320
13.8000000000 251.8612976074
13.8040816327 224.6784362793
13.8081632653 193.9146118164
13.8122448980 179.1195983887
13.8163265306 161.4441833496
13.8204081633 138.6821289062
13.8244897959 112.2149810791
13.8285714286 88.8214721680
13.8326530612 71.0853042603
13.8367346939 55.4281768799
13.8408163265 37.1556282043
13.8448979592 19.8268165588
13.8489795918 9.5491218567
13.8530612245 1.5248228312
13.8571428571 0.0000000000
13.8612244898 0.0000000000
13.8653061224 0.0000000000
13.8693877551 0.0000000000
13.8734693878 0.0000000000
13.8775510204 0.0000000000
13.8816326531 0.0000000000
13.8857142857 0.0000000000
13.8897959184 0.0000000000
13.8938775510 0.0000000000
13.8979591837 0.0000000000
13.9020408163 0.0000000000
13.9061224490 0.0000000000
13.9102040816 0.0000000000
13.9142857143 0.0000000000
13.9183673469 0.0000000000
13.9224489796 0.0000000000
13.9265306122 0.0000000000
13.9306122449 0.0000000000
13.9346938776 0.0000000000
13.9387755102 0.0000000000
13.9428571429 0.0000000000
13.9469387755 0.0000000000
13.9510204082 0.0000000000
13.9551020408 0.0000000000
13.9591836735 0.0000000000
13.9632653061 0.0000000000
13.9673469388 0.0000000000
13.9714285714 0.0000000000
13.9755102041 0.0000000000
13.9795918367 0.0000000000
13.9836734694 0.0000000000
13.9877551020 0.0000000000
13.9918367347 0.0000000000
13.9959183673 0.0000000000
14.0000000000 0.0000000000
14.0040816327 0.0000000000
14.0081632653 0.0000000000
14.0122448980 0.0000000000
14.0163265306 0.0000000000
14.0204081633 0.0000000000
14.0244897959 0.0000000000
14.0285714286 0.0000000000
14.0326530612 0.0000000000
14.0367346939 0.0000000000
14.0408163265 0.0000000000
14.0448979592 0.0000000000
14.0489795918 0.0000000000
14.0530612245 0.0000000000
14.0571428571 0.0000000000
14.0612244898 0.0000000000
14.0653061224 0.0000000000
14.0693877551 0.0000000000
14.0734693878 0.0000000000
14.0775510204 0.0000000000
14.0816326531 0.0000000000
14.0857142857 0.0000000000
14.0897959184 0.0000000000
14.0938775510 0.0000000000
14.0979591837 0.0000000000
14.1020408163 0.0000000000
14.1061224490 0.0000000000
14.1102040816 0.0000000000
14.1142857143 0.0000000000
14.1183673469 0.0000000000
14.1224489796 0.0000000000
14.1265306122 0.0000000000
14.1306122449 0.0000000000
14.1346938776 0.0000000000
14.1387755102 0.0000000000
14.1428571429 0.0000000000
14.1469387755 0.0000000000
14.1510204082 0.0000000000
14.1551020408 1.0140538216
14.1591836735 9.2600584030
14.1632653061 15.3388977051
14.1673469388 15.1373147964
14.1714285714 8.0707073212
14.1755102041 4.7889947891
14.1795918367 1.9760131836
14.1836734694 10.2098140717
14.1877551020 0.7404088974
14.1918367347 0.0000000000
14.1959183673 0.0000000000
14.2000000000 0.0000000000
14.2040816327 0.0000000000
14.2081632653 0.0000000000
14.2122448980 0.0000000000
14.2163265306 0.0000000000
14.2204081633 0.0000000000
14.2244897959 0.0000000000
14.2285714286 0.0000000000
14.2326530612 0.0000000000
14.2367346939 0.0000000000
14.2408163265 0.0000000000
14.2448979592 0.0000000000
14.2489795918 0.0000000000
14.2530612245 0.0000000000
14.2571428571 0.0000000000
14.2612244898 0.0000000000
14.2653061224 0.0000000000
14.2693877551 0.0000000000
14.2734693878 0.0000000000
14.2775510204 0.0000000000
14.2816326531 0.0000000000
14.2857142857 0.0000000000
14.2897959184 0.0000000000
14.2938775510 0.0000000000
14.2979591837 0.0000000000
14.3020408163 0.0000000000
14.3061224490 0.0000000000
14.3102040816 50.1236953735
14.3142857143 138.7407073975
14.3183673469 234.6712646484
14.3224489796 257.3773803711
14.3265306122 263.7968750000
14.3306122449 231.7727661133
14.3346938776 196.5180053711
14.3387755102 170.6670837402
14.3428571429 139.7124328613
14.3469387755 113.2532653809
14.3510204082 89.5548477173
14.3551020408 67.4797286987
14.3591836735 47.1875076294
14.3632653061 24.0668945312
14.3673469388 6.6516847610
14.3714285714 3.2647922039
14.3755102041 0.0000000000
14.3795918367 0.0000000000
14.3836734694 0.0000000000
14.3877551020 0.0000000000
14.3918367347 0.0000000000
14.3959183673 0.0000000000
14.4000000000 0.0000000000
14.4040816327 0.0000000000
14.4081632653 0.0000000000
14.4122448980 0.0000000000
14.4163265306 0.0000000000
14.4204081633 0.0000000000
14.4244897959 0.0000000000
14.4285714286 0.0000000000
14.4326530612 0.0000000000
14.4367346939 0.0000000000
14.4408163265 0.0000000000
14.4448979592 0.0000000000
14.4489795918 0.0000000000
14.4530612245 0.0000000000
14.4571428571 0.0000000000
14.4612244898 0.0000000000
14.4653061224 0.0000000000
14.4693877551 0.0000000000
14.4734693878 0.0000000000
14.4775510204 0.0000000000
14.4816326531 0.0000000000
14.4857142857 0.0000000000
14.4897959184 0.0000000000
14.4938775510 0.0000000000
14.4979591837 0.0000000000
14.5020408163 0.0000000000
14.5061224490 0.0000000000
14.5102040816 0.0000000000
14.5142857143 0.0000000000
14.5183673469 0.0000000000
14.5224489796 0.0000000000
14.5265306122 0.0000000000
14.5306122449 0.0000000000
14.5346938776 0.0000000000
14.5387755102 0.0000000000
14.5428571429 0.0000000000
14.5469387755 0.0000000000
14.5510204082 0.0000000000
14.5551020408 0.0000000000
14.5591836735 0.0000000000
14.5632653061 0.0000000000
14.5673469388 0.0000000000
14.5714285714 0.8914470673
14.5755102041 16.6169395447
14.5795918367 55.9310150146
14.5836734694 92.7515335083
14.5877551020 105.7539291382
14.5918367347 109.7989349365
14.5959183673 108.9726409912
14.6000000000 99.6155700684
14.6040816327 78.1680374146
14.6081632653 64.6693115234
14.6122448980 51.4388084412
14.6163265306 36.3709945679
14.6204081633 16.4648284912
14.6244897959 5.8913230896
14.6285714286 1.1855959892
14.6326530612 0.0000000000
14.6367346939 0.0000000000
14.6408163265 0.0000000000
14.6448979592 0.0000000000
14.6489795918 0.0000000000
14.6530612245 0.0000000000
14.6571428571 0.0000000000
14.6612244898 0.0000000000
14.6653061224 0.0000000000
14.6693877551 0.0000000000
14.6734693878 0.0000000000
14.6775510204 0.0000000000
14.6816326531 0.0000000000
14.6857142857 0.0000000000
14.6897959184 0.0000000000
14.6938775510 0.0000000000
14.6979591837 0.3632903099
14.7020408163 0.0000000000
14.7061224490 0.0000000000
14.7102040816 0.0000000000
14.7142857143 0.0000000000
14.7183673469 0.0000000000
14.7224489796 0.0000000000
14.7265306122 0.0000000000
14.7306122449 0.0000000000
14.7346938776 0.0000000000
14.7387755102 0.0000000000
14.7428571429 0.0000000000
14.7469387755 0.0000000000
14.7510204082 0.0000000000
14.7551020408 0.0000000000
14.7591836735 0.0000000000
14.7632653061 0.0000000000
14.7673469388 0.0000000000
14.7714285714 0.0000000000
14.7755102041 0.0000000000
14.7795918367 0.0000000000
14.7836734694 0.0000000000
14.7877551020 0.0000000000
14.7918367347 0.0000000000
14.7959183673 0.0000000000
14.8000000000 0.0000000000
14.8040816327 0.0000000000
14.8081632653 0.0000000000
14.8122448980 0.0000000000
14.8163265306 0.0000000000
14.8204081633 0.0000000000
14.8244897959 0.0000000000
14.8285714286 0.0000000000
14.8326530612 0.0000000000
14.8367346939 7.9319181442
14.8408163265 53.8508300781
14.8448979592 140.9458923340
14.8489795918 174.5444641113
14.8530612245 174.2473297119
14.8571428571 170.5049591064
14.8612244898 145.4495391846
14.8653061224 119.7892456055
14.8693877551 97.8421020508
14.8734693878 79.4029693604
14.8775510204 61.3197288513
14.8816326531 38.4039878845
14.8857142857 17.4597511292
14.8897959184 12.4476547241
14.8938775510 4.6200156212
14.8979591837 0.0000000000
14.9020408163 0.0000000000
14.9061224490 0.0000000000
14.9102040816 0.0000000000
14.9142857143 0.0000000000
14.9183673469 0.0000000000
14.9224489796 0.0000000000
14.9265306122 0.0000000000
14.9306122449 0.0000000000
14.9346938776 0.0000000000
14.9387755102 0.0000000000
14.9428571429 0.0000000000
14.9469387755 0.0000000000
14.9510204082 0.0000000000
14.9551020408 0.0000000000
14.9591836735 0.0000000000
14.9632653061 0.0000000000
14.9673469388 0.0000000000
14.9714285714 0.0000000000
14.9755102041 0.0000000000
