0.0040816327 0.0000000000
0.0081632653 1.8055737019
0.0122448980 7.3504152298
0.0163265306 24.2849273682
0.0204081633 29.7191734314
0.0244897959 25.0967445374
0.0285714286 15.9379539490
0.0326530612 4.5104322433
0.0367346939 0.0000000000
0.0408163265 0.0000000000
0.0448979592 0.0000000000
0.0489795918 0.0000000000
0.0530612245 0.0000000000
0.0571428571 0.0000000000
0.0612244898 0.0000000000
0.0653061224 0.0000000000
0.0693877551 0.0000000000
0.0734693878 0.0000000000
0.0775510204 0.0000000000
0.0816326531 0.0000000000
0.0857142857 0.0000000000
0.0897959184 7.8669786453
0.0938775510 4.6179890633
0.0979591837 2.9242112637
0.1020408163 41.5003280640
0.1061224490 54.5693817139
0.1102040816 58.8102645874
0.1142857143 78.3562927246
0.1183673469 211.1928710938
0.1224489796 282.9070434570
0.1265306122 345.0024414062
0.1306122449 324.7084960938
0.1346938776 266.8436889648
0.1387755102 222.1240234375
0.1428571429 181.1085815430
0.1469387755 146.2858581543
0.1510204082 115.6391525269
0.1551020408 88.2846069336
0.1591836735 64.5155029297
0.1632653061 43.4091110229
0.1673469388 24.8731956482
0.1714285714 9.1047286987
0.1755102041 1.3716220856
0.1795918367 0.0000000000
0.1836734694 0.0000000000
0.1877551020 0.0000000000
0.1918367347 0.0000000000
0.1959183673 0.0000000000
0.2000000000 0.0000000000
0.2040816327 0.0000000000
0.2081632653 0.0000000000
0.2122448980 0.0000000000
0.2163265306 0.0000000000
0.2204081633 0.0000000000
0.2244897959 0.0000000000
0.2285714286 0.0000000000
0.2326530612 0.0000000000
0.2367346939 0.0000000000
0.2408163265 0.0000000000
0.2448979592 0.0000000000
0.2489795918 0.0000000000
0.2530612245 0.0000000000
0.2571428571 0.0000000000
0.2612244898 0.0000000000
0.2653061224 0.0000000000
0.2693877551 0.0000000000
0.2734693878 0.0000000000
0.2775510204 0.0000000000
0.2816326531 0.0000000000
0.2857142857 0.0000000000
0.2897959184 0.0000000000
0.2938775510 0.0000000000
0.2979591837 0.0000000000
0.3020408163 0.0000000000
0.3061224490 0.0000000000
0.3102040816 0.0000000000
0.3142857143 0.0000000000
0.3183673469 0.0000000000
0.3224489796 0.0000000000
0.3265306122 0.0000000000
0.3306122449 0.0000000000
0.3346938776 0.0000000000
0.3387755102 0.0000000000
0.3428571429 0.0000000000
0.3469387755 0.0000000000
0.3510204082 0.0000000000
0.3551020408 0.0000000000
0.3591836735 0.0000000000
0.3632653061 0.0000000000
0.3673469388 0.0000000000
0.3714285714 0.0000000000
0.3755102041 0.0000000000
0.3795918367 0.0000000000
0.3836734694 0.0000000000
0.3877551020 0.0000000000
0.3918367347 0.0000000000
0.3959183673 0.0000000000
0.4000000000 0.0000000000
0.4040816327 0.0000000000
0.4081632653 0.0000000000
0.4122448980 0.0000000000
0.4163265306 0.0000000000
0.4204081633 0.0000000000
0.4244897959 0.0000000000
0.4285714286 0.0000000000
0.4326530612 0.0000000000
0.4367346939 0.0000000000
0.4408163265 0.0000000000
0.4448979592 0.0000000000
0.4489795918 0.0000000000
0.4530612245 0.0000000000
0.4571428571 0.0000000000
0.4612244898 0.0000000000
0.4653061224 0.0000000000
0.4693877551 2.5271177292
0.4734693878 6.1736106873
0.4775510204 45.1635131836
0.4816326531 121.7477874756
0.4857142857 179.6399993896
0.4897959184 167.2431335449
0.4938775510 153.9656524658
0.4979591837 146.6536560059
0.5020408163 114.2630920410
0.5061224490 89.8367767334
0.5102040816 66.9616088867
0.5142857143 48.7888183594
0.5183673469 28.9756660461
0.5224489796 9.6591711044
0.5265306122 0.0000000000
0.5306122449 0.0000000000
0.5346938776 0.0000000000
0.5387755102 0.0000000000
0.5428571429 0.0000000000
0.5469387755 0.0000000000
0.5510204082 0.0000000000
0.5551020408 0.0000000000
0.5591836735 0.0000000000
0.5632653061 0.0000000000
0.5673469388 0.0000000000
0.5714285714 0.0000000000
0.5755102041 0.0000000000
0.5795918367 0.2126097679
0.5836734694 0.0000000000
0.5877551020 0.0000000000
0.5918367347 0.0000000000
0.5959183673 0.0000000000
0.6000000000 0.0000000000
0.6040816327 0.0000000000
0.6081632653 0.0000000000
0.6122448980 0.0000000000
0.6163265306 0.0000000000
0.6204081633 0.0000000000
0.6244897959 0.0000000000
0.6285714286 0.0000000000
0.6326530612 0.0000000000
0.6367346939 0.0000000000
0.6408163265 0.0000000000
0.6448979592 4.3391585350
0.6489795918 6.6601634026
0.6530612245 2.3289322853
0.6571428571 0.0000000000
0.6612244898 0.0000000000
0.6653061224 0.0000000000
0.6693877551 0.0000000000
0.6734693878 0.0000000000
0.6775510204 0.0000000000
0.6816326531 0.0000000000
0.6857142857 0.0000000000
0.6897959184 0.0000000000
0.6938775510 0.0000000000
0.6979591837 0.0000000000
0.7020408163 0.0000000000
0.7061224490 0.0000000000
0.7102040816 0.0000000000
0.7142857143 0.0000000000
0.7183673469 0.0000000000
0.7224489796 0.0000000000
0.7265306122 0.0000000000
0.7306122449 0.0000000000
0.7346938776 0.0000000000
0.7387755102 0.0000000000
0.7428571429 0.0000000000
0.7469387755 0.0000000000
0.7510204082 0.0000000000
0.7551020408 0.0000000000
0.7591836735 0.0000000000
0.7632653061 0.0000000000
0.7673469388 0.0000000000
0.7714285714 9.2356204987
0.7755102041 2.9761493206
0.7795918367 0.0000000000
0.7836734694 0.0000000000
0.7877551020 0.0000000000
0.7918367347 0.0000000000
0.7959183673 0.0000000000
0.8000000000 0.0000000000
0.8040816327 0.0000000000
0.8081632653 0.0000000000
0.8122448980 0.0000000000
0.8163265306 0.0000000000
0.8204081633 0.0000000000
0.8244897959 0.0000000000
0.8285714286 9.2813377380
0.8326530612 19.1156272888
0.8367346939 31.7088966370
0.8408163265 42.3018341064
0.8448979592 36.8660087585
0.8489795918 79.7125396729
0.8530612245 153.3118591309
0.8571428571 260.1056823730
0.8612244898 310.3753356934
0.8653061224 290.3536682129
0.8693877551 271.2335205078
0.8734693878 245.5558166504
0.8775510204 198.6192169189
0.8816326531 164.4519348145
0.8857142857 134.8257446289
0.8897959184 111.6011352539
0.8938775510 94.8056564331
0.8979591837 74.5649566650
0.9020408163 55.4754753113
0.9061224490 36.3637084961
0.9102040816 20.7535781860
0.9142857143 10.0462732315
0.9183673469 0.1945495605
0.9224489796 0.0000000000
0.9265306122 0.0000000000
0.9306122449 0.0000000000
0.9346938776 0.0000000000
0.9387755102 0.0000000000
0.9428571429 0.0000000000
0.9469387755 0.0000000000
0.9510204082 0.0000000000
0.9551020408 0.0000000000
0.9591836735 0.0000000000
0.9632653061 0.0000000000
0.9673469388 0.0000000000
0.9714285714 0.0000000000
0.9755102041 0.0000000000
0.9795918367 0.0000000000
0.9836734694 0.0000000000
0.9877551020 0.0000000000
0.9918367347 0.0000000000
0.9959183673 0.0000000000
1.0000000000 0.0000000000
1.0040816327 0.0000000000
1.0081632653 0.0000000000
1.0122448980 0.0000000000
1.0163265306 0.0000000000
1.0204081633 0.0000000000
1.0244897959 0.0000000000
1.0285714286 0.0000000000
1.0326530612 0.0000000000
1.0367346939 0.0000000000
1.0408163265 0.0000000000
1.0448979592 0.0000000000
1.0489795918 0.0000000000
1.0530612245 0.0000000000
1.0571428571 0.0000000000
1.0612244898 0.0000000000
1.0653061224 0.0000000000
1.0693877551 0.0000000000
1.0734693878 0.0000000000
1.0775510204 0.0000000000
1.0816326531 0.0000000000
1.0857142857 0.0000000000
1.0897959184 0.0000000000
1.0938775510 0.0000000000
1.0979591837 0.0000000000
1.1020408163 0.0000000000
1.1061224490 0.0000000000
1.1102040816 0.0000000000
1.1142857143 0.0000000000
1.1183673469 0.0000000000
1.1224489796 0.0000000000
1.1265306122 0.0000000000
1.1306122449 0.0000000000
1.1346938776 0.0000000000
1.1387755102 0.0000000000
1.1428571429 0.0000000000
1.1469387755 0.0000000000
1.1510204082 0.0000000000
1.1551020408 0.0000000000
1.1591836735 0.0000000000
1.1632653061 0.0000000000
1.1673469388 0.0000000000
1.1714285714 0.0000000000
1.1755102041 0.0000000000
1.1795918367 0.0000000000
1.1836734694 0.0000000000
1.1877551020 0.0000000000
1.1918367347 0.0000000000
1.1959183673 0.0000000000
1.2000000000 0.0000000000
1.2040816327 0.0000000000
1.2081632653 0.0000000000
1.2122448980 0.0000000000
1.2163265306 0.0000000000
1.2204081633 0.0000000000
1.2244897959 0.0000000000
1.2285714286 0.0000000000
1.2326530612 0.0000000000
1.2367346939 0.0000000000
1.2408163265 0.0000000000
1.2448979592 0.0000000000
1.2489795918 0.0000000000
1.2530612245 0.0000000000
1.2571428571 0.0000000000
1.2612244898 0.0000000000
1.2653061224 0.0000000000
1.2693877551 0.0000000000
1.2734693878 0.0000000000
1.2775510204 0.0000000000
1.2816326531 0.0000000000
1.2857142857 0.0000000000
1.2897959184 0.0000000000
1.2938775510 0.0000000000
1.2979591837 0.0000000000
1.3020408163 0.0000000000
1.3061224490 0.0000000000
1.3102040816 0.0000000000
1.3142857143 0.0000000000
1.3183673469 0.0000000000
1.3224489796 0.0000000000
1.3265306122 0.0000000000
1.3306122449 0.0000000000
1.3346938776 0.0000000000
1.3387755102 0.0000000000
1.3428571429 0.0000000000
1.3469387755 0.0000000000
1.3510204082 0.0000000000
1.3551020408 0.0000000000
1.3591836735 0.0000000000
1.3632653061 0.0000000000
1.3673469388 0.0000000000
1.3714285714 0.0000000000
1.3755102041 0.0000000000
1.3795918367 0.0000000000
1.3836734694 0.0000000000
1.3877551020 0.0000000000
1.3918367347 0.0000000000
1.3959183673 0.0000000000
1.4000000000 0.0000000000
1.4040816327 0.0000000000
1.4081632653 0.0000000000
1.4122448980 0.0000000000
1.4163265306 0.0000000000
1.4204081633 0.0000000000
1.4244897959 0.0000000000
1.4285714286 0.0000000000
1.4326530612 0.0000000000
1.4367346939 0.0000000000
1.4408163265 0.0000000000
1.4448979592 0.0000000000
1.4489795918 0.0000000000
1.4530612245 0.5660653114
1.4571428571 0.9800791740
1.4612244898 1.2415647507
1.4653061224 1.3145208359
1.4693877551 0.2700984478
1.4734693878 0.5782842636
1.4775510204 0.0000000000
1.4816326531 0.0000000000
1.4857142857 0.0000000000
1.4897959184 0.0000000000
1.4938775510 0.0000000000
1.4979591837 0.0000000000
1.5020408163 0.0000000000
1.5061224490 0.0000000000
1.5102040816 0.0000000000
1.5142857143 0.0000000000
1.5183673469 0.0000000000
1.5224489796 1.1856406927
1.5265306122 2.2297649384
1.5306122449 4.2659568787
1.5346938776 2.6978924274
1.5387755102 0.0939369202
1.5428571429 0.0000000000
1.5469387755 0.0000000000
1.5510204082 0.0000000000
1.5551020408 0.0000000000
1.5591836735 0.0000000000
1.5632653061 0.2392530441
1.5673469388 37.8246917725
1.5714285714 129.8840332031
1.5755102041 204.9869384766
1.5795918367 267.8375854492
1.5836734694 282.8626708984
1.5877551020 231.6354980469
1.5918367347 181.6353149414
1.5959183673 137.8715820312
1.6000000000 103.8598632812
1.6040816327 69.7912597656
1.6081632653 40.0674324036
1.6122448980 12.8207206726
1.6163265306 0.0000000000
1.6204081633 0.0000000000
1.6244897959 0.0000000000
1.6285714286 0.0000000000
1.6326530612 0.0000000000
1.6367346939 0.0000000000
1.6408163265 0.0000000000
1.6448979592 0.0000000000
1.6489795918 0.0000000000
1.6530612245 0.0000000000
1.6571428571 0.0000000000
1.6612244898 0.0000000000
1.6653061224 0.0000000000
1.6693877551 0.0000000000
1.6734693878 0.0000000000
1.6775510204 0.0000000000
1.6816326531 0.0000000000
1.6857142857 0.0000000000
1.6897959184 0.0000000000
1.6938775510 0.0000000000
1.6979591837 0.0000000000
1.7020408163 0.0000000000
1.7061224490 0.0000000000
1.7102040816 0.0000000000
1.7142857143 0.0000000000
1.7183673469 0.0000000000
1.7224489796 0.0000000000
1.7265306122 0.0000000000
1.7306122449 0.0000000000
1.7346938776 0.0000000000
1.7387755102 0.0000000000
1.7428571429 0.0000000000
1.7469387755 0.0000000000
1.7510204082 0.0000000000
1.7551020408 0.0000000000
1.7591836735 0.0000000000
1.7632653061 0.0000000000
1.7673469388 0.0000000000
1.7714285714 0.0000000000
1.7755102041 0.0000000000
1.7795918367 0.0000000000
1.7836734694 0.0000000000
1.7877551020 0.0000000000
1.7918367347 0.0000000000
1.7959183673 0.0000000000
1.8000000000 0.0000000000
1.8040816327 0.0000000000
1.8081632653 7.0641636848
1.8122448980 34.9895973206
1.8163265306 46.8512611389
1.8204081633 46.3201370239
1.8244897959 25.1413726807
1.8285714286 6.5230431557
1.8326530612 10.6180610657
1.8367346939 8.0087184906
1.8408163265 9.9545717239
1.8448979592 30.0008659363
1.8489795918 75.2037506104
1.8530612245 175.0859680176
1.8571428571 346.6250915527
1.8612244898 271.2590942383
1.8653061224 241.7102355957
1.8693877551 219.6328125000
1.8734693878 184.3914642334
1.8775510204 149.4955444336
1.8816326531 112.3384552002
1.8857142857 76.8436431885
1.8897959184 48.0385437012
1.8938775510 20.8990268707
1.8979591837 1.0710358620
1.9020408163 0.0000000000
1.9061224490 0.0000000000
1.9102040816 0.0000000000
1.9142857143 0.0000000000
1.9183673469 0.0000000000
1.9224489796 0.0000000000
1.9265306122 0.0000000000
1.9306122449 0.0000000000
1.9346938776 0.0000000000
1.9387755102 0.0000000000
1.9428571429 0.0000000000
1.9469387755 0.0000000000
1.9510204082 0.0000000000
1.9551020408 0.0000000000
1.9591836735 0.0000000000
1.9632653061 0.0000000000
1.9673469388 0.0000000000
1.9714285714 0.0000000000
1.9755102041 0.0000000000
1.9795918367 0.0000000000
1.9836734694 0.0000000000
1.9877551020 0.0000000000
1.9918367347 0.0000000000
1.9959183673 0.0000000000
2.0000000000 0.0000000000
2.0040816327 0.0000000000
2.0081632653 0.0000000000
2.0122448980 0.0000000000
2.0163265306 0.0000000000
2.0204081633 0.0000000000
2.0244897959 0.0000000000
2.0285714286 12.7302408218
2.0326530612 28.1448364258
2.0367346939 53.9751663208
2.0408163265 80.8773040771
2.0448979592 93.1349105835
2.0489795918 108.8554458618
2.0530612245 108.8898162842
2.0571428571 94.6065216064
2.0612244898 84.6665191650
2.0653061224 71.4726715088
2.0693877551 52.8998641968
2.0734693878 34.3775329590
2.0775510204 14.3508615494
2.0816326531 0.2545118332
2.0857142857 0.0000000000
2.0897959184 0.0000000000
2.0938775510 0.0000000000
2.0979591837 0.0000000000
2.1020408163 5.1960945129
2.1061224490 146.1639404297
2.1102040816 555.2327880859
2.1142857143 512.6123657227
2.1183673469 409.0968322754
2.1224489796 319.7211303711
2.1265306122 254.5056915283
2.1306122449 211.8068389893
2.1346938776 168.2450866699
2.1387755102 132.4222106934
2.1428571429 102.3436203003
2.1469387755 72.4503402710
2.1510204082 49.2701530457
2.1551020408 29.5407791138
2.1591836735 13.3968591690
2.1632653061 0.0000000000
2.1673469388 0.0000000000
2.1714285714 0.0000000000
2.1755102041 0.0000000000
2.1795918367 0.0000000000
2.1836734694 0.0000000000
2.1877551020 0.0000000000
2.1918367347 0.0000000000
2.1959183673 0.0000000000
2.2000000000 0.0000000000
2.2040816327 0.0000000000
2.2081632653 0.0000000000
2.2122448980 0.0000000000
2.2163265306 0.0000000000
2.2204081633 0.0000000000
2.2244897959 0.0000000000
2.2285714286 0.0000000000
2.2326530612 0.0000000000
2.2367346939 0.0000000000
2.2408163265 0.0000000000
2.2448979592 0.0000000000
2.2489795918 0.0000000000
2.2530612245 0.0000000000
2.2571428571 0.0000000000
2.2612244898 0.0000000000
2.2653061224 0.0000000000
2.2693877551 0.0000000000
2.2734693878 0.0000000000
2.2775510204 0.0000000000
2.2816326531 0.0000000000
2.2857142857 0.0000000000
2.2897959184 0.0000000000
2.2938775510 0.0000000000
2.2979591837 0.0000000000
2.3020408163 0.0000000000
2.3061224490 0.0000000000
2.3102040816 0.0000000000
2.3142857143 0.0000000000
2.3183673469 0.0000000000
2.3224489796 0.0000000000
2.3265306122 0.0000000000
2.3306122449 0.0000000000
2.3346938776 0.0000000000
2.3387755102 0.0000000000
2.3428571429 0.0000000000
2.3469387755 0.0000000000
2.3510204082 0.0000000000
2.3551020408 0.0000000000
2.3591836735 0.0000000000
2.3632653061 0.0000000000
2.3673469388 0.0000000000
2.3714285714 0.0000000000
2.3755102041 0.0000000000
2.3795918367 0.0000000000
2.3836734694 0.0000000000
2.3877551020 0.0000000000
2.3918367347 0.0000000000
2.3959183673 0.0000000000
2.4000000000 0.0000000000
2.4040816327 0.0000000000
2.4081632653 0.0000000000
2.4122448980 0.0000000000
2.4163265306 0.0000000000
2.4204081633 0.0000000000
2.4244897959 0.0000000000
2.4285714286 0.0000000000
2.4326530612 0.0000000000
2.4367346939 0.0000000000
2.4408163265 0.0000000000
2.4448979592 0.0000000000
2.4489795918 0.0000000000
2.4530612245 0.0000000000
2.4571428571 0.0000000000
2.4612244898 0.0000000000
2.4653061224 0.0000000000
2.4693877551 0.0000000000
2.4734693878 0.0000000000
2.4775510204 0.0000000000
2.4816326531 0.0000000000
2.4857142857 0.0000000000
2.4897959184 0.0000000000
2.4938775510 0.0000000000
2.4979591837 0.0000000000
2.5020408163 23.0883350372
2.5061224490 114.7272262573
2.5102040816 236.0689697266
2.5142857143 251.1071472168
2.5183673469 263.1824340820
2.5224489796 228.5423278809
2.5265306122 193.5088958740
2.5306122449 153.3264465332
2.5346938776 117.9210662842
2.5387755102 89.8463439941
2.5428571429 67.4099578857
2.5469387755 44.8368759155
2.5510204082 26.2728481293
2.5551020408 10.5101165771
2.5591836735 0.0000000000
2.5632653061 0.3153830767
2.5673469388 0.0000000000
2.5714285714 0.0000000000
2.5755102041 0.0000000000
2.5795918367 0.0000000000
2.5836734694 0.0000000000
2.5877551020 0.8809566498
2.5918367347 0.0000000000
2.5959183673 0.0000000000
2.6000000000 0.0000000000
2.6040816327 0.0000000000
2.6081632653 0.0000000000
2.6122448980 0.0000000000
2.6163265306 0.0000000000
2.6204081633 0.0000000000
2.6244897959 0.0000000000
2.6285714286 0.0000000000
2.6326530612 0.0000000000
2.6367346939 0.0000000000
2.6408163265 0.0000000000
2.6448979592 0.0000000000
2.6489795918 0.0000000000
2.6530612245 0.0000000000
2.6571428571 0.0000000000
2.6612244898 0.0000000000
2.6653061224 0.0000000000
2.6693877551 8.1906166077
2.6734693878 16.1128787994
2.6775510204 21.9965858459
2.6816326531 60.6577529907
2.6857142857 64.1970367432
2.6897959184 62.0526809692
2.6938775510 55.4878120422
2.6979591837 39.6789016724
2.7020408163 19.4813613892
2.7061224490 5.4895877838
2.7102040816 0.0000000000
2.7142857143 0.0000000000
2.7183673469 0.0000000000
2.7224489796 0.0000000000
2.7265306122 0.0000000000
2.7306122449 0.0000000000
2.7346938776 0.0000000000
2.7387755102 0.0000000000
2.7428571429 0.0000000000
2.7469387755 0.0000000000
2.7510204082 0.0000000000
2.7551020408 0.0000000000
2.7591836735 0.0000000000
2.7632653061 0.0000000000
2.7673469388 0.0000000000
2.7714285714 0.0000000000
2.7755102041 0.0000000000
2.7795918367 0.0000000000
2.7836734694 0.0000000000
2.7877551020 0.0000000000
2.7918367347 0.0000000000
2.7959183673 0.0000000000
2.8000000000 0.0000000000
2.8040816327 0.0000000000
2.8081632653 0.0000000000
2.8122448980 0.0000000000
2.8163265306 0.0000000000
2.8204081633 0.0000000000
2.8244897959 0.0000000000
2.8285714286 0.0000000000
2.8326530612 0.0000000000
2.8367346939 0.0000000000
2.8408163265 0.0000000000
2.8448979592 0.0000000000
2.8489795918 0.0000000000
2.8530612245 0.0000000000
2.8571428571 0.0000000000
2.8612244898 0.0000000000
2.8653061224 0.0000000000
2.8693877551 0.0000000000
2.8734693878 0.0000000000
2.8775510204 0.0000000000
2.8816326531 0.8276700974
2.8857142857 4.0127635002
2.8897959184 10.3980302811
2.8938775510 12.9194850922
2.8979591837 15.3301353455
2.9020408163 11.3527774811
2.9061224490 12.0604639053
2.9102040816 28.4768562317
2.9142857143 81.8510360718
2.9183673469 206.8360748291
2.9224489796 335.5298461914
2.9265306122 362.5845031738
2.9306122449 326.5473632812
2.9346938776 276.3015747070
2.9387755102 228.6913757324
2.9428571429 190.6764221191
2.9469387755 159.9438629150
2.9510204082 128.5969543457
2.9551020408 100.2365341187
2.9591836735 74.7706298828
2.9632653061 52.6745300293
2.9673469388 35.5521430969
2.9714285714 21.3027610779
2.9755102041 10.1946592331
2.9795918367 0.3247484565
2.9836734694 0.0000000000
2.9877551020 0.0000000000
2.9918367347 0.0000000000
2.9959183673 0.0000000000
3.0000000000 0.0000000000
3.0040816327 0.0000000000
3.0081632653 0.0000000000
3.0122448980 0.0000000000
3.0163265306 0.0000000000
3.0204081633 0.0000000000
3.0244897959 0.0000000000
3.0285714286 0.0000000000
3.0326530612 0.0000000000
3.0367346939 0.0000000000
3.0408163265 0.0000000000
3.0448979592 0.0000000000
3.0489795918 0.0000000000
3.0530612245 0.0000000000
3.0571428571 0.0000000000
3.0612244898 0.0000000000
3.0653061224 0.0000000000
3.0693877551 0.0000000000
3.0734693878 0.0000000000
3.0775510204 0.0000000000
3.0816326531 0.0000000000
3.0857142857 0.0000000000
3.0897959184 0.0000000000
3.0938775510 0.0000000000
3.0979591837 0.0000000000
3.1020408163 0.0000000000
3.1061224490 0.0000000000
3.1102040816 0.0000000000
3.1142857143 0.0000000000
3.1183673469 0.0000000000
3.1224489796 0.0000000000
3.1265306122 0.0000000000
3.1306122449 0.0000000000
3.1346938776 0.0000000000
3.1387755102 0.0000000000
3.1428571429 0.0000000000
3.1469387755 0.0000000000
3.1510204082 0.0000000000
3.1551020408 0.0000000000
3.1591836735 0.0000000000
3.1632653061 0.0000000000
3.1673469388 0.0000000000
3.1714285714 0.0000000000
3.1755102041 0.0000000000
3.1795918367 0.0000000000
3.1836734694 0.0000000000
3.1877551020 0.0000000000
3.1918367347 0.0000000000
3.1959183673 0.0000000000
3.2000000000 0.0000000000
3.2040816327 0.4364848137
3.2081632653 0.0000000000
3.2122448980 0.5430579185
3.2163265306 0.6070733070
3.2204081633 1.5023946762
3.2244897959 0.5436539650
3.2285714286 0.3056526184
3.2326530612 0.0000000000
3.2367346939 0.0000000000
3.2408163265 0.0000000000
3.2448979592 0.0000000000
3.2489795918 0.0000000000
3.2530612245 0.0000000000
3.2571428571 0.0000000000
3.2612244898 0.0000000000
3.2653061224 0.0000000000
3.2693877551 0.0000000000
3.2734693878 0.0000000000
3.2775510204 0.0000000000
3.2816326531 0.0000000000
3.2857142857 0.0000000000
3.2897959184 1.5062093735
3.2938775510 0.6911754608
3.2979591837 0.0000000000
3.3020408163 0.0000000000
3.3061224490 0.0000000000
3.3102040816 0.4178285599
3.3142857143 0.6334781647
3.3183673469 0.0000000000
3.3224489796 0.0000000000
3.3265306122 0.0000000000
3.3306122449 0.0000000000
3.3346938776 0.0000000000
3.3387755102 0.0000000000
3.3428571429 0.0000000000
3.3469387755 0.0000000000
3.3510204082 0.0000000000
3.3551020408 0.0000000000
3.3591836735 0.0000000000
3.3632653061 0.0000000000
3.3673469388 0.0000000000
3.3714285714 0.0000000000
3.3755102041 0.0000000000
3.3795918367 0.0000000000
3.3836734694 0.0000000000
3.3877551020 0.0705271959
3.3918367347 0.0000000000
3.3959183673 0.0000000000
3.4000000000 0.0000000000
3.4040816327 0.0000000000
3.4081632653 0.0000000000
3.4122448980 0.0000000000
3.4163265306 0.0000000000
3.4204081633 0.0000000000
3.4244897959 0.0000000000
3.4285714286 0.0000000000
3.4326530612 0.0000000000
3.4367346939 0.0000000000
3.4408163265 0.0000000000
3.4448979592 0.0000000000
3.4489795918 0.0000000000
3.4530612245 0.0000000000
3.4571428571 0.0000000000
3.4612244898 0.0000000000
3.4653061224 0.0000000000
3.4693877551 0.0000000000
3.4734693878 0.0000000000
3.4775510204 0.0000000000
3.4816326531 0.0000000000
3.4857142857 0.0000000000
3.4897959184 0.0000000000
3.4938775510 0.0000000000
3.4979591837 0.0000000000
3.5020408163 0.0000000000
3.5061224490 0.0000000000
3.5102040816 0.0000000000
3.5142857143 0.0000000000
3.5183673469 0.0000000000
3.5224489796 0.0000000000
3.5265306122 0.0000000000
3.5306122449 0.0000000000
3.5346938776 0.0000000000
3.5387755102 0.0000000000
3.5428571429 0.0000000000
3.5469387755 0.0000000000
3.5510204082 0.0000000000
3.5551020408 0.0000000000
3.5591836735 0.0000000000
3.5632653061 0.0000000000
3.5673469388 0.0000000000
3.5714285714 0.0000000000
3.5755102041 0.0000000000
3.5795918367 0.0000000000
3.5836734694 0.0964403152
3.5877551020 1.4334321022
3.5918367347 2.0228922367
3.5959183673 0.0000000000
3.6000000000 0.0000000000
3.6040816327 0.0000000000
3.6081632653 0.0000000000
3.6122448980 0.0000000000
3.6163265306 0.0000000000
3.6204081633 0.0000000000
3.6244897959 0.0000000000
3.6285714286 0.0000000000
3.6326530612 0.0000000000
3.6367346939 0.0000000000
3.6408163265 0.0000000000
3.6448979592 0.0000000000
3.6489795918 0.0000000000
3.6530612245 0.0000000000
3.6571428571 0.0000000000
3.6612244898 0.0000000000
3.6653061224 0.0000000000
3.6693877551 0.0000000000
3.6734693878 0.1151822507
3.6775510204 0.1004934311
3.6816326531 0.0000000000
3.6857142857 0.0000000000
3.6897959184 0.0000000000
3.6938775510 1.2677162886
3.6979591837 9.4945507050
3.7020408163 79.8977966309
3.7061224490 117.3905105591
3.7102040816 143.6531829834
3.7142857143 160.6471405029
3.7183673469 149.9987945557
3.7224489796 151.6704864502
3.7265306122 123.1832275391
3.7306122449 94.0407257080
3.7346938776 73.0780029297
3.7387755102 44.6951065063
3.7428571429 16.9174385071
3.7469387755 0.0000000000
3.7510204082 0.0000000000
3.7551020408 0.0000000000
3.7591836735 0.0000000000
3.7632653061 0.0000000000
3.7673469388 0.0000000000
3.7714285714 0.0000000000
3.7755102041 0.0000000000
3.7795918367 0.0000000000
3.7836734694 0.0000000000
3.7877551020 0.0000000000
3.7918367347 0.0000000000
3.7959183673 0.0000000000
3.8000000000 0.0000000000
3.8040816327 0.0000000000
3.8081632653 0.0000000000
3.8122448980 0.0000000000
3.8163265306 0.0000000000
3.8204081633 0.0000000000
3.8244897959 0.0000000000
3.8285714286 0.0000000000
3.8326530612 0.0000000000
3.8367346939 0.0000000000
3.8408163265 0.0000000000
3.8448979592 0.0000000000
3.8489795918 0.0000000000
3.8530612245 0.0000000000
3.8571428571 0.0000000000
3.8612244898 0.0000000000
3.8653061224 0.0000000000
3.8693877551 0.0000000000
3.8734693878 0.0000000000
3.8775510204 0.0000000000
3.8816326531 0.0000000000
3.8857142857 0.0000000000
3.8897959184 0.0000000000
3.8938775510 0.0000000000
3.8979591837 0.0000000000
3.9020408163 0.0000000000
3.9061224490 0.0000000000
3.9102040816 0.0000000000
3.9142857143 0.0000000000
3.9183673469 0.0000000000
3.9224489796 0.0000000000
3.9265306122 0.0000000000
3.9306122449 2.8618574142
3.9346938776 3.9308667183
3.9387755102 4.5701265335
3.9428571429 15.9670114517
3.9469387755 43.2436141968
3.9510204082 56.6639976501
3.9551020408 68.7287750244
3.9591836735 76.0428009033
3.9632653061 96.0389938354
3.9673469388 108.1152572632
3.9714285714 141.1825103760
3.9755102041 145.4092864990
3.9795918367 175.5932006836
3.9836734694 160.6242675781
3.9877551020 142.6748962402
3.9918367347 128.0664825439
3.9959183673 115.7888793945
4.0000000000 92.2021865845
4.0040816327 69.7110290527
4.0081632653 48.9879264832
4.0122448980 30.0485477448
4.0163265306 15.6991930008
4.0204081633 0.7016062737
4.0244897959 0.0000000000
4.0285714286 0.0000000000
4.0326530612 0.0000000000
4.0367346939 0.0000000000
4.0408163265 0.0000000000
4.0448979592 0.0000000000
4.0489795918 0.0000000000
4.0530612245 0.2118349075
4.0571428571 0.3085136414
4.0612244898 0.0000000000
4.0653061224 0.0000000000
4.0693877551 0.0000000000
4.0734693878 0.0000000000
4.0775510204 0.0000000000
4.0816326531 1.3038516045
4.0857142857 0.0000000000
4.0897959184 0.0000000000
4.0938775510 0.0000000000
4.0979591837 0.0000000000
4.1020408163 0.0000000000
4.1061224490 0.0000000000
4.1102040816 0.0000000000
4.1142857143 0.0000000000
4.1183673469 0.0000000000
4.1224489796 0.0000000000
4.1265306122 0.0000000000
4.1306122449 0.0000000000
4.1346938776 0.0000000000
4.1387755102 0.0000000000
4.1428571429 0.0000000000
4.1469387755 0.0000000000
4.1510204082 0.2306699753
4.1551020408 0.0000000000
4.1591836735 0.0000000000
4.1632653061 0.0000000000
4.1673469388 0.0000000000
4.1714285714 0.1232177019
4.1755102041 5.1432623863
4.1795918367 12.1398344040
4.1836734694 18.9547233582
4.1877551020 26.0688514709
4.1918367347 30.6447029114
4.1959183673 38.8083114624
4.2000000000 41.5969543457
4.2040816327 37.0530166626
4.2081632653 35.5325317383
4.2122448980 31.2247562408
4.2163265306 13.3777561188
4.2204081633 0.0000000000
4.2244897959 0.0000000000
4.2285714286 0.0000000000
4.2326530612 0.0000000000
4.2367346939 41.3467941284
4.2408163265 88.2916412354
4.2448979592 130.9072875977
4.2489795918 159.3999023438
4.2530612245 196.7113037109
4.2571428571 172.0192565918
4.2612244898 144.6535339355
4.2653061224 125.3178100586
4.2693877551 95.8434295654
4.2734693878 64.2442703247
4.2775510204 42.3232917786
4.2816326531 23.5450859070
4.2857142857 10.5934438705
4.2897959184 0.0000000000
4.2938775510 0.0000000000
4.2979591837 0.0000000000
4.3020408163 0.0000000000
4.3061224490 0.0000000000
4.3102040816 0.0000000000
4.3142857143 0.0000000000
4.3183673469 0.0000000000
4.3224489796 0.0000000000
4.3265306122 0.0000000000
4.3306122449 0.0000000000
4.3346938776 0.0000000000
4.3387755102 0.0000000000
4.3428571429 0.0000000000
4.3469387755 0.0000000000
4.3510204082 0.0000000000
4.3551020408 0.0000000000
4.3591836735 0.0000000000
4.3632653061 0.0000000000
4.3673469388 0.0000000000
4.3714285714 0.0000000000
4.3755102041 0.0000000000
4.3795918367 0.0000000000
4.3836734694 0.0000000000
4.3877551020 0.0000000000
4.3918367347 0.0000000000
4.3959183673 0.0000000000
4.4000000000 0.0000000000
4.4040816327 0.0000000000
4.4081632653 0.0000000000
4.4122448980 0.0000000000
4.4163265306 0.0000000000
4.4204081633 0.0000000000
4.4244897959 0.0000000000
4.4285714286 0.0000000000
4.4326530612 0.0000000000
4.4367346939 0.0000000000
4.4408163265 0.0000000000
4.4448979592 0.0000000000
4.4489795918 0.0000000000
4.4530612245 0.0000000000
4.4571428571 0.0000000000
4.4612244898 0.0000000000
4.4653061224 0.0000000000
4.4693877551 0.0000000000
4.4734693878 0.0000000000
4.4775510204 0.0000000000
4.4816326531 0.0000000000
4.4857142857 0.0000000000
4.4897959184 0.0000000000
4.4938775510 0.0000000000
4.4979591837 0.0000000000
4.5020408163 0.0000000000
4.5061224490 0.0000000000
4.5102040816 0.0000000000
4.5142857143 0.0000000000
4.5183673469 0.0000000000
4.5224489796 4.9308090210
4.5265306122 7.4707045555
4.5306122449 16.5332927704
4.5346938776 13.8468294144
4.5387755102 8.2685203552
4.5428571429 7.1201920509
4.5469387755 4.1380224228
4.5510204082 1.9227266312
4.5551020408 0.0000000000
4.5591836735 0.0000000000
4.5632653061 0.0000000000
4.5673469388 0.0000000000
4.5714285714 0.0000000000
4.5755102041 0.0000000000
4.5795918367 0.0000000000
4.5836734694 0.0000000000
4.5877551020 0.0000000000
4.5918367347 0.0000000000
4.5959183673 0.0000000000
4.6000000000 0.0000000000
4.6040816327 15.7850971222
4.6081632653 229.1154174805
4.6122448980 327.5507812500
4.6163265306 311.4085693359
4.6204081633 261.0264892578
4.6244897959 221.9059753418
4.6285714286 186.2986145020
4.6326530612 156.3390350342
4.6367346939 122.9926147461
4.6408163265 93.9800262451
4.6448979592 71.4136047363
4.6489795918 51.5590095520
4.6530612245 34.0889167786
4.6571428571 18.8450737000
4.6612244898 8.5891485214
4.6653061224 0.2408027649
4.6693877551 1.0977387428
4.6734693878 0.0000000000
4.6775510204 0.0000000000
4.6816326531 0.0000000000
4.6857142857 0.0000000000
4.6897959184 0.0000000000
4.6938775510 0.0000000000
4.6979591837 0.0000000000
4.7020408163 0.0000000000
4.7061224490 0.0000000000
4.7102040816 0.0000000000
4.7142857143 0.0000000000
4.7183673469 0.0000000000
4.7224489796 0.0000000000
4.7265306122 0.0000000000
4.7306122449 0.0000000000
4.7346938776 0.0000000000
4.7387755102 0.0000000000
4.7428571429 0.0000000000
4.7469387755 0.0000000000
4.7510204082 5.7470407486
4.7551020408 11.9044647217
4.7591836735 24.2130699158
4.7632653061 32.7324905396
4.7673469388 34.4010009766
4.7714285714 19.3475189209
4.7755102041 0.0000000000
4.7795918367 0.0000000000
4.7836734694 0.0000000000
4.7877551020 0.0000000000
4.7918367347 0.0000000000
4.7959183673 0.0000000000
4.8000000000 0.0000000000
4.8040816327 0.0000000000
4.8081632653 0.0000000000
4.8122448980 0.0000000000
4.8163265306 0.0000000000
4.8204081633 0.0000000000
4.8244897959 0.0000000000
4.8285714286 0.0000000000
4.8326530612 0.0000000000
4.8367346939 0.0000000000
4.8408163265 0.0000000000
4.8448979592 0.0000000000
4.8489795918 0.0000000000
4.8530612245 0.0000000000
4.8571428571 0.0000000000
4.8612244898 0.0000000000
4.8653061224 0.0000000000
4.8693877551 0.0000000000
4.8734693878 0.0000000000
4.8775510204 0.0000000000
4.8816326531 0.0000000000
4.8857142857 0.0000000000
4.8897959184 0.0000000000
4.8938775510 0.0000000000
4.8979591837 0.0000000000
4.9020408163 0.0000000000
4.9061224490 0.0000000000
4.9102040816 0.0000000000
4.9142857143 0.0000000000
4.9183673469 0.0000000000
4.9224489796 0.0000000000
4.9265306122 0.0000000000
4.9306122449 0.0000000000
4.9346938776 0.0000000000
4.9387755102 0.0000000000
4.9428571429 0.0000000000
4.9469387755 0.0000000000
4.9510204082 0.0000000000
4.9551020408 0.0000000000
4.9591836735 0.0000000000
4.9632653061 0.0000000000
4.9673469388 0.0000000000
4.9714285714 0.0000000000
4.9755102041 0.0000000000
4.9795918367 0.0000000000
4.9836734694 0.0000000000
4.9877551020 39.6746978760
4.9918367347 101.2981262207
4.9959183673 172.5125885010
5.0000000000 315.5642395020
5.0040816327 314.2947082520
5.0081632653 305.9313354492
5.0122448980 259.8354187012
5.0163265306 220.3309631348
5.0204081633 187.8913879395
5.0244897959 158.3445587158
5.0285714286 135.2962341309
5.0326530612 113.6935348511
5.0367346939 89.1499481201
5.0408163265 65.5299377441
5.0448979592 46.9590415955
5.0489795918 32.8148612976
5.0530612245 19.5608139038
5.0571428571 9.1639156342
5.0612244898 3.5251379013
5.0653061224 0.8527040482
5.0693877551 0.0000000000
5.0734693878 0.0000000000
5.0775510204 0.0000000000
5.0816326531 0.0000000000
5.0857142857 0.0000000000
5.0897959184 0.0000000000
5.0938775510 0.0000000000
5.0979591837 0.0000000000
5.1020408163 0.0000000000
5.1061224490 0.0000000000
5.1102040816 0.0000000000
5.1142857143 0.0000000000
5.1183673469 0.0000000000
5.1224489796 0.0000000000
5.1265306122 0.0000000000
5.1306122449 0.0000000000
5.1346938776 0.0000000000
5.1387755102 0.0000000000
5.1428571429 0.0000000000
5.1469387755 0.0000000000
5.1510204082 0.0000000000
5.1551020408 0.0000000000
5.1591836735 0.0000000000
5.1632653061 0.0000000000
5.1673469388 0.0000000000
5.1714285714 0.0000000000
5.1755102041 0.0000000000
5.1795918367 0.0000000000
5.1836734694 0.0000000000
5.1877551020 0.0000000000
5.1918367347 0.0000000000
5.1959183673 0.0000000000
5.2000000000 0.0000000000
5.2040816327 0.0000000000
5.2081632653 0.0000000000
5.2122448980 0.0000000000
5.2163265306 0.0000000000
5.2204081633 0.0000000000
5.2244897959 0.0000000000
5.2285714286 0.0000000000
5.2326530612 0.0000000000
5.2367346939 0.0000000000
5.2408163265 0.0000000000
5.2448979592 0.0000000000
5.2489795918 0.0000000000
5.2530612245 0.0000000000
5.2571428571 0.0000000000
5.2612244898 0.0000000000
5.2653061224 0.0000000000
5.2693877551 0.0000000000
5.2734693878 0.0000000000
5.2775510204 0.0000000000
5.2816326531 0.0000000000
5.2857142857 0.0000000000
5.2897959184 0.0000000000
5.2938775510 0.0000000000
5.2979591837 0.0000000000
5.3020408163 0.0000000000
5.3061224490 0.0000000000
5.3102040816 0.0000000000
5.3142857143 0.0000000000
5.3183673469 0.0206828117
5.3224489796 5.7941079140
5.3265306122 8.7517280579
5.3306122449 6.4968018532
5.3346938776 4.3286085129
5.3387755102 0.0000000000
5.3428571429 0.0000000000
5.3469387755 0.0000000000
5.3510204082 0.0000000000
5.3551020408 0.0000000000
5.3591836735 0.0000000000
5.3632653061 0.0000000000
5.3673469388 0.0000000000
5.3714285714 0.0000000000
5.3755102041 0.0000000000
5.3795918367 0.0000000000
5.3836734694 0.0000000000
5.3877551020 0.0000000000
5.3918367347 0.0000000000
5.3959183673 0.0000000000
5.4000000000 0.0000000000
5.4040816327 0.0000000000
5.4081632653 0.0000000000
5.4122448980 0.0000000000
5.4163265306 0.0000000000
5.4204081633 0.0000000000
5.4244897959 0.0000000000
5.4285714286 0.0000000000
5.4326530612 0.0000000000
5.4367346939 0.0000000000
5.4408163265 0.0000000000
5.4448979592 0.0000000000
5.4489795918 0.0000000000
5.4530612245 0.0000000000
5.4571428571 0.0000000000
5.4612244898 0.0000000000
5.4653061224 0.0000000000
5.4693877551 0.0000000000
5.4734693878 0.0000000000
5.4775510204 0.0000000000
5.4816326531 0.0000000000
5.4857142857 0.0000000000
5.4897959184 0.0000000000
5.4938775510 0.0000000000
5.4979591837 0.0000000000
5.5020408163 0.0000000000
5.5061224490 0.0000000000
5.5102040816 0.0000000000
5.5142857143 0.0000000000
5.5183673469 0.0000000000
5.5224489796 0.0000000000
5.5265306122 0.0000000000
5.5306122449 0.0000000000
5.5346938776 0.0000000000
5.5387755102 0.0000000000
5.5428571429 0.0000000000
5.5469387755 0.0000000000
5.5510204082 0.0000000000
5.5551020408 0.0000000000
5.5591836735 0.0000000000
5.5632653061 0.0000000000
5.5673469388 0.0000000000
5.5714285714 0.0000000000
5.5755102041 0.0000000000
5.5795918367 0.0000000000
5.5836734694 0.0000000000
5.5877551020 0.0000000000
5.5918367347 0.0000000000
5.5959183673 0.0000000000
5.6000000000 0.0000000000
5.6040816327 0.0000000000
5.6081632653 0.0000000000
5.6122448980 0.3072619438
5.6163265306 0.9155236483
5.6204081633 0.0000000000
5.6244897959 0.0000000000
5.6285714286 0.0000000000
5.6326530612 0.0000000000
5.6367346939 0.0000000000
5.6408163265 0.0000000000
5.6448979592 0.0000000000
5.6489795918 0.0000000000
5.6530612245 0.0000000000
5.6571428571 0.0000000000
5.6612244898 0.0000000000
5.6653061224 0.0000000000
5.6693877551 0.0000000000
5.6734693878 0.0000000000
5.6775510204 0.0000000000
5.6816326531 0.0000000000
5.6857142857 0.0000000000
5.6897959184 0.0000000000
5.6938775510 0.0000000000
5.6979591837 0.0000000000
5.7020408163 0.0000000000
5.7061224490 0.0000000000
5.7102040816 0.0000000000
5.7142857143 0.0000000000
5.7183673469 0.0000000000
5.7224489796 0.0000000000
5.7265306122 0.0000000000
5.7306122449 0.0000000000
5.7346938776 0.0000000000
5.7387755102 0.0000000000
5.7428571429 0.0000000000
5.7469387755 0.0000000000
5.7510204082 0.0000000000
5.7551020408 2.0565390587
5.7591836735 3.0363202095
5.7632653061 1.1725425720
5.7673469388 0.0000000000
5.7714285714 0.0000000000
5.7755102041 0.0000000000
5.7795918367 2.3223757744
5.7836734694 7.3132810593
5.7877551020 8.3121662140
5.7918367347 8.0347652435
5.7959183673 15.3214931488
5.8000000000 23.8163757324
5.8040816327 68.4442825317
5.8081632653 157.8316192627
5.8122448980 204.1033630371
5.8163265306 206.5857696533
5.8204081633 190.2933654785
5.8244897959 159.6717224121
5.8285714286 126.1207427979
5.8326530612 96.1700057983
5.8367346939 70.9577178955
5.8408163265 46.9104652405
5.8448979592 25.6821956635
5.8489795918 3.4861116409
5.8530612245 0.0000000000
5.8571428571 0.0000000000
5.8612244898 0.0000000000
5.8653061224 0.0000000000
5.8693877551 0.0000000000
5.8734693878 0.0000000000
5.8775510204 0.0000000000
5.8816326531 0.0000000000
5.8857142857 0.0000000000
5.8897959184 0.0000000000
5.8938775510 0.0000000000
5.8979591837 0.0000000000
5.9020408163 0.0000000000
5.9061224490 0.0000000000
5.9102040816 0.0000000000
5.9142857143 0.0000000000
5.9183673469 0.0000000000
5.9224489796 0.0000000000
5.9265306122 0.0000000000
5.9306122449 0.0000000000
5.9346938776 0.0000000000
5.9387755102 0.0000000000
5.9428571429 0.0000000000
5.9469387755 0.0000000000
5.9510204082 0.0000000000
5.9551020408 0.0000000000
5.9591836735 0.0000000000
5.9632653061 0.0000000000
5.9673469388 0.0000000000
5.9714285714 0.0000000000
5.9755102041 0.0000000000
5.9795918367 0.0000000000
5.9836734694 0.0000000000
5.9877551020 0.0000000000
5.9918367347 0.0000000000
5.9959183673 0.0000000000
6.0000000000 0.0000000000
6.0040816327 0.0000000000
6.0081632653 0.0000000000
6.0122448980 0.0000000000
6.0163265306 0.0000000000
6.0204081633 0.0000000000
6.0244897959 0.0000000000
6.0285714286 0.0000000000
6.0326530612 0.0000000000
6.0367346939 0.2026557922
6.0408163265 3.4696161747
6.0448979592 0.0000000000
6.0489795918 0.0000000000
6.0530612245 0.0000000000
6.0571428571 0.0000000000
6.0612244898 60.6001014709
6.0653061224 69.9667358398
6.0693877551 110.3985290527
6.0734693878 124.7849121094
6.0775510204 122.0661926270
6.0816326531 104.1344451904
6.0857142857 83.0724182129
6.0897959184 65.0865783691
6.0938775510 44.7234535217
6.0979591837 31.1609725952
6.1020408163 32.5106239319
6.1061224490 33.8917083740
6.1102040816 62.2799720764
6.1142857143 59.8776359558
6.1183673469 51.7289619446
6.1224489796 42.6686706543
6.1265306122 39.5663986206
6.1306122449 23.9123115540
6.1346938776 25.1343765259
6.1387755102 32.6505317688
6.1428571429 34.3538513184
6.1469387755 30.4196777344
6.1510204082 22.4211406708
6.1551020408 4.6952366829
6.1591836735 0.0000000000
6.1632653061 0.0000000000
6.1673469388 0.0000000000
6.1714285714 0.0000000000
6.1755102041 0.0000000000
6.1795918367 0.0000000000
6.1836734694 0.0000000000
6.1877551020 0.0000000000
6.1918367347 0.0000000000
6.1959183673 0.0000000000
6.2000000000 0.0000000000
6.2040816327 0.0000000000
6.2081632653 0.0000000000
6.2122448980 0.0000000000
6.2163265306 0.0000000000
6.2204081633 0.0000000000
6.2244897959 0.0000000000
6.2285714286 0.0000000000
6.2326530612 0.0000000000
6.2367346939 0.5048811436
6.2408163265 2.2014231682
6.2448979592 0.0114440918
6.2489795918 0.8697360754
6.2530612245 1.5553236008
6.2571428571 0.0000000000
6.2612244898 0.0000000000
6.2653061224 0.0000000000
6.2693877551 0.0000000000
6.2734693878 0.0000000000
6.2775510204 0.0000000000
6.2816326531 0.0000000000
6.2857142857 0.0000000000
6.2897959184 0.0000000000
6.2938775510 0.0000000000
6.2979591837 0.0000000000
6.3020408163 0.8115768433
6.3061224490 2.8873383999
6.3102040816 4.2969827652
6.3142857143 1.7692744732
6.3183673469 2.6982724667
6.3224489796 3.5497097969
6.3265306122 3.0771946907
6.3306122449 3.7274062634
6.3346938776 0.0000000000
6.3387755102 9.4246120453
6.3428571429 52.9418716431
6.3469387755 209.0001983643
6.3510204082 322.4001159668
6.3551020408 286.7337646484
6.3591836735 253.1786499023
6.3632653061 217.7957916260
6.3673469388 197.9402008057
6.3714285714 170.1618347168
6.3755102041 141.3988952637
6.3795918367 111.5572509766
6.3836734694 85.0540390015
6.3877551020 61.2702407837
6.3918367347 39.7517700195
6.3959183673 20.3773975372
6.4000000000 3.6182403564
6.4040816327 0.0000000000
6.4081632653 0.0000000000
6.4122448980 0.0000000000
6.4163265306 0.0000000000
6.4204081633 0.0000000000
6.4244897959 0.0000000000
6.4285714286 0.0000000000
6.4326530612 0.0000000000
6.4367346939 0.0000000000
6.4408163265 0.0000000000
6.4448979592 0.0000000000
6.4489795918 0.0000000000
6.4530612245 0.0000000000
6.4571428571 0.0000000000
6.4612244898 0.0000000000
6.4653061224 0.0000000000
6.4693877551 0.0000000000
6.4734693878 0.0000000000
6.4775510204 0.0000000000
6.4816326531 0.0000000000
6.4857142857 0.0000000000
6.4897959184 0.0000000000
6.4938775510 0.0000000000
6.4979591837 0.0000000000
6.5020408163 0.0000000000
6.5061224490 0.0000000000
6.5102040816 0.0000000000
6.5142857143 0.0000000000
6.5183673469 0.0000000000
6.5224489796 0.0000000000
6.5265306122 0.0000000000
6.5306122449 0.0000000000
6.5346938776 0.0000000000
6.5387755102 0.0000000000
6.5428571429 0.0000000000
6.5469387755 0.0000000000
6.5510204082 0.0000000000
6.5551020408 0.0000000000
6.5591836735 0.0000000000
6.5632653061 0.0000000000
6.5673469388 0.0000000000
6.5714285714 0.0000000000
6.5755102041 0.0000000000
6.5795918367 0.0000000000
6.5836734694 0.0000000000
6.5877551020 0.0000000000
6.5918367347 0.0000000000
6.5959183673 0.0000000000
6.6000000000 0.0000000000
6.6040816327 0.0000000000
6.6081632653 10.2984313965
6.6122448980 22.9252281189
6.6163265306 35.9615974426
6.6204081633 32.0481643677
6.6244897959 23.1800365448
6.6285714286 15.6894922256
6.6326530612 9.8636445999
6.6367346939 0.0000000000
6.6408163265 0.0000000000
6.6448979592 0.0000000000
6.6489795918 0.0000000000
6.6530612245 0.0000000000
6.6571428571 0.0000000000
6.6612244898 0.0000000000
6.6653061224 0.0000000000
6.6693877551 0.0000000000
6.6734693878 0.0000000000
6.6775510204 0.0000000000
6.6816326531 0.0000000000
6.6857142857 0.0000000000
6.6897959184 37.8158111572
6.6938775510 175.8735961914
6.6979591837 215.9456787109
6.7020408163 222.3742980957
6.7061224490 193.9880065918
6.7102040816 162.1977996826
6.7142857143 129.8283996582
6.7183673469 103.7228088379
6.7224489796 82.1788330078
6.7265306122 55.7564468384
6.7306122449 30.9008941650
6.7346938776 12.5278835297
6.7387755102 0.5265176296
6.7428571429 0.0000000000
6.7469387755 0.0000000000
6.7510204082 0.0000000000
6.7551020408 0.0000000000
6.7591836735 0.0000000000
6.7632653061 0.0000000000
6.7673469388 0.0000000000
6.7714285714 0.0000000000
6.7755102041 0.0000000000
6.7795918367 0.0000000000
6.7836734694 0.0000000000
6.7877551020 0.0000000000
6.7918367347 0.0000000000
6.7959183673 0.0000000000
6.8000000000 0.0000000000
6.8040816327 0.0000000000
6.8081632653 0.0000000000
6.8122448980 0.0000000000
6.8163265306 0.0000000000
6.8204081633 0.0000000000
6.8244897959 0.0000000000
6.8285714286 0.0000000000
6.8326530612 0.0000000000
6.8367346939 0.0000000000
6.8408163265 0.0000000000
6.8448979592 0.0000000000
6.8489795918 15.0019531250
6.8530612245 37.2846717834
6.8571428571 50.7963562012
6.8612244898 50.4624786377
6.8653061224 39.5647583008
6.8693877551 23.6175060272
6.8734693878 7.6456665993
6.8775510204 0.0000000000
6.8816326531 0.0000000000
6.8857142857 0.0000000000
6.8897959184 0.0000000000
6.8938775510 0.0000000000
6.8979591837 0.0000000000
6.9020408163 0.0000000000
6.9061224490 0.0000000000
6.9102040816 0.0000000000
6.9142857143 0.0000000000
6.9183673469 0.0000000000
6.9224489796 0.0000000000
6.9265306122 0.0000000000
6.9306122449 0.0000000000
6.9346938776 0.0000000000
6.9387755102 0.0000000000
6.9428571429 0.0000000000
6.9469387755 0.0000000000
6.9510204082 0.0000000000
6.9551020408 0.0000000000
6.9591836735 4.4582786560
6.9632653061 4.9603281021
6.9673469388 1.6019046307
6.9714285714 0.0000000000
6.9755102041 0.0000000000
6.9795918367 0.0000000000
6.9836734694 0.0000000000
6.9877551020 0.0000000000
6.9918367347 0.0000000000
6.9959183673 0.0000000000
7.0000000000 0.0000000000
7.0040816327 0.0000000000
7.0081632653 0.0000000000
7.0122448980 0.0000000000
7.0163265306 0.0000000000
7.0204081633 0.0000000000
7.0244897959 0.0000000000
7.0285714286 0.0000000000
7.0326530612 0.0000000000
7.0367346939 0.0000000000
7.0408163265 0.0000000000
7.0448979592 0.6406307220
7.0489795918 17.0030593872
7.0530612245 32.3656501770
7.0571428571 50.4597434998
7.0612244898 60.9979324341
7.0653061224 60.1199874878
7.0693877551 50.8669586182
7.0734693878 41.5350646973
7.0775510204 50.1419143677
7.0816326531 86.8855133057
7.0857142857 159.2313537598
7.0897959184 193.4122314453
7.0938775510 197.6325225830
7.0979591837 194.0291442871
7.1020408163 176.6937255859
7.1061224490 162.0196990967
7.1102040816 142.8334045410
7.1142857143 123.9542999268
7.1183673469 101.8441009521
7.1224489796 81.3119659424
7.1265306122 69.3037796021
7.1306122449 52.2230567932
7.1346938776 32.9929885864
7.1387755102 25.4758453369
7.1428571429 33.6272239685
7.1469387755 21.3394546509
7.1510204082 12.6624698639
7.1551020408 11.9703559875
7.1591836735 2.5919079781
7.1632653061 0.8603334427
7.1673469388 0.0000000000
7.1714285714 0.0000000000
7.1755102041 0.0000000000
7.1795918367 0.0000000000
7.1836734694 0.0000000000
7.1877551020 0.0000000000
7.1918367347 0.0000000000
7.1959183673 0.0000000000
7.2000000000 0.0000000000
7.2040816327 0.0000000000
7.2081632653 0.0000000000
7.2122448980 0.0000000000
7.2163265306 0.0000000000
7.2204081633 0.0000000000
7.2244897959 0.0000000000
7.2285714286 0.0000000000
7.2326530612 0.0000000000
7.2367346939 0.0000000000
7.2408163265 0.0000000000
7.2448979592 0.0000000000
7.2489795918 0.0000000000
7.2530612245 0.0000000000
7.2571428571 0.0000000000
7.2612244898 0.0000000000
7.2653061224 0.0000000000
7.2693877551 0.0000000000
7.2734693878 0.0000000000
7.2775510204 0.0000000000
7.2816326531 0.0000000000
7.2857142857 0.0000000000
7.2897959184 0.0000000000
7.2938775510 0.0000000000
7.2979591837 0.0000000000
7.3020408163 0.0000000000
7.3061224490 0.0000000000
7.3102040816 0.0000000000
7.3142857143 0.0000000000
7.3183673469 0.0000000000
7.3224489796 0.0000000000
7.3265306122 0.0000000000
7.3306122449 0.0000000000
7.3346938776 0.0000000000
7.3387755102 0.0000000000
7.3428571429 0.0000000000
7.3469387755 0.0000000000
7.3510204082 0.4212856293
7.3551020408 1.2634992599
7.3591836735 1.9124746323
7.3632653061 2.5750398636
7.3673469388 1.1337995529
7.3714285714 1.6244649887
7.3755102041 3.8985610008
7.3795918367 5.3887367249
7.3836734694 5.2031278610
7.3877551020 4.3106079102
7.3918367347 4.5926570892
7.3959183673 5.0883293152
7.4000000000 5.7327747345
7.4040816327 3.4888982773
7.4081632653 0.5004405975
7.4122448980 0.0000000000
7.4163265306 0.0000000000
7.4204081633 0.0000000000
7.4244897959 0.0000000000
7.4285714286 0.0000000000
7.4326530612 0.0000000000
7.4367346939 0.0000000000
7.4408163265 0.0000000000
7.4448979592 0.0000000000
7.4489795918 0.0000000000
7.4530612245 0.0000000000
7.4571428571 0.0000000000
7.4612244898 0.0000000000
7.4653061224 0.0000000000
7.4693877551 0.0000000000
7.4734693878 0.0000000000
7.4775510204 0.0000000000
7.4816326531 0.0000000000
7.4857142857 0.0000000000
7.4897959184 0.0000000000
7.4938775510 0.0000000000
7.4979591837 0.0000000000
7.5020408163 0.0000000000
7.5061224490 0.0000000000
7.5102040816 0.0000000000
7.5142857143 0.0000000000
7.5183673469 0.0000000000
7.5224489796 0.0000000000
7.5265306122 0.0000000000
7.5306122449 0.0000000000
7.5346938776 0.0000000000
7.5387755102 0.0000000000
7.5428571429 0.0000000000
7.5469387755 0.0000000000
7.5510204082 0.0000000000
7.5551020408 0.0000000000
7.5591836735 0.0000000000
7.5632653061 0.0000000000
7.5673469388 0.0000000000
7.5714285714 0.0000000000
7.5755102041 0.0000000000
7.5795918367 0.0000000000
7.5836734694 0.0000000000
7.5877551020 0.0000000000
7.5918367347 0.0000000000
7.5959183673 0.0000000000
7.6000000000 0.0000000000
7.6040816327 0.0000000000
7.6081632653 0.0000000000
7.6122448980 43.6056518555
7.6163265306 96.8195648193
7.6204081633 113.2300491333
7.6244897959 155.9761962891
7.6285714286 150.6433410645
7.6326530612 172.1512145996
7.6367346939 148.4812774658
7.6408163265 120.1046295166
7.6448979592 94.5725860596
7.6489795918 71.3937683105
7.6530612245 52.5037612915
7.6571428571 37.8875579834
7.6612244898 20.7337665558
7.6653061224 2.1643676758
7.6693877551 0.0000000000
7.6734693878 0.0000000000
7.6775510204 0.0000000000
7.6816326531 0.0000000000
7.6857142857 0.0000000000
7.6897959184 0.0000000000
7.6938775510 0.0000000000
7.6979591837 0.0000000000
7.7020408163 0.0000000000
7.7061224490 0.0000000000
7.7102040816 0.0000000000
7.7142857143 0.0000000000
7.7183673469 0.0000000000
7.7224489796 0.0000000000
7.7265306122 0.0000000000
7.7306122449 0.0000000000
7.7346938776 0.0000000000
7.7387755102 0.0000000000
7.7428571429 0.0000000000
7.7469387755 0.0000000000
7.7510204082 0.0000000000
7.7551020408 0.0000000000
7.7591836735 0.0000000000
7.7632653061 0.0000000000
7.7673469388 0.0000000000
7.7714285714 0.0000000000
7.7755102041 0.0000000000
7.7795918367 0.0000000000
7.7836734694 0.0000000000
7.7877551020 0.0000000000
7.7918367347 0.0000000000
7.7959183673 0.0000000000
7.8000000000 0.0000000000
7.8040816327 0.0000000000
7.8081632653 0.0000000000
7.8122448980 0.0000000000
7.8163265306 0.0000000000
7.8204081633 0.0000000000
7.8244897959 0.0000000000
7.8285714286 0.0000000000
7.8326530612 0.0000000000
7.8367346939 0.0000000000
7.8408163265 0.0000000000
7.8448979592 0.0000000000
7.8489795918 0.0000000000
7.8530612245 0.0000000000
7.8571428571 0.0000000000
7.8612244898 0.0000000000
7.8653061224 0.0000000000
7.8693877551 0.0000000000
7.8734693878 0.0000000000
7.8775510204 0.0000000000
7.8816326531 0.0000000000
7.8857142857 0.0000000000
7.8897959184 0.0000000000
7.8938775510 0.0000000000
7.8979591837 0.0000000000
7.9020408163 0.0000000000
7.9061224490 0.0000000000
7.9102040816 0.0000000000
7.9142857143 0.0000000000
7.9183673469 0.0000000000
7.9224489796 0.0000000000
7.9265306122 0.0000000000
7.9306122449 0.0000000000
7.9346938776 0.0000000000
7.9387755102 0.0000000000
7.9428571429 0.0000000000
7.9469387755 0.0000000000
7.9510204082 0.0000000000
7.9551020408 0.0000000000
7.9591836735 0.0000000000
7.9632653061 0.0000000000
7.9673469388 0.0000000000
7.9714285714 0.0000000000
7.9755102041 0.0000000000
7.9795918367 0.0000000000
7.9836734694 0.0000000000
7.9877551020 0.0000000000
7.9918367347 0.0000000000
7.9959183673 0.0000000000
8.0000000000 0.0000000000
8.0040816327 0.0000000000
8.0081632653 0.0000000000
8.0122448980 0.0000000000
8.0163265306 0.0000000000
8.0204081633 0.0000000000
8.0244897959 0.0000000000
8.0285714286 0.0000000000
8.0326530612 0.0000000000
8.0367346939 0.0000000000
8.0408163265 0.0000000000
8.0448979592 0.0000000000
8.0489795918 0.0000000000
8.0530612245 0.0000000000
8.0571428571 0.0000000000
8.0612244898 0.0000000000
8.0653061224 0.0000000000
8.0693877551 0.0000000000
8.0734693878 0.0000000000
8.0775510204 0.6492137909
8.0816326531 0.4652738571
8.0857142857 3.3479034901
8.0897959184 6.7577362061
8.0938775510 5.0787029266
8.0979591837 2.1346807480
8.1020408163 0.1009702682
8.1061224490 0.7880926132
8.1102040816 0.0000000000
8.1142857143 0.0828355551
8.1183673469 9.9587440491
8.1224489796 30.6605396271
8.1265306122 46.7700996399
8.1306122449 62.4366416931
8.1346938776 72.2951660156
8.1387755102 71.0267486572
8.1428571429 60.4143295288
8.1469387755 43.6903381348
8.1510204082 31.7210922241
8.1551020408 16.8435134888
8.1591836735 2.3278369904
8.1632653061 0.0000000000
8.1673469388 0.0000000000
8.1714285714 0.0000000000
8.1755102041 0.0000000000
8.1795918367 0.0000000000
8.1836734694 0.0000000000
8.1877551020 0.0000000000
8.1918367347 0.0000000000
8.1959183673 0.0000000000
8.2000000000 0.0000000000
8.2040816327 0.0000000000
8.2081632653 0.0000000000
8.2122448980 0.0000000000
8.2163265306 0.0000000000
8.2204081633 0.0000000000
8.2244897959 0.0000000000
8.2285714286 0.0000000000
8.2326530612 0.0000000000
8.2367346939 0.0000000000
8.2408163265 0.0000000000
8.2448979592 0.0000000000
8.2489795918 0.0000000000
8.2530612245 0.0000000000
8.2571428571 0.0000000000
8.2612244898 0.0000000000
8.2653061224 0.0000000000
8.2693877551 0.0000000000
8.2734693878 0.0000000000
8.2775510204 0.0000000000
8.2816326531 0.0000000000
8.2857142857 0.0000000000
8.2897959184 0.0000000000
8.2938775510 0.0000000000
8.2979591837 0.0000000000
8.3020408163 0.0000000000
8.3061224490 0.0000000000
8.3102040816 0.0000000000
8.3142857143 0.1881122589
8.3183673469 0.0000000000
8.3224489796 0.0000000000
8.3265306122 0.1182556152
8.3306122449 0.4700422287
8.3346938776 3.5273432732
8.3387755102 9.3793420792
8.3428571429 33.4796752930
8.3469387755 83.3614807129
8.3510204082 139.3841247559
8.3551020408 175.2494201660
8.3591836735 178.0456237793
8.3632653061 171.5436553955
8.3673469388 156.3463897705
8.3714285714 156.0604553223
8.3755102041 145.4429626465
8.3795918367 127.5614471436
8.3836734694 110.0713043213
8.3877551020 96.8698272705
8.3918367347 78.8242797852
8.3959183673 59.8869323730
8.4000000000 45.8548049927
8.4040816327 31.8547477722
8.4081632653 18.3537006378
8.4122448980 6.0577392578
8.4163265306 7.6190233231
8.4204081633 3.5218894482
8.4244897959 0.0000000000
8.4285714286 0.0000000000
8.4326530612 0.0000000000
8.4367346939 0.0000000000
8.4408163265 0.0000000000
8.4448979592 0.0000000000
8.4489795918 0.0000000000
8.4530612245 0.0000000000
8.4571428571 0.0000000000
8.4612244898 0.0000000000
8.4653061224 0.0000000000
8.4693877551 0.0000000000
8.4734693878 0.0000000000
8.4775510204 0.0000000000
8.4816326531 0.0000000000
8.4857142857 0.0000000000
8.4897959184 0.0000000000
8.4938775510 0.0000000000
8.4979591837 0.0000000000
8.5020408163 0.0000000000
8.5061224490 0.0000000000
8.5102040816 0.0000000000
8.5142857143 0.0000000000
8.5183673469 0.0000000000
8.5224489796 0.0000000000
8.5265306122 0.0000000000
8.5306122449 0.0000000000
8.5346938776 0.0000000000
8.5387755102 0.0000000000
8.5428571429 0.0000000000
8.5469387755 0.0000000000
8.5510204082 0.0000000000
8.5551020408 0.0000000000
8.5591836735 0.0000000000
8.5632653061 0.0000000000
8.5673469388 0.0000000000
8.5714285714 0.0000000000
8.5755102041 0.0000000000
8.5795918367 0.0000000000
8.5836734694 0.0000000000
8.5877551020 0.0000000000
8.5918367347 0.0000000000
8.5959183673 0.0000000000
8.6000000000 0.0000000000
8.6040816327 0.0000000000
8.6081632653 0.0000000000
8.6122448980 0.0000000000
8.6163265306 0.0000000000
8.6204081633 0.0000000000
8.6244897959 0.0000000000
8.6285714286 0.0000000000
8.6326530612 0.0000000000
8.6367346939 0.0000000000
8.6408163265 0.0000000000
8.6448979592 0.0000000000
8.6489795918 0.0000000000
8.6530612245 0.0000000000
8.6571428571 0.0000000000
8.6612244898 0.0000000000
8.6653061224 0.0000000000
8.6693877551 0.0000000000
8.6734693878 0.0000000000
8.6775510204 0.0000000000
8.6816326531 0.0000000000
8.6857142857 0.0000000000
8.6897959184 0.0000000000
8.6938775510 0.0000000000
8.6979591837 0.0000000000
8.7020408163 0.0000000000
8.7061224490 0.0000000000
8.7102040816 0.0000000000
8.7142857143 37.9872322083
8.7183673469 91.8779983521
8.7224489796 138.2335205078
8.7265306122 139.5181732178
8.7306122449 152.1231689453
8.7346938776 127.5937500000
8.7387755102 105.7655029297
8.7428571429 79.8069229126
8.7469387755 55.6393051147
8.7510204082 35.0452194214
8.7551020408 14.1491966248
8.7591836735 0.0000000000
8.7632653061 0.0000000000
8.7673469388 0.0000000000
8.7714285714 0.0000000000
8.7755102041 0.0000000000
8.7795918367 0.0000000000
8.7836734694 0.0000000000
8.7877551020 0.0000000000
8.7918367347 0.0000000000
8.7959183673 0.0000000000
8.8000000000 0.0000000000
8.8040816327 0.0000000000
8.8081632653 0.0000000000
8.8122448980 0.0000000000
8.8163265306 0.0000000000
8.8204081633 0.0000000000
8.8244897959 0.0000000000
8.8285714286 0.0000000000
8.8326530612 1.2356042862
8.8367346939 0.0000000000
8.8408163265 0.0000000000
8.8448979592 0.0000000000
8.8489795918 0.0000000000
8.8530612245 0.0000000000
8.8571428571 0.0000000000
8.8612244898 0.0000000000
8.8653061224 0.0000000000
8.8693877551 0.0000000000
8.8734693878 0.0000000000
8.8775510204 0.0000000000
8.8816326531 0.0000000000
8.8857142857 0.0000000000
8.8897959184 0.0000000000
8.8938775510 0.0000000000
8.8979591837 0.0000000000
8.9020408163 0.0000000000
8.9061224490 0.0000000000
8.9102040816 0.0000000000
8.9142857143 0.0000000000
8.9183673469 0.0000000000
8.9224489796 0.0000000000
8.9265306122 0.0000000000
8.9306122449 0.0000000000
8.9346938776 0.0000000000
8.9387755102 0.0000000000
8.9428571429 0.0000000000
8.9469387755 0.0000000000
8.9510204082 0.0000000000
8.9551020408 0.0000000000
8.9591836735 0.0000000000
8.9632653061 0.0000000000
8.9673469388 0.0000000000
8.9714285714 0.0000000000
8.9755102041 0.0000000000
8.9795918367 0.0000000000
8.9836734694 0.0000000000
8.9877551020 0.0000000000
8.9918367347 0.0000000000
8.9959183673 0.0000000000
9.0000000000 0.0000000000
9.0040816327 0.0000000000
9.0081632653 0.0000000000
9.0122448980 0.0000000000
9.0163265306 0.0000000000
9.0204081633 0.0000000000
9.0244897959 0.0000000000
9.0285714286 0.0000000000
9.0326530612 0.0000000000
9.0367346939 0.0000000000
9.0408163265 0.0000000000
9.0448979592 0.0000000000
9.0489795918 0.0000000000
9.0530612245 0.0000000000
9.0571428571 0.0000000000
9.0612244898 2.0010526180
9.0653061224 10.4705543518
9.0693877551 16.3869323730
9.0734693878 29.5191993713
9.0775510204 41.8670768738
9.0816326531 91.6626129150
9.0857142857 252.9663848877
9.0897959184 289.0818176270
9.0938775510 327.2466430664
9.0979591837 311.1774902344
9.1020408163 267.7358093262
9.1061224490 225.8284301758
9.1102040816 197.4207458496
9.1142857143 166.9384460449
9.1183673469 147.3212280273
9.1224489796 123.3773880005
9.1265306122 101.5148773193
9.1306122449 82.4567413330
9.1346938776 65.8186035156
9.1387755102 52.7253150940
9.1428571429 36.5207176208
9.1469387755 21.8155384064
9.1510204082 13.4682064056
9.1551020408 6.8863630295
9.1591836735 0.0000000000
9.1632653061 0.0000000000
9.1673469388 0.0000000000
9.1714285714 0.0000000000
9.1755102041 0.0000000000
9.1795918367 0.0000000000
9.1836734694 0.0000000000
9.1877551020 0.0000000000
9.1918367347 0.0000000000
9.1959183673 0.0000000000
9.2000000000 0.0000000000
9.2040816327 0.0000000000
9.2081632653 0.0000000000
9.2122448980 0.0000000000
9.2163265306 0.0000000000
9.2204081633 0.0000000000
9.2244897959 0.0000000000
9.2285714286 0.0000000000
9.2326530612 0.0000000000
9.2367346939 0.0000000000
9.2408163265 0.0000000000
9.2448979592 0.0000000000
9.2489795918 0.0000000000
9.2530612245 0.0000000000
9.2571428571 0.0000000000
9.2612244898 0.0000000000
9.2653061224 0.0000000000
9.2693877551 0.0000000000
9.2734693878 0.0000000000
9.2775510204 0.0000000000
9.2816326531 0.0000000000
9.2857142857 0.0000000000
9.2897959184 0.0000000000
9.2938775510 0.0000000000
9.2979591837 0.0000000000
9.3020408163 0.0000000000
9.3061224490 0.0000000000
9.3102040816 0.0000000000
9.3142857143 0.0000000000
9.3183673469 0.0000000000
9.3224489796 0.0000000000
9.3265306122 0.0000000000
9.3306122449 0.0000000000
9.3346938776 0.0000000000
9.3387755102 0.0000000000
9.3428571429 0.0000000000
9.3469387755 0.0000000000
9.3510204082 0.0000000000
9.3551020408 0.0000000000
9.3591836735 0.0000000000
9.3632653061 0.0000000000
9.3673469388 0.0000000000
9.3714285714 0.0000000000
9.3755102041 0.0000000000
9.3795918367 0.0000000000
9.3836734694 0.0000000000
9.3877551020 1.1562108994
9.3918367347 0.0000000000
9.3959183673 0.0000000000
9.4000000000 0.0000000000
9.4040816327 0.0000000000
9.4081632653 0.0000000000
9.4122448980 0.4068613052
9.4163265306 0.0000000000
9.4204081633 0.0000000000
9.4244897959 0.0000000000
9.4285714286 0.0000000000
9.4326530612 0.0000000000
9.4367346939 0.0000000000
9.4408163265 0.0000000000
9.4448979592 0.0000000000
9.4489795918 0.0000000000
9.4530612245 0.0000000000
9.4571428571 0.0000000000
9.4612244898 0.0000000000
9.4653061224 0.0000000000
9.4693877551 0.0000000000
9.4734693878 0.2555847168
9.4775510204 0.0000000000
9.4816326531 0.0000000000
9.4857142857 0.0000000000
9.4897959184 0.0000000000
9.4938775510 0.0000000000
9.4979591837 0.0000000000
9.5020408163 0.0000000000
9.5061224490 0.0000000000
9.5102040816 0.0000000000
9.5142857143 0.0000000000
9.5183673469 0.0000000000
9.5224489796 0.0000000000
9.5265306122 0.0000000000
9.5306122449 0.0000000000
9.5346938776 0.4849433899
9.5387755102 0.0325441360
9.5428571429 0.0000000000
9.5469387755 0.0000000000
9.5510204082 0.0000000000
9.5551020408 0.0000000000
9.5591836735 0.0000000000
9.5632653061 0.0000000000
9.5673469388 0.0000000000
9.5714285714 0.0000000000
9.5755102041 0.0000000000
9.5795918367 0.0000000000
9.5836734694 0.0000000000
9.5877551020 0.0000000000
9.5918367347 0.0000000000
9.5959183673 0.0000000000
9.6000000000 0.0000000000
9.6040816327 0.0000000000
9.6081632653 0.0000000000
9.6122448980 0.0000000000
9.6163265306 0.0000000000
9.6204081633 0.0000000000
9.6244897959 0.0000000000
9.6285714286 0.0000000000
9.6326530612 0.0000000000
9.6367346939 0.0000000000
9.6408163265 0.0000000000
9.6448979592 0.0000000000
9.6489795918 0.0000000000
9.6530612245 0.0000000000
9.6571428571 0.0000000000
9.6612244898 0.0000000000
9.6653061224 0.0000000000
9.6693877551 0.0000000000
9.6734693878 0.0000000000
9.6775510204 0.0000000000
9.6816326531 0.0000000000
9.6857142857 0.0000000000
9.6897959184 0.0000000000
9.6938775510 0.0000000000
9.6979591837 0.0000000000
9.7020408163 0.0000000000
9.7061224490 0.0000000000
9.7102040816 0.0000000000
9.7142857143 0.0000000000
9.7183673469 0.0000000000
9.7224489796 0.0000000000
9.7265306122 0.0000000000
9.7306122449 0.0000000000
9.7346938776 0.0000000000
9.7387755102 0.0000000000
9.7428571429 0.0000000000
9.7469387755 0.2506375313
9.7510204082 0.0000000000
9.7551020408 0.0000000000
9.7591836735 0.0000000000
9.7632653061 0.0000000000
9.7673469388 0.0000000000
9.7714285714 0.0000000000
9.7755102041 0.0000000000
9.7795918367 0.0000000000
9.7836734694 0.0000000000
9.7877551020 0.3846883774
9.7918367347 0.0000000000
9.7959183673 0.0000000000
9.8000000000 0.5990266800
9.8040816327 0.0000000000
9.8081632653 0.0000000000
9.8122448980 0.0000000000
9.8163265306 0.0000000000
9.8204081633 0.0000000000
9.8244897959 0.0000000000
9.8285714286 0.9632110596
9.8326530612 1.7565488815
9.8367346939 2.8505921364
9.8408163265 10.2075042725
9.8448979592 5.6163668633
9.8489795918 11.6280612946
9.8530612245 17.1106224060
9.8571428571 19.6848278046
9.8612244898 25.1434440613
9.8653061224 35.3580131531
9.8693877551 56.7442779541
9.8734693878 63.7932434082
9.8775510204 85.8795928955
9.8816326531 101.8252716064
9.8857142857 96.8339309692
9.8897959184 82.1519775391
9.8938775510 65.6467666626
9.8979591837 40.3068084717
9.9020408163 15.5808925629
9.9061224490 3.4115314484
9.9102040816 0.0000000000
9.9142857143 0.0000000000
9.9183673469 0.0000000000
9.9224489796 0.0000000000
9.9265306122 0.0000000000
9.9306122449 0.0000000000
9.9346938776 0.0000000000
9.9387755102 0.0000000000
9.9428571429 0.0000000000
9.9469387755 0.0000000000
9.9510204082 0.0000000000
9.9551020408 0.0000000000
9.9591836735 0.0000000000
9.9632653061 0.0000000000
9.9673469388 0.0000000000
9.9714285714 0.0000000000
9.9755102041 0.0000000000
9.9795918367 0.0000000000
9.9836734694 0.0000000000
9.9877551020 0.0000000000
9.9918367347 0.0000000000
9.9959183673 0.0000000000
10.0000000000 0.0000000000
10.0040816327 0.0000000000
10.0081632653 0.0000000000
10.0122448980 0.0000000000
10.0163265306 0.0000000000
10.0204081633 0.0000000000
10.0244897959 0.0000000000
10.0285714286 0.0000000000
10.0326530612 0.0000000000
10.0367346939 0.0000000000
10.0408163265 0.0000000000
10.0448979592 0.0000000000
10.0489795918 0.0000000000
10.0530612245 0.0000000000
10.0571428571 0.0000000000
10.0612244898 0.0000000000
10.0653061224 0.0000000000
10.0693877551 0.0000000000
10.0734693878 0.0000000000
10.0775510204 0.0000000000
10.0816326531 0.0000000000
10.0857142857 0.0000000000
10.0897959184 0.0000000000
10.0938775510 0.0000000000
10.0979591837 3.4793019295
10.1020408163 0.0000000000
10.1061224490 0.0000000000
10.1102040816 0.0000000000
10.1142857143 0.0000000000
10.1183673469 0.0000000000
10.1224489796 0.0000000000
10.1265306122 0.0000000000
10.1306122449 0.0000000000
10.1346938776 0.0000000000
10.1387755102 0.0000000000
10.1428571429 0.0000000000
10.1469387755 0.0000000000
10.1510204082 0.0000000000
10.1551020408 0.0000000000
10.1591836735 0.0000000000
10.1632653061 0.6746053696
10.1673469388 0.0000000000
10.1714285714 7.3168873787
10.1755102041 14.6749610901
10.1795918367 23.9200439453
10.1836734694 16.5328674316
10.1877551020 15.6083259583
10.1918367347 22.3462448120
10.1959183673 22.1012992859
10.2000000000 27.1774234772
10.2040816327 31.0194797516
10.2081632653 37.6764526367
10.2122448980 31.6201744080
10.2163265306 16.4427452087
10.2204081633 7.7887773514
10.2244897959 3.3502578735
10.2285714286 27.1305446625
10.2326530612 38.9027900696
10.2367346939 102.9120254517
10.2408163265 215.2813873291
10.2448979592 271.6584472656
10.2489795918 238.7250976562
10.2530612245 201.7890319824
10.2571428571 163.7116699219
10.2612244898 128.4071807861
10.2653061224 99.2150268555
10.2693877551 68.9118881226
10.2734693878 42.2144393921
10.2775510204 14.0983610153
10.2816326531 0.0000000000
10.2857142857 0.0000000000
10.2897959184 0.0000000000
10.2938775510 0.0000000000
10.2979591837 0.0000000000
10.3020408163 0.0000000000
10.3061224490 0.0000000000
10.3102040816 0.0000000000
10.3142857143 0.0000000000
10.3183673469 0.0000000000
10.3224489796 0.0000000000
10.3265306122 0.0000000000
10.3306122449 0.0000000000
10.3346938776 0.0000000000
10.3387755102 0.0000000000
10.3428571429 0.0000000000
10.3469387755 0.0000000000
10.3510204082 0.0000000000
10.3551020408 0.0000000000
10.3591836735 0.0000000000
10.3632653061 0.0000000000
10.3673469388 0.0000000000
10.3714285714 0.0000000000
10.3755102041 0.0000000000
10.3795918367 4.6353340149
10.3836734694 33.4050064087
10.3877551020 52.5229263306
10.3918367347 56.3059463501
10.3959183673 85.0518951416
10.4000000000 67.6407241821
10.4040816327 62.5517654419
10.4081632653 62.5463142395
10.4122448980 54.0351562500
10.4163265306 34.6985168457
10.4204081633 19.7334594727
10.4244897959 15.1499729156
10.4285714286 1.9980146885
10.4326530612 0.0000000000
10.4367346939 0.0000000000
10.4408163265 6.8481864929
10.4448979592 128.1668701172
10.4489795918 465.4252014160
10.4530612245 504.2317504883
10.4571428571 418.7517089844
10.4612244898 333.4035644531
10.4653061224 262.6544189453
10.4693877551 230.3139648438
10.4734693878 185.0229492188
10.4775510204 147.1525115967
10.4816326531 114.6807098389
10.4857142857 89.9653472900
10.4897959184 68.5449829102
10.4938775510 48.1225852966
10.4979591837 23.9803791046
10.5020408163 9.1078872681
10.5061224490 1.3685226440
10.5102040816 0.0000000000
10.5142857143 0.0000000000
10.5183673469 0.0000000000
10.5224489796 0.0000000000
10.5265306122 0.0000000000
10.5306122449 0.0000000000
10.5346938776 0.0000000000
10.5387755102 0.0000000000
10.5428571429 0.0000000000
10.5469387755 0.0000000000
10.5510204082 0.0000000000
10.5551020408 0.0000000000
10.5591836735 0.0000000000
10.5632653061 0.0000000000
10.5673469388 0.0000000000
10.5714285714 0.0000000000
10.5755102041 0.0000000000
10.5795918367 0.0000000000
10.5836734694 0.0000000000
10.5877551020 0.0000000000
10.5918367347 0.0000000000
10.5959183673 0.0000000000
10.6000000000 0.0000000000
10.6040816327 3.0173659325
10.6081632653 3.3885240555
10.6122448980 5.1115751266
10.6163265306 0.0000000000
10.6204081633 0.0000000000
10.6244897959 0.0000000000
10.6285714286 0.0000000000
10.6326530612 0.0000000000
10.6367346939 0.0000000000
10.6408163265 0.0000000000
10.6448979592 0.0000000000
10.6489795918 0.0000000000
10.6530612245 0.0000000000
10.6571428571 0.0000000000
10.6612244898 0.0000000000
10.6653061224 0.0000000000
10.6693877551 0.0000000000
10.6734693878 0.0000000000
10.6775510204 0.0000000000
10.6816326531 0.0000000000
10.6857142857 0.0000000000
10.6897959184 0.0000000000
10.6938775510 0.0000000000
10.6979591837 0.0000000000
10.7020408163 0.0000000000
10.7061224490 0.0000000000
10.7102040816 0.0000000000
10.7142857143 0.0000000000
10.7183673469 0.0000000000
10.7224489796 0.0000000000
10.7265306122 0.0000000000
10.7306122449 0.0000000000
10.7346938776 0.0000000000
10.7387755102 0.0000000000
10.7428571429 0.0000000000
10.7469387755 0.0000000000
10.7510204082 0.0000000000
10.7551020408 0.0000000000
10.7591836735 0.0000000000
10.7632653061 0.0000000000
10.7673469388 0.0000000000
10.7714285714 0.0000000000
10.7755102041 0.0000000000
10.7795918367 0.0000000000
10.7836734694 0.0000000000
10.7877551020 0.0000000000
10.7918367347 0.0000000000
10.7959183673 64.3215484619
10.8000000000 172.5293731689
10.8040816327 246.5398101807
10.8081632653 225.6952819824
10.8122448980 202.0452423096
10.8163265306 174.0159759521
10.8204081633 143.4293212891
10.8244897959 114.2786178589
10.8285714286 87.4717864990
10.8326530612 62.6225204468
10.8367346939 39.2893981934
10.8408163265 17.0965576172
10.8448979592 0.0000000000
10.8489795918 0.0000000000
10.8530612245 0.0000000000
10.8571428571 0.0000000000
10.8612244898 0.0000000000
10.8653061224 0.0000000000
10.8693877551 0.0000000000
10.8734693878 0.0000000000
10.8775510204 0.0000000000
10.8816326531 0.0000000000
10.8857142857 0.0000000000
10.8897959184 0.0000000000
10.8938775510 0.0000000000
10.8979591837 0.0000000000
10.9020408163 0.0000000000
10.9061224490 0.0000000000
10.9102040816 0.0000000000
10.9142857143 0.0000000000
10.9183673469 0.0000000000
10.9224489796 0.0000000000
10.9265306122 0.0000000000
10.9306122449 0.0000000000
10.9346938776 0.0000000000
10.9387755102 0.0000000000
10.9428571429 0.0000000000
10.9469387755 0.0000000000
10.9510204082 0.0000000000
10.9551020408 0.0000000000
10.9591836735 0.0000000000
10.9632653061 0.0000000000
10.9673469388 9.7153186798
10.9714285714 27.1220092773
10.9755102041 46.6509323120
10.9795918367 69.2547454834
10.9836734694 89.9710540771
10.9877551020 102.5545501709
10.9918367347 92.9816970825
10.9959183673 70.5555267334
11.0000000000 49.2515563965
11.0040816327 38.1555328369
11.0081632653 28.7624759674
11.0122448980 19.3491878510
11.0163265306 10.9944047928
11.0204081633 1.5423893929
11.0244897959 0.0000000000
11.0285714286 0.0000000000
11.0326530612 0.0000000000
11.0367346939 0.0000000000
11.0408163265 0.0000000000
11.0448979592 0.0000000000
11.0489795918 0.0000000000
11.0530612245 0.0000000000
11.0571428571 0.0000000000
11.0612244898 0.0000000000
11.0653061224 0.0000000000
11.0693877551 0.0000000000
11.0734693878 0.0000000000
11.0775510204 0.0000000000
11.0816326531 0.0000000000
11.0857142857 0.0000000000
11.0897959184 0.0000000000
11.0938775510 0.0000000000
11.0979591837 0.0000000000
11.1020408163 0.0000000000
11.1061224490 0.0000000000
11.1102040816 0.0000000000
11.1142857143 0.0000000000
11.1183673469 0.0000000000
11.1224489796 0.0000000000
11.1265306122 0.0000000000
11.1306122449 0.0000000000
11.1346938776 0.0000000000
11.1387755102 0.0000000000
11.1428571429 0.0000000000
11.1469387755 0.0000000000
11.1510204082 0.0000000000
11.1551020408 0.0000000000
11.1591836735 0.0000000000
11.1632653061 0.0000000000
11.1673469388 0.0000000000
11.1714285714 0.0000000000
11.1755102041 0.0000000000
11.1795918367 0.0000000000
11.1836734694 0.0000000000
11.1877551020 4.0916800499
11.1918367347 6.0542821884
11.1959183673 4.9088001251
11.2000000000 7.7366232872
11.2040816327 5.7926177979
11.2081632653 9.3265171051
11.2122448980 30.7081947327
11.2163265306 51.7265052795
11.2204081633 94.4391784668
11.2244897959 133.5460510254
11.2285714286 207.0809936523
11.2326530612 272.4199829102
11.2367346939 259.4550781250
11.2408163265 231.9925994873
11.2448979592 197.6758117676
11.2489795918 164.2164611816
11.2530612245 135.2619628906
11.2571428571 113.1163864136
11.2612244898 93.1696014404
11.2653061224 70.5503540039
11.2693877551 50.2122955322
11.2734693878 32.1415061951
11.2775510204 16.4647712708
11.2816326531 3.6500692368
11.2857142857 0.0000000000
11.2897959184 0.0000000000
11.2938775510 0.0000000000
11.2979591837 0.0000000000
11.3020408163 0.0000000000
11.3061224490 0.0000000000
11.3102040816 0.0000000000
11.3142857143 0.0000000000
11.3183673469 0.0000000000
11.3224489796 0.0000000000
11.3265306122 0.0000000000
11.3306122449 0.0000000000
11.3346938776 0.0000000000
11.3387755102 0.0000000000
11.3428571429 0.0000000000
11.3469387755 0.0000000000
11.3510204082 0.0000000000
11.3551020408 0.0000000000
11.3591836735 0.0000000000
11.3632653061 0.0000000000
11.3673469388 0.0000000000
11.3714285714 0.0000000000
11.3755102041 0.0000000000
11.3795918367 0.0000000000
11.3836734694 0.0000000000
11.3877551020 0.0000000000
11.3918367347 0.0000000000
11.3959183673 0.0000000000
11.4000000000 0.0000000000
11.4040816327 0.0000000000
11.4081632653 0.0000000000
11.4122448980 0.0000000000
11.4163265306 0.0000000000
11.4204081633 0.0000000000
11.4244897959 0.0000000000
11.4285714286 0.0000000000
11.4326530612 0.0000000000
11.4367346939 0.0000000000
11.4408163265 0.0000000000
11.4448979592 0.0000000000
11.4489795918 0.0000000000
11.4530612245 0.0000000000
11.4571428571 0.0000000000
11.4612244898 0.0000000000
11.4653061224 0.0000000000
11.4693877551 0.0000000000
11.4734693878 0.0000000000
11.4775510204 3.8865506649
11.4816326531 3.4880042076
11.4857142857 2.7377679348
11.4897959184 2.2629425526
11.4938775510 6.7328066826
11.4979591837 4.6434850693
11.5020408163 7.0908813477
11.5061224490 10.6765327454
11.5102040816 14.5405235291
11.5142857143 17.9434280396
11.5183673469 20.2820014954
11.5224489796 21.3130722046
11.5265306122 24.6530761719
11.5306122449 25.6365547180
11.5346938776 24.2183208466
11.5387755102 17.8311462402
11.5428571429 11.4942188263
11.5469387755 2.2867321968
11.5510204082 0.8594989777
11.5551020408 0.0000000000
11.5591836735 0.0000000000
11.5632653061 0.0000000000
11.5673469388 0.0000000000
11.5714285714 0.0000000000
11.5755102041 0.0000000000
11.5795918367 0.0000000000
11.5836734694 0.0000000000
11.5877551020 0.0000000000
11.5918367347 0.0000000000
11.5959183673 0.0000000000
11.6000000000 0.0000000000
11.6040816327 0.0000000000
11.6081632653 0.0000000000
11.6122448980 0.0000000000
11.6163265306 0.0000000000
11.6204081633 0.0000000000
11.6244897959 0.0000000000
11.6285714286 0.0000000000
11.6326530612 0.0000000000
11.6367346939 0.0000000000
11.6408163265 0.0000000000
11.6448979592 0.0000000000
11.6489795918 0.0000000000
11.6530612245 0.0000000000
11.6571428571 0.0000000000
11.6612244898 0.0000000000
11.6653061224 0.0000000000
11.6693877551 0.0000000000
11.6734693878 0.0000000000
11.6775510204 0.0000000000
11.6816326531 0.0000000000
11.6857142857 0.0000000000
11.6897959184 0.0000000000
11.6938775510 0.0000000000
11.6979591837 0.0000000000
11.7020408163 0.0000000000
11.7061224490 0.0000000000
11.7102040816 0.0000000000
11.7142857143 0.0000000000
11.7183673469 0.0000000000
11.7224489796 0.0000000000
11.7265306122 0.0000000000
11.7306122449 0.0000000000
11.7346938776 0.0000000000
11.7387755102 0.0000000000
11.7428571429 0.0000000000
11.7469387755 0.0000000000
11.7510204082 0.0000000000
11.7551020408 0.0000000000
11.7591836735 0.0000000000
11.7632653061 0.0000000000
11.7673469388 0.0000000000
11.7714285714 0.0000000000
11.7755102041 0.0000000000
11.7795918367 0.0000000000
11.7836734694 0.0000000000
11.7877551020 0.0000000000
11.7918367347 0.0000000000
11.7959183673 0.0000000000
11.8000000000 0.0000000000
11.8040816327 0.0000000000
11.8081632653 0.0000000000
11.8122448980 0.0000000000
11.8163265306 0.0000000000
11.8204081633 0.0000000000
11.8244897959 0.0000000000
11.8285714286 0.0000000000
11.8326530612 0.0000000000
11.8367346939 0.0000000000
11.8408163265 0.0000000000
11.8448979592 0.0000000000
11.8489795918 0.0000000000
11.8530612245 0.0000000000
11.8571428571 0.0000000000
11.8612244898 0.0000000000
11.8653061224 0.0000000000
11.8693877551 0.0000000000
11.8734693878 0.0000000000
11.8775510204 0.0000000000
11.8816326531 0.0000000000
11.8857142857 0.0000000000
11.8897959184 0.0000000000
11.8938775510 0.0000000000
11.8979591837 0.0000000000
11.9020408163 0.0000000000
11.9061224490 0.0000000000
11.9102040816 0.0000000000
11.9142857143 0.0000000000
11.9183673469 0.0000000000
11.9224489796 0.0000000000
11.9265306122 0.0000000000
11.9306122449 0.0000000000
11.9346938776 0.0000000000
11.9387755102 0.0000000000
11.9428571429 0.0000000000
11.9469387755 0.0000000000
11.9510204082 0.0000000000
11.9551020408 0.0000000000
11.9591836735 0.0000000000
11.9632653061 0.0000000000
11.9673469388 0.0000000000
11.9714285714 1.0747015476
11.9755102041 16.2772083282
11.9795918367 71.0926208496
11.9836734694 142.0449218750
11.9877551020 175.2104797363
11.9918367347 194.1292114258
11.9959183673 185.5935363770
12.0000000000 149.2492065430
12.0040816327 111.1993484497
12.0081632653 79.4527282715
12.0122448980 47.5782012939
12.0163265306 24.9619255066
12.0204081633 4.0891170502
12.0244897959 0.0000000000
12.0285714286 0.0000000000
12.0326530612 0.0000000000
12.0367346939 0.0000000000
12.0408163265 0.0000000000
12.0448979592 0.0000000000
12.0489795918 0.0000000000
12.0530612245 0.0000000000
12.0571428571 0.0000000000
12.0612244898 0.0000000000
12.0653061224 0.0000000000
12.0693877551 0.0000000000
12.0734693878 0.0000000000
12.0775510204 0.0000000000
12.0816326531 0.0000000000
12.0857142857 0.0000000000
12.0897959184 0.0000000000
12.0938775510 0.0000000000
12.0979591837 0.0000000000
12.1020408163 0.0000000000
12.1061224490 0.0000000000
12.1102040816 0.0000000000
12.1142857143 0.0000000000
12.1183673469 0.0000000000
12.1224489796 0.0000000000
12.1265306122 0.0000000000
12.1306122449 0.0000000000
12.1346938776 0.0000000000
12.1387755102 0.0000000000
12.1428571429 0.0000000000
12.1469387755 0.0000000000
12.1510204082 0.0000000000
12.1551020408 0.0000000000
12.1591836735 0.0000000000
12.1632653061 0.0000000000
12.1673469388 0.0000000000
12.1714285714 0.0000000000
12.1755102041 0.0000000000
12.1795918367 5.5057535172
12.1836734694 8.7543573380
12.1877551020 9.6406345367
12.1918367347 8.4983110428
12.1959183673 5.4743885994
12.2000000000 0.4363134503
12.2040816327 0.0000000000
12.2081632653 1.3917088509
12.2122448980 4.9892368317
12.2163265306 13.3681592941
12.2204081633 29.5569591522
12.2244897959 28.8543701172
12.2285714286 33.1513442993
12.2326530612 116.3493957520
12.2367346939 166.8804016113
12.2408163265 208.8545227051
12.2448979592 235.6306915283
12.2489795918 204.8255615234
12.2530612245 171.1591491699
12.2571428571 143.5336914062
12.2612244898 115.7017364502
12.2653061224 90.0657196045
12.2693877551 67.8334350586
12.2734693878 49.0890579224
12.2775510204 32.5488739014
12.2816326531 18.6474914551
12.2857142857 6.2030553818
12.2897959184 0.0000000000
12.2938775510 0.0000000000
12.2979591837 0.0000000000
12.3020408163 0.0000000000
12.3061224490 0.0000000000
12.3102040816 0.0000000000
12.3142857143 0.0000000000
12.3183673469 0.0000000000
12.3224489796 0.0000000000
12.3265306122 0.0000000000
12.3306122449 0.0000000000
12.3346938776 0.0000000000
12.3387755102 0.0000000000
12.3428571429 0.0000000000
12.3469387755 0.0000000000
12.3510204082 0.0000000000
12.3551020408 0.0000000000
12.3591836735 0.0000000000
12.3632653061 0.0000000000
12.3673469388 0.0000000000
12.3714285714 0.0000000000
12.3755102041 0.0000000000
12.3795918367 0.0000000000
12.3836734694 0.0000000000
12.3877551020 0.0000000000
12.3918367347 0.0000000000
12.3959183673 0.0000000000
12.4000000000 0.0000000000
12.4040816327 0.0000000000
12.4081632653 0.0000000000
12.4122448980 0.0000000000
12.4163265306 0.0000000000
12.4204081633 0.0000000000
12.4244897959 0.0000000000
12.4285714286 0.9405165911
12.4326530612 6.5937042236
12.4367346939 11.1821441650
12.4408163265 23.7928924561
12.4448979592 30.3992328644
12.4489795918 37.4088287354
12.4530612245 50.1500930786
12.4571428571 59.6696166992
12.4612244898 55.1636199951
12.4653061224 36.5211105347
12.4693877551 8.8620481491
12.4734693878 0.0000000000
12.4775510204 0.0000000000
12.4816326531 0.0000000000
12.4857142857 0.0000000000
12.4897959184 0.0000000000
12.4938775510 0.0000000000
12.4979591837 46.6572341919
12.5020408163 106.2629089355
12.5061224490 110.3593063354
12.5102040816 106.8159408569
12.5142857143 98.3263320923
12.5183673469 92.6745223999
12.5224489796 72.8888092041
12.5265306122 56.8702392578
12.5306122449 44.0064086914
12.5346938776 29.1404132843
12.5387755102 19.3737144470
12.5428571429 14.5187377930
12.5469387755 5.2597074509
12.5510204082 1.7639398575
12.5551020408 2.7282238007
12.5591836735 0.5191564560
12.5632653061 4.9401226044
12.5673469388 2.0094513893
12.5714285714 2.6319622993
12.5755102041 0.4326105118
12.5795918367 0.0000000000
12.5836734694 0.0000000000
12.5877551020 0.0000000000
12.5918367347 0.0000000000
12.5959183673 0.0000000000
12.6000000000 0.0000000000
12.6040816327 0.0000000000
12.6081632653 0.0000000000
12.6122448980 0.0000000000
12.6163265306 0.0000000000
12.6204081633 0.0000000000
12.6244897959 0.0000000000
12.6285714286 0.0000000000
12.6326530612 0.0000000000
12.6367346939 0.0000000000
12.6408163265 0.0000000000
12.6448979592 0.0000000000
12.6489795918 0.0000000000
12.6530612245 0.0000000000
12.6571428571 0.0000000000
12.6612244898 0.0000000000
12.6653061224 0.0000000000
12.6693877551 0.0000000000
12.6734693878 0.0000000000
12.6775510204 0.0000000000
12.6816326531 0.0000000000
12.6857142857 0.0000000000
12.6897959184 0.0000000000
12.6938775510 0.0000000000
12.6979591837 0.0000000000
12.7020408163 0.0000000000
12.7061224490 0.0000000000
12.7102040816 0.0000000000
12.7142857143 0.0000000000
12.7183673469 0.0000000000
12.7224489796 0.0000000000
12.7265306122 0.0000000000
12.7306122449 0.0000000000
12.7346938776 0.0000000000
12.7387755102 0.0000000000
12.7428571429 0.0000000000
12.7469387755 6.0403943062
12.7510204082 7.6361598969
12.7551020408 7.0013103485
12.7591836735 6.2564611435
12.7632653061 2.2756159306
12.7673469388 0.0000000000
12.7714285714 0.0000000000
12.7755102041 0.0000000000
12.7795918367 0.0000000000
12.7836734694 0.0000000000
12.7877551020 0.0000000000
12.7918367347 0.0000000000
12.7959183673 0.0000000000
12.8000000000 0.0000000000
12.8040816327 0.0000000000
12.8081632653 0.0000000000
12.8122448980 0.0000000000
12.8163265306 0.0000000000
12.8204081633 0.0000000000
12.8244897959 0.0000000000
12.8285714286 9.7615642548
12.8326530612 119.6945648193
12.8367346939 262.3717651367
12.8408163265 288.5363769531
12.8448979592 261.3937988281
12.8489795918 219.4956359863
12.8530612245 185.1739501953
12.8571428571 150.9634857178
12.8612244898 120.4460296631
12.8653061224 97.2797470093
12.8693877551 74.9097900391
12.8734693878 55.3533935547
12.8775510204 38.5746574402
12.8816326531 24.6158676147
12.8857142857 7.4802637100
12.8897959184 0.4186630249
12.8938775510 0.0000000000
12.8979591837 0.0000000000
12.9020408163 0.0000000000
12.9061224490 0.0000000000
12.9102040816 0.0000000000
12.9142857143 0.0000000000
12.9183673469 0.6672590971
12.9224489796 0.2461075783
12.9265306122 0.0000000000
12.9306122449 0.0000000000
12.9346938776 0.0000000000
12.9387755102 0.0000000000
12.9428571429 0.0000000000
12.9469387755 0.0000000000
12.9510204082 0.0000000000
12.9551020408 0.0000000000
12.9591836735 0.0000000000
12.9632653061 0.0000000000
12.9673469388 0.0000000000
12.9714285714 0.0000000000
12.9755102041 0.0000000000
12.9795918367 0.0000000000
12.9836734694 4.7436056137
12.9877551020 3.7518739700
12.9918367347 1.2951195240
12.9959183673 5.4034290314
13.0000000000 0.0000000000
13.0040816327 0.0000000000
13.0081632653 0.0000000000
13.0122448980 0.0000000000
13.0163265306 0.0000000000
13.0204081633 0.0000000000
13.0244897959 0.0000000000
13.0285714286 0.0000000000
13.0326530612 0.0000000000
13.0367346939 0.0000000000
13.0408163265 0.0000000000
13.0448979592 0.0000000000
13.0489795918 0.0000000000
13.0530612245 0.0000000000
13.0571428571 0.0000000000
13.0612244898 0.0000000000
13.0653061224 0.0000000000
13.0693877551 0.0000000000
13.0734693878 0.0000000000
13.0775510204 0.0000000000
13.0816326531 0.0000000000
13.0857142857 0.0000000000
13.0897959184 0.0000000000
13.0938775510 0.0000000000
13.0979591837 0.0000000000
13.1020408163 0.0000000000
13.1061224490 0.0000000000
13.1102040816 0.0000000000
13.1142857143 8.9883804321
13.1183673469 1.3669953346
13.1224489796 6.2779188156
13.1265306122 12.9675865173
13.1306122449 1.6660690308
13.1346938776 0.0000000000
13.1387755102 0.0000000000
13.1428571429 0.0000000000
13.1469387755 0.0000000000
13.1510204082 0.0000000000
13.1551020408 0.0000000000
13.1591836735 0.0000000000
13.1632653061 0.0000000000
13.1673469388 0.0000000000
13.1714285714 0.0000000000
13.1755102041 0.0000000000
13.1795918367 0.0000000000
13.1836734694 0.0000000000
13.1877551020 0.0000000000
13.1918367347 0.0000000000
13.1959183673 0.0000000000
13.2000000000 0.0000000000
13.2040816327 0.0000000000
13.2081632653 0.0000000000
13.2122448980 0.0000000000
13.2163265306 0.0000000000
13.2204081633 7.6219139099
13.2244897959 53.6639099121
13.2285714286 127.3646392822
13.2326530612 183.5642547607
13.2367346939 251.7015686035
13.2408163265 258.0892333984
13.2448979592 241.3344421387
13.2489795918 221.2082519531
13.2530612245 195.8527526855
13.2571428571 165.0233306885
13.2612244898 136.9532470703
13.2653061224 106.6881713867
13.2693877551 84.6102218628
13.2734693878 65.5359344482
13.2775510204 51.9409484863
13.2816326531 40.6913681030
13.2857142857 26.8889064789
13.2897959184 14.6841707230
13.2938775510 8.7045726776
13.2979591837 4.6991109848
13.3020408163 0.5593299866
13.3061224490 0.0000000000
13.3102040816 0.0000000000
13.3142857143 0.0000000000
13.3183673469 0.0000000000
13.3224489796 0.0000000000
13.3265306122 0.0000000000
13.3306122449 0.0000000000
13.3346938776 0.0000000000
13.3387755102 0.0000000000
13.3428571429 0.0000000000
13.3469387755 0.0000000000
13.3510204082 0.0000000000
13.3551020408 0.0000000000
13.3591836735 0.0000000000
13.3632653061 0.0000000000
13.3673469388 0.0000000000
13.3714285714 0.0000000000
13.3755102041 0.0000000000
13.3795918367 0.0000000000
13.3836734694 0.0000000000
13.3877551020 0.0000000000
13.3918367347 0.0000000000
13.3959183673 0.0000000000
13.4000000000 0.0000000000
13.4040816327 0.0000000000
13.4081632653 0.0000000000
13.4122448980 0.0000000000
13.4163265306 0.0000000000
13.4204081633 0.0000000000
13.4244897959 0.0000000000
13.4285714286 0.0000000000
13.4326530612 0.0000000000
13.4367346939 0.0000000000
13.4408163265 0.0000000000
13.4448979592 0.0000000000
13.4489795918 0.0000000000
13.4530612245 0.0000000000
13.4571428571 0.0000000000
13.4612244898 0.0000000000
13.4653061224 0.0000000000
13.4693877551 0.0000000000
13.4734693878 0.0000000000
13.4775510204 0.0000000000
13.4816326531 0.0000000000
13.4857142857 0.0000000000
13.4897959184 0.0000000000
13.4938775510 0.0000000000
13.4979591837 0.0000000000
13.5020408163 0.0000000000
13.5061224490 0.0000000000
13.5102040816 0.0000000000
13.5142857143 0.2142190933
13.5183673469 2.9869675636
13.5224489796 2.1861195564
13.5265306122 1.5259981155
13.5306122449 1.1335611343
13.5346938776 1.0269880295
13.5387755102 2.7877688408
13.5428571429 1.9816160202
13.5469387755 2.8685331345
13.5510204082 4.2575001717
13.5551020408 2.3660063744
13.5591836735 3.4169256687
13.5632653061 2.0207166672
13.5673469388 0.0000000000
13.5714285714 0.0000000000
13.5755102041 0.0000000000
13.5795918367 0.0000000000
13.5836734694 0.0000000000
13.5877551020 0.0000000000
13.5918367347 0.0000000000
13.5959183673 0.0000000000
13.6000000000 0.0000000000
13.6040816327 0.0000000000
13.6081632653 0.0000000000
13.6122448980 0.0000000000
13.6163265306 0.0000000000
13.6204081633 0.0000000000
13.6244897959 0.0000000000
13.6285714286 0.0000000000
13.6326530612 0.0000000000
13.6367346939 0.0000000000
13.6408163265 0.0000000000
13.6448979592 0.0000000000
13.6489795918 0.0000000000
13.6530612245 0.0000000000
13.6571428571 0.0000000000
13.6612244898 0.0000000000
13.6653061224 0.0000000000
13.6693877551 0.0000000000
13.6734693878 0.0000000000
13.6775510204 0.0000000000
13.6816326531 0.0000000000
13.6857142857 0.0000000000
13.6897959184 0.0000000000
13.6938775510 0.0000000000
13.6979591837 0.0000000000
13.7020408163 0.0000000000
13.7061224490 0.0000000000
13.7102040816 0.0000000000
13.7142857143 0.0000000000
13.7183673469 0.0000000000
13.7224489796 0.0000000000
13.7265306122 0.0000000000
13.7306122449 0.0000000000
13.7346938776 0.0000000000
13.7387755102 0.0000000000
13.7428571429 0.0000000000
13.7469387755 0.0000000000
13.7510204082 0.0000000000
13.7551020408 0.0000000000
13.7591836735 0.0000000000
13.7632653061 0.0000000000
13.7673469388 0.0000000000
13.7714285714 0.0000000000
13.7755102041 0.0000000000
13.7795918367 0.0000000000
13.7836734694 0.0000000000
13.7877551020 0.0000000000
13.7918367347 0.0000000000
13.7959183673 0.0000000000
13.8000000000 0.0000000000
13.8040816327 0.0000000000
13.8081632653 0.0000000000
13.8122448980 0.0000000000
13.8163265306 0.0000000000
13.8204081633 0.0000000000
13.8244897959 0.0000000000
13.8285714286 0.0000000000
13.8326530612 0.0000000000
13.8367346939 0.0000000000
13.8408163265 0.0000000000
13.8448979592 0.0000000000
13.8489795918 0.0000000000
13.8530612245 0.0000000000
13.8571428571 0.0000000000
13.8612244898 0.0000000000
13.8653061224 0.0000000000
13.8693877551 0.9595155716
13.8734693878 2.8793811798
13.8775510204 0.0000000000
13.8816326531 2.3904442787
13.8857142857 0.0000000000
13.8897959184 0.0000000000
13.8938775510 0.0530183315
13.8979591837 0.0000000000
13.9020408163 0.0000000000
13.9061224490 0.0000000000
13.9102040816 0.0000000000
13.9142857143 0.0000000000
13.9183673469 0.0000000000
13.9224489796 0.0000000000
13.9265306122 0.0000000000
13.9306122449 0.0000000000
13.9346938776 0.0000000000
13.9387755102 1.5971660614
13.9428571429 0.0902414322
13.9469387755 0.0000000000
13.9510204082 0.0000000000
13.9551020408 0.0000000000
13.9591836735 0.0000000000
13.9632653061 0.0000000000
13.9673469388 0.0000000000
13.9714285714 0.0000000000
13.9755102041 0.0000000000
13.9795918367 0.0000000000
13.9836734694 0.0000000000
13.9877551020 0.0000000000
13.9918367347 0.0000000000
13.9959183673 0.0000000000
14.0000000000 0.0000000000
14.0040816327 0.0534653664
14.0081632653 7.1165151596
14.0122448980 16.0080184937
14.0163265306 18.7073612213
14.0204081633 33.7055664062
14.0244897959 73.5396499634
14.0285714286 117.7922515869
14.0326530612 169.4018859863
14.0367346939 229.9529266357
14.0408163265 219.5477294922
14.0448979592 189.2167358398
14.0489795918 152.4155120850
14.0530612245 120.6320495605
14.0571428571 96.9593811035
14.0612244898 66.3456878662
14.0653061224 37.4511032104
14.0693877551 9.9041013718
14.0734693878 0.0000000000
14.0775510204 0.0000000000
14.0816326531 0.0000000000
14.0857142857 0.0000000000
14.0897959184 0.0000000000
14.0938775510 0.0000000000
14.0979591837 0.0000000000
14.1020408163 0.0000000000
14.1061224490 0.0000000000
14.1102040816 0.0000000000
14.1142857143 0.0000000000
14.1183673469 0.0000000000
14.1224489796 0.0000000000
14.1265306122 0.0000000000
14.1306122449 0.0000000000
14.1346938776 0.0000000000
14.1387755102 0.0000000000
14.1428571429 0.0000000000
14.1469387755 5.6255087852
14.1510204082 9.2418413162
14.1551020408 26.4839744568
14.1591836735 6.9007873535
14.1632653061 9.0062618256
14.1673469388 14.8741006851
14.1714285714 3.5127401352
14.1755102041 0.0000000000
14.1795918367 0.0000000000
14.1836734694 0.0000000000
14.1877551020 0.0000000000
14.1918367347 0.0000000000
14.1959183673 0.0000000000
14.2000000000 0.0000000000
14.2040816327 0.0000000000
14.2081632653 0.0000000000
14.2122448980 0.0000000000
14.2163265306 0.0000000000
14.2204081633 0.0000000000
14.2244897959 0.0000000000
14.2285714286 0.0000000000
14.2326530612 0.0000000000
14.2367346939 0.0000000000
14.2408163265 0.0000000000
14.2448979592 0.0000000000
14.2489795918 0.0000000000
14.2530612245 0.0000000000
14.2571428571 0.0000000000
14.2612244898 4.8244595528
14.2653061224 0.0000000000
14.2693877551 1.7235875130
14.2734693878 0.0000000000
14.2775510204 0.0000000000
14.2816326531 0.0000000000
14.2857142857 0.0000000000
14.2897959184 2.5348515511
14.2938775510 31.0088081360
14.2979591837 142.8110198975
14.3020408163 183.6319580078
14.3061224490 204.1488342285
14.3102040816 190.3007507324
14.3142857143 148.1532287598
14.3183673469 110.2320556641
14.3224489796 75.1259613037
14.3265306122 42.8098144531
14.3306122449 25.6638679504
14.3346938776 15.5761470795
14.3387755102 0.7202029228
14.3428571429 0.0000000000
14.3469387755 0.0000000000
14.3510204082 0.0000000000
14.3551020408 0.0000000000
14.3591836735 0.0000000000
14.3632653061 0.0000000000
14.3673469388 0.0000000000
14.3714285714 0.0000000000
14.3755102041 10.5451345444
14.3795918367 5.0514936447
14.3836734694 1.2775659561
14.3877551020 2.7201919556
14.3918367347 26.3305473328
14.3959183673 10.7857131958
14.4000000000 0.0000000000
14.4040816327 0.0000000000
14.4081632653 0.0000000000
14.4122448980 0.0000000000
14.4163265306 0.0000000000
14.4204081633 0.0000000000
14.4244897959 0.0000000000
14.4285714286 0.0000000000
14.4326530612 0.0000000000
14.4367346939 0.0000000000
14.4408163265 0.0000000000
14.4448979592 0.0000000000
14.4489795918 0.0000000000
14.4530612245 0.0000000000
14.4571428571 0.0000000000
14.4612244898 1.2965798378
14.4653061224 0.0000000000
14.4693877551 1.1659860611
14.4734693878 0.0000000000
14.4775510204 0.4285573959
14.4816326531 0.0000000000
14.4857142857 0.0000000000
14.4897959184 0.0000000000
14.4938775510 0.0000000000
14.4979591837 0.0000000000
14.5020408163 0.0000000000
14.5061224490 0.0000000000
14.5102040816 0.0000000000
14.5142857143 0.0000000000
14.5183673469 0.0000000000
14.5224489796 0.0000000000
14.5265306122 0.0000000000
14.5306122449 6.2544569969
14.5346938776 11.7759857178
14.5387755102 17.7095832825
14.5428571429 23.6397686005
14.5469387755 23.4050903320
14.5510204082 33.2331085205
14.5551020408 102.2188644409
14.5591836735 144.0649108887
14.5632653061 389.3466186523
14.5673469388 347.1135864258
14.5714285714 315.6948547363
14.5755102041 276.4511718750
14.5795918367 228.4600982666
14.5836734694 196.5555725098
14.5877551020 161.5214233398
14.5918367347 129.1122894287
14.5959183673 100.5626602173
14.6000000000 75.1581802368
14.6040816327 57.4392700195
14.6081632653 38.3513259888
14.6122448980 18.3919677734
14.6163265306 1.8429756165
14.6204081633 0.0000000000
14.6244897959 0.0000000000
14.6285714286 0.0000000000
14.6326530612 0.0000000000
14.6367346939 0.0000000000
14.6408163265 0.0000000000
14.6448979592 0.0000000000
14.6489795918 0.0000000000
14.6530612245 0.0000000000
14.6571428571 0.0000000000
14.6612244898 0.0000000000
14.6653061224 0.0000000000
14.6693877551 0.0000000000
14.6734693878 0.0000000000
14.6775510204 0.0000000000
14.6816326531 0.0000000000
14.6857142857 0.0000000000
14.6897959184 0.0000000000
14.6938775510 0.0000000000
14.6979591837 0.0000000000
14.7020408163 0.0000000000
14.7061224490 0.0000000000
14.7102040816 0.0000000000
14.7142857143 0.0000000000
14.7183673469 0.0000000000
14.7224489796 0.0000000000
14.7265306122 0.0000000000
14.7306122449 0.0000000000
14.7346938776 0.0000000000
14.7387755102 0.0000000000
14.7428571429 0.0000000000
14.7469387755 0.0000000000
14.7510204082 0.0000000000
14.7551020408 0.0000000000
14.7591836735 0.0000000000
14.7632653061 0.0000000000
14.7673469388 0.0000000000
14.7714285714 0.0000000000
14.7755102041 0.0000000000
14.7795918367 0.0000000000
14.7836734694 0.0000000000
14.7877551020 0.0000000000
14.7918367347 0.0000000000
14.7959183673 0.0000000000
14.8000000000 0.0000000000
14.8040816327 0.0000000000
14.8081632653 0.0000000000
14.8122448980 0.0000000000
14.8163265306 0.0000000000
14.8204081633 0.0000000000
14.8244897959 0.0000000000
14.8285714286 0.0000000000
14.8326530612 0.0000000000
14.8367346939 3.3127069473
14.8408163265 4.5991239548
14.8448979592 4.9346833229
14.8489795918 4.1167588234
14.8530612245 2.0050704479
14.8571428571 0.0000000000
14.8612244898 0.0000000000
14.8653061224 0.0000000000
14.8693877551 0.0000000000
14.8734693878 0.0000000000
14.8775510204 0.0000000000
14.8816326531 0.0000000000
14.8857142857 0.0000000000
14.8897959184 0.0000000000
14.8938775510 0.0000000000
14.8979591837 0.0000000000
14.9020408163 0.0000000000
14.9061224490 0.0000000000
14.9102040816 0.0000000000
14.9142857143 0.0000000000
14.9183673469 15.6281585693
14.9224489796 110.5036773682
14.9265306122 258.9600219727
14.9306122449 281.2068176270
14.9346938776 260.3828430176
14.9387755102 223.4040222168
14.9428571429 186.9469909668
14.9469387755 145.0002746582
14.9510204082 107.4698867798
14.9551020408 73.1960525513
14.9591836735 42.8515510559
14.9632653061 13.1174926758
14.9673469388 0.0000000000
14.9714285714 0.0000000000
14.9755102041 0.0000000000
