0.0040816327 98.1062011719
0.0081632653 113.6495208740
0.0122448980 113.5786590576
0.0163265306 92.0963745117
0.0204081633 70.9708328247
0.0244897959 63.1699409485
0.0285714286 52.1142196655
0.0326530612 37.6954536438
0.0367346939 27.9397964478
0.0408163265 15.2270793915
0.0448979592 10.6327533722
0.0489795918 9.3893108368
0.0530612245 10.0582838058
0.0571428571 11.5468502045
0.0612244898 8.9256763458
0.0653061224 0.0000000000
0.0693877551 0.0000000000
0.0734693878 0.0000000000
0.0775510204 0.0000000000
0.0816326531 0.0000000000
0.0857142857 0.0000000000
0.0897959184 0.0000000000
0.0938775510 0.0000000000
0.0979591837 0.0000000000
0.1020408163 0.0000000000
0.1061224490 0.0000000000
0.1102040816 0.0000000000
0.1142857143 0.0000000000
0.1183673469 0.0000000000
0.1224489796 0.0000000000
0.1265306122 0.0000000000
0.1306122449 0.0000000000
0.1346938776 0.0000000000
0.1387755102 0.0000000000
0.1428571429 0.0000000000
0.1469387755 0.0000000000
0.1510204082 0.0000000000
0.1551020408 0.0000000000
0.1591836735 0.0000000000
0.1632653061 0.0000000000
0.1673469388 0.0000000000
0.1714285714 0.0000000000
0.1755102041 0.0000000000
0.1795918367 0.0000000000
0.1836734694 0.0000000000
0.1877551020 0.0000000000
0.1918367347 0.0000000000
0.1959183673 0.0000000000
0.2000000000 0.0000000000
0.2040816327 0.0000000000
0.2081632653 0.0000000000
0.2122448980 0.0000000000
0.2163265306 0.0000000000
0.2204081633 0.0000000000
0.2244897959 0.0000000000
0.2285714286 13.6718750000
0.2326530612 37.4543685913
0.2367346939 78.7508239746
0.2408163265 115.0526733398
0.2448979592 116.3072586060
0.2489795918 99.6759796143
0.2530612245 71.8839263916
0.2571428571 45.8589553833
0.2612244898 29.0279979706
0.2653061224 9.5809698105
0.2693877551 0.0000000000
0.2734693878 0.0000000000
0.2775510204 0.0000000000
0.2816326531 0.0000000000
0.2857142857 0.0000000000
0.2897959184 0.0000000000
0.2938775510 0.0000000000
0.2979591837 0.0000000000
0.3020408163 0.0000000000
0.3061224490 0.0000000000
0.3102040816 0.0000000000
0.3142857143 0.0000000000
0.3183673469 0.0000000000
0.3224489796 0.0000000000
0.3265306122 0.0000000000
0.3306122449 0.0000000000
0.3346938776 0.0000000000
0.3387755102 0.0000000000
0.3428571429 0.0000000000
0.3469387755 0.0000000000
0.3510204082 0.0000000000
0.3551020408 0.0000000000
0.3591836735 0.0000000000
0.3632653061 0.0000000000
0.3673469388 0.0000000000
0.3714285714 0.0000000000
0.3755102041 0.0000000000
0.3795918367 0.0000000000
0.3836734694 0.0000000000
0.3877551020 0.0000000000
0.3918367347 0.0000000000
0.3959183673 0.0000000000
0.4000000000 0.0000000000
0.4040816327 0.0000000000
0.4081632653 0.0000000000
0.4122448980 0.0000000000
0.4163265306 0.0000000000
0.4204081633 0.0000000000
0.4244897959 1.1270046234
0.4285714286 8.3478689194
0.4326530612 16.1985168457
0.4367346939 24.9536628723
0.4408163265 24.9589080811
0.4448979592 16.7831783295
0.4489795918 7.3383450508
0.4530612245 5.2661895752
0.4571428571 4.0422677994
0.4612244898 0.0000000000
0.4653061224 0.0000000000
0.4693877551 0.0000000000
0.4734693878 0.0000000000
0.4775510204 0.0000000000
0.4816326531 0.0000000000
0.4857142857 0.0000000000
0.4897959184 0.0000000000
0.4938775510 0.0000000000
0.4979591837 0.0000000000
0.5020408163 0.0000000000
0.5061224490 0.0000000000
0.5102040816 0.0000000000
0.5142857143 0.0000000000
0.5183673469 0.0000000000
0.5224489796 0.0000000000
0.5265306122 0.0000000000
0.5306122449 0.0000000000
0.5346938776 0.0000000000
0.5387755102 0.0000000000
0.5428571429 0.0000000000
0.5469387755 0.0000000000
0.5510204082 0.0000000000
0.5551020408 0.0000000000
0.5591836735 0.0000000000
0.5632653061 0.0000000000
0.5673469388 0.0000000000
0.5714285714 0.0000000000
0.5755102041 0.0000000000
0.5795918367 0.0000000000
0.5836734694 0.0000000000
0.5877551020 0.0000000000
0.5918367347 0.0000000000
0.5959183673 0.0000000000
0.6000000000 0.0000000000
0.6040816327 0.0000000000
0.6081632653 0.0487565994
0.6122448980 0.4836469889
0.6163265306 2.7244091034
0.6204081633 0.4408359528
0.6244897959 1.6508102417
0.6285714286 7.6224803925
0.6326530612 12.0728912354
0.6367346939 19.8302421570
0.6408163265 37.9462242126
0.6448979592 46.7875595093
0.6489795918 50.5062942505
0.6530612245 49.4074249268
0.6571428571 43.4937477112
0.6612244898 37.1568222046
0.6653061224 42.6163673401
0.6693877551 48.4263916016
0.6734693878 39.7452850342
0.6775510204 28.5187950134
0.6816326531 23.8240356445
0.6857142857 15.5476627350
0.6897959184 3.0675232410
0.6938775510 0.0000000000
0.6979591837 0.0000000000
0.7020408163 0.0000000000
0.7061224490 0.0000000000
0.7102040816 0.0000000000
0.7142857143 0.0000000000
0.7183673469 0.0000000000
0.7224489796 0.0000000000
0.7265306122 0.0000000000
0.7306122449 0.0000000000
0.7346938776 0.0000000000
0.7387755102 0.0000000000
0.7428571429 0.0000000000
0.7469387755 0.0000000000
0.7510204082 0.0000000000
0.7551020408 0.0000000000
0.7591836735 0.0000000000
0.7632653061 0.0000000000
0.7673469388 0.0000000000
0.7714285714 0.0000000000
0.7755102041 0.0000000000
0.7795918367 0.0000000000
0.7836734694 0.0000000000
0.7877551020 0.0000000000
0.7918367347 0.0000000000
0.7959183673 0.0000000000
0.8000000000 0.0000000000
0.8040816327 0.0000000000
0.8081632653 6.5699815750
0.8122448980 40.2768020630
0.8163265306 87.8545074463
0.8204081633 124.5299758911
0.8244897959 135.3606262207
0.8285714286 139.4515991211
0.8326530612 117.0947570801
0.8367346939 89.4019699097
0.8408163265 58.9275512695
0.8448979592 31.8128929138
0.8489795918 5.3005070686
0.8530612245 0.0000000000
0.8571428571 0.0000000000
0.8612244898 0.0000000000
0.8653061224 0.0000000000
0.8693877551 0.0000000000
0.8734693878 0.0000000000
0.8775510204 0.0000000000
0.8816326531 0.0000000000
0.8857142857 0.0000000000
0.8897959184 0.0000000000
0.8938775510 0.0000000000
0.8979591837 0.0000000000
0.9020408163 0.0000000000
0.9061224490 0.0000000000
0.9102040816 0.0000000000
0.9142857143 0.0000000000
0.9183673469 0.0000000000
0.9224489796 0.0000000000
0.9265306122 0.0000000000
0.9306122449 0.0000000000
0.9346938776 2.6142597198
0.9387755102 3.9653778076
0.9428571429 0.9166002274
0.9469387755 0.0000000000
0.9510204082 0.0000000000
0.9551020408 0.0000000000
0.9591836735 0.0000000000
0.9632653061 0.0000000000
0.9673469388 0.0000000000
0.9714285714 0.0000000000
0.9755102041 0.0000000000
0.9795918367 0.0000000000
0.9836734694 0.0000000000
0.9877551020 0.0000000000
0.9918367347 0.0000000000
0.9959183673 0.0000000000
1.0000000000 0.0000000000
1.0040816327 0.0000000000
1.0081632653 0.0000000000
1.0122448980 0.0000000000
1.0163265306 0.0000000000
1.0204081633 0.0000000000
1.0244897959 0.0000000000
1.0285714286 0.0000000000
1.0326530612 0.0000000000
1.0367346939 0.0000000000
1.0408163265 0.0000000000
1.0448979592 0.0000000000
1.0489795918 0.0000000000
1.0530612245 0.0000000000
1.0571428571 0.0000000000
1.0612244898 0.0000000000
1.0653061224 0.0000000000
1.0693877551 0.0000000000
1.0734693878 0.0000000000
1.0775510204 0.0000000000
1.0816326531 0.5980730057
1.0857142857 2.1248459816
1.0897959184 2.1555423737
1.0938775510 2.5049970150
1.0979591837 1.9304156303
1.1020408163 3.1286404133
1.1061224490 2.8389170170
1.1102040816 7.2095246315
1.1142857143 4.3925123215
1.1183673469 2.3877024651
1.1224489796 0.0000000000
1.1265306122 6.2413215637
1.1306122449 9.9906921387
1.1346938776 25.1288414001
1.1387755102 52.8652343750
1.1428571429 85.7100830078
1.1469387755 165.7626800537
1.1510204082 207.6223602295
1.1551020408 187.7732696533
1.1591836735 170.8668823242
1.1632653061 148.0227050781
1.1673469388 142.3618774414
1.1714285714 126.2142791748
1.1755102041 104.9247970581
1.1795918367 85.8279418945
1.1836734694 67.5423126221
1.1877551020 58.0711975098
1.1918367347 46.8745231628
1.1959183673 27.7403602600
1.2000000000 7.6502561569
1.2040816327 0.5803108215
1.2081632653 0.0000000000
1.2122448980 0.0000000000
1.2163265306 0.0000000000
1.2204081633 0.0000000000
1.2244897959 0.0000000000
1.2285714286 0.0000000000
1.2326530612 0.0000000000
1.2367346939 0.0000000000
1.2408163265 0.7443428040
1.2448979592 5.1197409630
1.2489795918 9.7532272339
1.2530612245 22.2994842529
1.2571428571 22.5307941437
1.2612244898 18.3166122437
1.2653061224 10.2535343170
1.2693877551 0.0000000000
1.2734693878 0.0000000000
1.2775510204 0.0000000000
1.2816326531 0.0000000000
1.2857142857 0.0000000000
1.2897959184 0.0000000000
1.2938775510 0.0000000000
1.2979591837 0.0000000000
1.3020408163 0.0000000000
1.3061224490 0.0000000000
1.3102040816 0.0000000000
1.3142857143 0.0000000000
1.3183673469 0.0000000000
1.3224489796 0.0000000000
1.3265306122 0.0000000000
1.3306122449 0.0000000000
1.3346938776 0.0000000000
1.3387755102 0.0000000000
1.3428571429 0.0000000000
1.3469387755 0.0000000000
1.3510204082 0.0000000000
1.3551020408 0.0000000000
1.3591836735 0.0000000000
1.3632653061 0.0000000000
1.3673469388 0.0000000000
1.3714285714 0.0000000000
1.3755102041 0.0000000000
1.3795918367 0.0000000000
1.3836734694 0.0000000000
1.3877551020 0.0000000000
1.3918367347 0.0000000000
1.3959183673 0.0000000000
1.4000000000 0.0000000000
1.4040816327 1.1181831360
1.4081632653 2.8788895607
1.4122448980 3.0357763767
1.4163265306 0.0000000000
1.4204081633 3.3995807171
1.4244897959 1.9166469574
1.4285714286 0.1368522644
1.4326530612 0.0000000000
1.4367346939 0.0000000000
1.4408163265 0.0000000000
1.4448979592 0.0000000000
1.4489795918 0.0000000000
1.4530612245 0.0000000000
1.4571428571 0.0000000000
1.4612244898 0.0000000000
1.4653061224 0.0000000000
1.4693877551 0.0000000000
1.4734693878 0.0000000000
1.4775510204 0.0000000000
1.4816326531 0.0000000000
1.4857142857 0.0000000000
1.4897959184 0.0000000000
1.4938775510 0.0000000000
1.4979591837 0.0000000000
1.5020408163 0.0000000000
1.5061224490 0.0000000000
1.5102040816 0.0000000000
1.5142857143 0.0000000000
1.5183673469 0.0000000000
1.5224489796 0.0000000000
1.5265306122 0.5964189768
1.5306122449 2.0105094910
1.5346938776 1.9705295563
1.5387755102 1.7451047897
1.5428571429 1.3387203217
1.5469387755 0.0000000000
1.5510204082 0.0000000000
1.5551020408 0.0000000000
1.5591836735 0.0000000000
1.5632653061 0.0000000000
1.5673469388 0.0000000000
1.5714285714 0.0000000000
1.5755102041 0.0000000000
1.5795918367 0.0000000000
1.5836734694 1.8355846405
1.5877551020 1.2398958206
1.5918367347 0.0000000000
1.5959183673 0.0000000000
1.6000000000 0.0000000000
1.6040816327 0.0000000000
1.6081632653 0.0000000000
1.6122448980 0.0000000000
1.6163265306 0.0000000000
1.6204081633 0.0000000000
1.6244897959 0.0000000000
1.6285714286 0.0000000000
1.6326530612 1.2837350368
1.6367346939 5.0285534859
1.6408163265 15.5149850845
1.6448979592 22.2048530579
1.6489795918 28.9284820557
1.6530612245 31.1614036560
1.6571428571 29.6975383759
1.6612244898 22.5308246613
1.6653061224 17.5450439453
1.6693877551 5.9649200439
1.6734693878 0.0000000000
1.6775510204 0.0000000000
1.6816326531 0.0000000000
1.6857142857 0.0000000000
1.6897959184 0.0000000000
1.6938775510 0.0000000000
1.6979591837 0.0000000000
1.7020408163 0.0000000000
1.7061224490 0.0000000000
1.7102040816 0.0000000000
1.7142857143 0.0000000000
1.7183673469 0.0000000000
1.7224489796 0.0000000000
1.7265306122 0.0000000000
1.7306122449 0.0000000000
1.7346938776 0.0000000000
1.7387755102 0.0000000000
1.7428571429 0.0000000000
1.7469387755 0.0000000000
1.7510204082 0.0000000000
1.7551020408 0.0000000000
1.7591836735 0.0000000000
1.7632653061 0.0000000000
1.7673469388 0.0000000000
1.7714285714 0.0000000000
1.7755102041 0.0000000000
1.7795918367 0.0000000000
1.7836734694 0.0000000000
1.7877551020 0.0000000000
1.7918367347 0.0000000000
1.7959183673 0.0000000000
1.8000000000 0.0000000000
1.8040816327 0.0000000000
1.8081632653 0.0000000000
1.8122448980 0.0000000000
1.8163265306 0.0000000000
1.8204081633 0.0000000000
1.8244897959 0.0143051147
1.8285714286 4.0693283081
1.8326530612 15.1766538620
1.8367346939 28.6914710999
1.8408163265 42.9506301880
1.8448979592 47.3366394043
1.8489795918 44.7577247620
1.8530612245 43.1945915222
1.8571428571 29.4013023376
1.8612244898 10.7297897339
1.8653061224 1.1769831181
1.8693877551 0.0000000000
1.8734693878 0.0000000000
1.8775510204 0.0000000000
1.8816326531 0.0000000000
1.8857142857 0.0000000000
1.8897959184 0.0000000000
1.8938775510 0.0000000000
1.8979591837 0.0000000000
1.9020408163 0.0000000000
1.9061224490 0.0000000000
1.9102040816 0.0000000000
1.9142857143 0.0000000000
1.9183673469 0.0000000000
1.9224489796 0.0000000000
1.9265306122 0.0000000000
1.9306122449 0.0000000000
1.9346938776 0.0000000000
1.9387755102 0.0000000000
1.9428571429 0.0000000000
1.9469387755 0.0000000000
1.9510204082 0.0000000000
1.9551020408 0.0000000000
1.9591836735 0.0000000000
1.9632653061 0.0000000000
1.9673469388 0.9978413582
1.9714285714 5.3922834396
1.9755102041 19.9547271729
1.9795918367 80.0504379272
1.9836734694 118.4673614502
1.9877551020 150.5922088623
1.9918367347 204.0461273193
1.9959183673 237.4061279297
2.0000000000 211.8801879883
2.0040816327 185.3361663818
2.0081632653 164.6519165039
2.0122448980 142.0794982910
2.0163265306 116.6808013916
2.0204081633 94.5308227539
2.0244897959 71.1889266968
2.0285714286 49.0725021362
2.0326530612 31.1946868896
2.0367346939 15.9464473724
2.0408163265 4.9922466278
2.0448979592 1.3110637665
2.0489795918 0.0000000000
2.0530612245 0.0000000000
2.0571428571 0.0000000000
2.0612244898 0.0000000000
2.0653061224 0.0000000000
2.0693877551 0.0000000000
2.0734693878 0.0000000000
2.0775510204 0.0000000000
2.0816326531 0.0000000000
2.0857142857 0.0000000000
2.0897959184 0.0000000000
2.0938775510 1.4144182205
2.0979591837 4.0599703789
2.1020408163 1.5962123871
2.1061224490 0.0000000000
2.1102040816 0.0000000000
2.1142857143 0.0000000000
2.1183673469 0.0000000000
2.1224489796 0.0000000000
2.1265306122 0.0000000000
2.1306122449 0.0000000000
2.1346938776 0.0000000000
2.1387755102 0.0000000000
2.1428571429 0.0000000000
2.1469387755 0.0000000000
2.1510204082 0.0000000000
2.1551020408 0.0000000000
2.1591836735 0.0000000000
2.1632653061 0.0000000000
2.1673469388 0.0000000000
2.1714285714 0.0000000000
2.1755102041 0.0000000000
2.1795918367 0.0000000000
2.1836734694 0.0000000000
2.1877551020 0.0000000000
2.1918367347 0.0000000000
2.1959183673 0.0000000000
2.2000000000 0.0000000000
2.2040816327 0.3927946091
2.2081632653 0.6738901138
2.2122448980 0.0000000000
2.2163265306 0.0000000000
2.2204081633 0.0000000000
2.2244897959 0.0000000000
2.2285714286 0.0000000000
2.2326530612 0.0000000000
2.2367346939 0.0000000000
2.2408163265 0.0127255917
2.2448979592 2.2552311420
2.2489795918 8.8117122650
2.2530612245 12.7764940262
2.2571428571 16.0820484161
2.2612244898 15.0477886200
2.2653061224 10.8022985458
2.2693877551 6.0989632607
2.2734693878 0.0000000000
2.2775510204 0.0000000000
2.2816326531 0.0000000000
2.2857142857 0.0000000000
2.2897959184 0.0000000000
2.2938775510 0.0000000000
2.2979591837 0.0000000000
2.3020408163 0.0000000000
2.3061224490 0.0000000000
2.3102040816 0.0000000000
2.3142857143 0.0000000000
2.3183673469 0.0000000000
2.3224489796 0.0000000000
2.3265306122 0.0000000000
2.3306122449 0.0000000000
2.3346938776 0.0000000000
2.3387755102 0.0000000000
2.3428571429 0.0000000000
2.3469387755 0.0000000000
2.3510204082 0.0000000000
2.3551020408 0.0000000000
2.3591836735 0.0000000000
2.3632653061 0.0000000000
2.3673469388 0.0000000000
2.3714285714 0.0000000000
2.3755102041 0.0000000000
2.3795918367 0.0000000000
2.3836734694 0.0000000000
2.3877551020 0.0000000000
2.3918367347 0.0000000000
2.3959183673 0.0000000000
2.4000000000 0.0000000000
2.4040816327 0.0000000000
2.4081632653 0.0000000000
2.4122448980 0.4527568817
2.4163265306 0.0000000000
2.4204081633 0.0000000000
2.4244897959 0.0000000000
2.4285714286 1.6922801733
2.4326530612 4.6358404160
2.4367346939 12.7172021866
2.4408163265 20.9806785583
2.4448979592 29.1242828369
2.4489795918 34.1855545044
2.4530612245 39.7023773193
2.4571428571 51.6093063354
2.4612244898 38.4248886108
2.4653061224 20.3663215637
2.4693877551 4.3983716965
2.4734693878 0.0000000000
2.4775510204 0.0000000000
2.4816326531 0.0000000000
2.4857142857 0.0000000000
2.4897959184 0.0000000000
2.4938775510 0.0000000000
2.4979591837 0.0000000000
2.5020408163 0.0000000000
2.5061224490 0.0000000000
2.5102040816 0.0000000000
2.5142857143 0.0000000000
2.5183673469 0.0000000000
2.5224489796 0.0000000000
2.5265306122 0.0000000000
2.5306122449 0.0000000000
2.5346938776 0.0000000000
2.5387755102 0.0000000000
2.5428571429 0.0000000000
2.5469387755 0.0000000000
2.5510204082 0.0000000000
2.5551020408 0.0000000000
2.5591836735 0.0000000000
2.5632653061 0.0000000000
2.5673469388 0.0000000000
2.5714285714 0.0000000000
2.5755102041 0.0000000000
2.5795918367 0.0000000000
2.5836734694 0.0000000000
2.5877551020 0.0000000000
2.5918367347 0.0000000000
2.5959183673 0.0000000000
2.6000000000 0.0000000000
2.6040816327 0.0000000000
2.6081632653 0.0000000000
2.6122448980 0.0000000000
2.6163265306 0.0000000000
2.6204081633 0.0000000000
2.6244897959 0.0000000000
2.6285714286 0.0000000000
2.6326530612 0.0000000000
2.6367346939 0.0000000000
2.6408163265 0.0000000000
2.6448979592 0.0000000000
2.6489795918 0.0000000000
2.6530612245 0.0000000000
2.6571428571 0.0000000000
2.6612244898 0.0000000000
2.6653061224 0.0000000000
2.6693877551 0.0000000000
2.6734693878 1.2023001909
2.6775510204 0.0000000000
2.6816326531 0.0000000000
2.6857142857 0.1318454742
2.6897959184 0.1097321510
2.6938775510 0.0000000000
2.6979591837 0.0000000000
2.7020408163 0.0000000000
2.7061224490 0.0000000000
2.7102040816 0.0000000000
2.7142857143 0.0000000000
2.7183673469 0.0000000000
2.7224489796 0.0000000000
2.7265306122 0.0000000000
2.7306122449 0.0000000000
2.7346938776 0.0000000000
2.7387755102 0.0000000000
2.7428571429 0.0000000000
2.7469387755 0.0000000000
2.7510204082 0.0000000000
2.7551020408 0.0000000000
2.7591836735 0.0000000000
2.7632653061 0.4184767604
2.7673469388 0.0087097287
2.7714285714 0.0000000000
2.7755102041 0.0000000000
2.7795918367 0.0000000000
2.7836734694 0.0000000000
2.7877551020 0.0000000000
2.7918367347 0.0000000000
2.7959183673 0.0000000000
2.8000000000 0.0000000000
2.8040816327 0.0000000000
2.8081632653 0.0000000000
2.8122448980 0.4151463509
2.8163265306 0.0000000000
2.8204081633 2.0104050636
2.8244897959 1.9501149654
2.8285714286 0.0000000000
2.8326530612 0.0000000000
2.8367346939 0.0000000000
2.8408163265 0.6756484509
2.8448979592 14.5003719330
2.8489795918 27.5989608765
2.8530612245 55.5039482117
2.8571428571 85.7443695068
2.8612244898 100.9519195557
2.8653061224 109.2073974609
2.8693877551 97.9456939697
2.8734693878 71.8306503296
2.8775510204 46.8299255371
2.8816326531 20.1040267944
2.8857142857 2.9516220093
2.8897959184 0.0000000000
2.8938775510 0.0000000000
2.8979591837 0.0000000000
2.9020408163 0.0000000000
2.9061224490 0.0000000000
2.9102040816 0.0000000000
2.9142857143 0.0000000000
2.9183673469 0.0000000000
2.9224489796 0.0000000000
2.9265306122 0.0000000000
2.9306122449 0.0000000000
2.9346938776 0.0000000000
2.9387755102 0.0000000000
2.9428571429 0.0000000000
2.9469387755 0.0000000000
2.9510204082 0.0000000000
2.9551020408 0.0000000000
2.9591836735 0.0000000000
2.9632653061 0.9971857071
2.9673469388 1.5466809273
2.9714285714 0.0000000000
2.9755102041 1.8844090700
2.9795918367 0.6600568891
2.9836734694 0.1427645981
2.9877551020 0.0000000000
2.9918367347 0.0000000000
2.9959183673 0.0000000000
3.0000000000 0.0000000000
3.0040816327 0.0000000000
3.0081632653 0.0000000000
3.0122448980 0.0000000000
3.0163265306 0.0000000000
3.0204081633 0.0000000000
3.0244897959 0.0000000000
3.0285714286 0.0000000000
3.0326530612 0.0000000000
3.0367346939 0.0000000000
3.0408163265 0.0000000000
3.0448979592 0.0000000000
3.0489795918 0.0000000000
3.0530612245 0.0000000000
3.0571428571 0.0000000000
3.0612244898 0.0000000000
3.0653061224 0.0000000000
3.0693877551 0.0000000000
3.0734693878 0.0000000000
3.0775510204 0.0000000000
3.0816326531 0.0000000000
3.0857142857 0.0000000000
3.0897959184 0.0000000000
3.0938775510 0.0000000000
3.0979591837 0.0000000000
3.1020408163 0.0000000000
3.1061224490 0.0000000000
3.1102040816 0.0000000000
3.1142857143 0.0000000000
3.1183673469 0.0000000000
3.1224489796 0.0000000000
3.1265306122 0.0000000000
3.1306122449 0.0000000000
3.1346938776 0.0000000000
3.1387755102 0.0000000000
3.1428571429 0.0000000000
3.1469387755 0.0000000000
3.1510204082 0.0000000000
3.1551020408 4.4863891602
3.1591836735 14.8843631744
3.1632653061 18.8926620483
3.1673469388 12.9096317291
3.1714285714 5.2593908310
3.1755102041 0.6189346313
3.1795918367 0.0000000000
3.1836734694 0.0000000000
3.1877551020 1.2702643871
3.1918367347 3.5222768784
3.1959183673 2.8132052422
3.2000000000 4.9246253967
3.2040816327 2.2908449173
3.2081632653 2.0365715027
3.2122448980 7.4120759964
3.2163265306 18.7508087158
3.2204081633 45.5717086792
3.2244897959 69.6549224854
3.2285714286 88.4336090088
3.2326530612 89.0477294922
3.2367346939 88.5488128662
3.2408163265 101.1927185059
3.2448979592 94.8468475342
3.2489795918 91.0301055908
3.2530612245 73.1331939697
3.2571428571 57.7254295349
3.2612244898 47.0209121704
3.2653061224 34.2564277649
3.2693877551 22.7183113098
3.2734693878 4.1415395737
3.2775510204 0.0000000000
3.2816326531 0.0000000000
3.2857142857 0.0000000000
3.2897959184 0.0000000000
3.2938775510 0.0000000000
3.2979591837 0.0000000000
3.3020408163 0.0000000000
3.3061224490 0.0000000000
3.3102040816 0.0000000000
3.3142857143 0.0000000000
3.3183673469 0.0000000000
3.3224489796 0.0000000000
3.3265306122 0.0000000000
3.3306122449 0.0000000000
3.3346938776 0.0000000000
3.3387755102 0.0000000000
3.3428571429 0.0000000000
3.3469387755 0.0000000000
3.3510204082 0.0000000000
3.3551020408 0.0000000000
3.3591836735 0.0000000000
3.3632653061 0.0000000000
3.3673469388 0.0000000000
3.3714285714 0.0000000000
3.3755102041 0.9812712669
3.3795918367 2.8022527695
3.3836734694 4.9264431000
3.3877551020 3.0168294907
3.3918367347 0.0000000000
3.3959183673 0.0000000000
3.4000000000 0.0000000000
3.4040816327 0.0000000000
3.4081632653 0.0000000000
3.4122448980 0.0000000000
3.4163265306 0.1463890076
3.4204081633 0.0000000000
3.4244897959 0.0000000000
3.4285714286 4.4101476669
3.4326530612 13.1796522141
3.4367346939 36.9929389954
3.4408163265 38.0039215088
3.4448979592 34.1411819458
3.4489795918 49.0054779053
3.4530612245 84.6847305298
3.4571428571 107.3820037842
3.4612244898 107.5437622070
3.4653061224 83.9988555908
3.4693877551 54.2423133850
3.4734693878 25.9777374268
3.4775510204 7.0940852165
3.4816326531 0.0000000000
3.4857142857 0.0000000000
3.4897959184 0.0000000000
3.4938775510 0.0000000000
3.4979591837 0.0000000000
3.5020408163 0.0000000000
3.5061224490 0.0000000000
3.5102040816 0.0000000000
3.5142857143 0.0000000000
3.5183673469 0.0000000000
3.5224489796 0.0000000000
3.5265306122 0.0000000000
3.5306122449 0.0000000000
3.5346938776 0.0000000000
3.5387755102 0.0000000000
3.5428571429 0.8045434952
3.5469387755 0.0000000000
3.5510204082 0.0000000000
3.5551020408 0.0000000000
3.5591836735 0.0000000000
3.5632653061 0.0000000000
3.5673469388 0.0000000000
3.5714285714 0.0000000000
3.5755102041 0.0000000000
3.5795918367 0.0000000000
3.5836734694 0.0000000000
3.5877551020 0.0000000000
3.5918367347 0.0000000000
3.5959183673 0.7795095444
3.6000000000 0.0000000000
3.6040816327 0.3730058670
3.6081632653 0.1355409622
3.6122448980 0.0000000000
3.6163265306 0.0000000000
3.6204081633 0.0000000000
3.6244897959 0.0000000000
3.6285714286 0.0000000000
3.6326530612 0.0000000000
3.6367346939 0.0000000000
3.6408163265 2.6059448719
3.6448979592 7.3985757828
3.6489795918 5.7332515717
3.6530612245 6.9956779480
3.6571428571 9.5725355148
3.6612244898 1.1093616486
3.6653061224 0.0000000000
3.6693877551 0.0000000000
3.6734693878 0.0000000000
3.6775510204 0.0000000000
3.6816326531 0.0000000000
3.6857142857 0.0000000000
3.6897959184 0.0000000000
3.6938775510 0.0000000000
3.6979591837 0.0000000000
3.7020408163 0.0000000000
3.7061224490 0.0000000000
3.7102040816 0.0000000000
3.7142857143 0.0000000000
3.7183673469 0.0000000000
3.7224489796 0.0000000000
3.7265306122 0.0000000000
3.7306122449 0.0000000000
3.7346938776 0.5511045456
3.7387755102 1.5406608582
3.7428571429 0.9275674820
3.7469387755 0.0000000000
3.7510204082 0.0000000000
3.7551020408 0.0000000000
3.7591836735 0.0000000000
3.7632653061 0.0000000000
3.7673469388 0.1192986965
3.7714285714 0.7730051875
3.7755102041 0.3988444805
3.7795918367 1.5450716019
3.7836734694 0.0000000000
3.7877551020 0.0000000000
3.7918367347 0.0000000000
3.7959183673 0.0000000000
3.8000000000 0.0000000000
3.8040816327 0.0000000000
3.8081632653 0.0000000000
3.8122448980 0.0000000000
3.8163265306 0.0000000000
3.8204081633 0.9624958038
3.8244897959 2.1193623543
3.8285714286 3.7733316422
3.8326530612 5.1726102829
3.8367346939 8.5064172745
3.8408163265 19.7547683716
3.8448979592 35.5095481873
3.8489795918 51.6520767212
3.8530612245 77.9877929688
3.8571428571 95.5117950439
3.8612244898 99.6090164185
3.8653061224 86.4725875854
3.8693877551 68.0622100830
3.8734693878 40.4912528992
3.8775510204 15.8122482300
3.8816326531 0.0000000000
3.8857142857 0.0000000000
3.8897959184 0.0000000000
3.8938775510 0.0000000000
3.8979591837 0.0000000000
3.9020408163 0.0000000000
3.9061224490 0.0000000000
3.9102040816 0.0000000000
3.9142857143 0.0000000000
3.9183673469 4.2241215706
3.9224489796 14.7402439117
3.9265306122 15.0984230042
3.9306122449 19.0614013672
3.9346938776 32.1373939514
3.9387755102 45.7226943970
3.9428571429 60.7689933777
3.9469387755 69.1125411987
3.9510204082 64.7679977417
3.9551020408 53.3310775757
3.9591836735 44.0254516602
3.9632653061 30.2511386871
3.9673469388 12.9619235992
3.9714285714 0.5555525422
3.9755102041 0.0000000000
3.9795918367 0.0000000000
3.9836734694 0.0000000000
3.9877551020 0.0000000000
3.9918367347 0.0000000000
3.9959183673 0.0000000000
4.0000000000 0.0000000000
4.0040816327 0.0000000000
4.0081632653 0.0000000000
4.0122448980 0.0000000000
4.0163265306 0.0000000000
4.0204081633 8.8764133453
4.0244897959 36.6160888672
4.0285714286 123.0913391113
4.0326530612 160.0887756348
4.0367346939 159.1100158691
4.0408163265 140.4076843262
4.0448979592 117.4188842773
4.0489795918 85.3769760132
4.0530612245 54.1458740234
4.0571428571 27.2077922821
4.0612244898 2.1290183067
4.0653061224 0.0000000000
4.0693877551 0.0000000000
4.0734693878 0.0000000000
4.0775510204 0.0000000000
4.0816326531 0.0000000000
4.0857142857 0.0000000000
4.0897959184 0.0000000000
4.0938775510 0.0000000000
4.0979591837 0.0000000000
4.1020408163 0.0000000000
4.1061224490 0.0000000000
4.1102040816 0.0000000000
4.1142857143 0.0000000000
4.1183673469 0.0000000000
4.1224489796 0.0000000000
4.1265306122 0.0000000000
4.1306122449 0.0000000000
4.1346938776 0.0000000000
4.1387755102 0.0000000000
4.1428571429 0.0000000000
4.1469387755 0.0000000000
4.1510204082 0.0000000000
4.1551020408 0.0000000000
4.1591836735 0.0000000000
4.1632653061 0.0000000000
4.1673469388 0.0000000000
4.1714285714 0.0000000000
4.1755102041 0.0000000000
4.1795918367 0.0000000000
4.1836734694 0.0000000000
4.1877551020 0.0000000000
4.1918367347 0.0000000000
4.1959183673 0.0000000000
4.2000000000 0.0000000000
4.2040816327 0.0000000000
4.2081632653 0.0000000000
4.2122448980 0.0000000000
4.2163265306 0.0000000000
4.2204081633 0.0000000000
4.2244897959 0.0000000000
4.2285714286 0.0000000000
4.2326530612 1.4401674271
4.2367346939 1.8249154091
4.2408163265 1.5450417995
4.2448979592 3.8239061832
4.2489795918 0.5728602409
4.2530612245 0.0000000000
4.2571428571 0.0000000000
4.2612244898 0.0000000000
4.2653061224 0.0000000000
4.2693877551 0.0000000000
4.2734693878 0.0000000000
4.2775510204 0.0000000000
4.2816326531 0.0000000000
4.2857142857 0.0000000000
4.2897959184 0.0000000000
4.2938775510 0.0000000000
4.2979591837 0.0000000000
4.3020408163 0.0000000000
4.3061224490 0.0000000000
4.3102040816 0.0000000000
4.3142857143 0.0000000000
4.3183673469 0.0000000000
4.3224489796 1.4693140984
4.3265306122 11.1281242371
4.3306122449 13.7250785828
4.3346938776 9.4197387695
4.3387755102 7.7242851257
4.3428571429 5.6506395340
4.3469387755 0.6957054138
4.3510204082 0.0000000000
4.3551020408 0.0000000000
4.3591836735 0.0000000000
4.3632653061 0.0000000000
4.3673469388 0.0000000000
4.3714285714 0.0000000000
4.3755102041 0.0000000000
4.3795918367 0.0000000000
4.3836734694 0.0000000000
4.3877551020 0.0000000000
4.3918367347 1.8966197968
4.3959183673 2.5223195553
4.4000000000 6.0349178314
4.4040816327 0.0000000000
4.4081632653 0.0000000000
4.4122448980 4.1647253036
4.4163265306 61.9038200378
4.4204081633 212.8098449707
4.4244897959 312.2597656250
4.4285714286 272.5017089844
4.4326530612 223.3375244141
4.4367346939 230.1140441895
4.4408163265 210.1327209473
4.4448979592 182.0025939941
4.4489795918 151.8909912109
4.4530612245 122.5585937500
4.4571428571 94.4350357056
4.4612244898 69.9818725586
4.4653061224 48.5827331543
4.4693877551 29.7237644196
4.4734693878 11.6213560104
4.4775510204 0.0000000000
4.4816326531 0.0000000000
4.4857142857 0.0000000000
4.4897959184 0.0000000000
4.4938775510 0.0000000000
4.4979591837 0.0000000000
4.5020408163 0.0000000000
4.5061224490 0.0000000000
4.5102040816 0.0000000000
4.5142857143 0.0000000000
4.5183673469 0.0000000000
4.5224489796 0.0000000000
4.5265306122 0.0000000000
4.5306122449 0.0000000000
4.5346938776 0.0000000000
4.5387755102 0.0000000000
4.5428571429 0.0000000000
4.5469387755 0.0000000000
4.5510204082 0.0000000000
4.5551020408 0.0000000000
4.5591836735 0.0000000000
4.5632653061 0.0000000000
4.5673469388 0.0000000000
4.5714285714 0.0000000000
4.5755102041 0.0000000000
4.5795918367 0.0000000000
4.5836734694 0.0000000000
4.5877551020 0.0000000000
4.5918367347 0.0000000000
4.5959183673 0.0000000000
4.6000000000 0.0000000000
4.6040816327 0.0000000000
4.6081632653 0.0000000000
4.6122448980 0.0000000000
4.6163265306 0.0000000000
4.6204081633 0.0000000000
4.6244897959 0.0000000000
4.6285714286 0.0000000000
4.6326530612 0.0000000000
4.6367346939 0.0000000000
4.6408163265 0.6220787764
4.6448979592 0.0000000000
4.6489795918 0.0000000000
4.6530612245 0.0000000000
4.6571428571 0.0000000000
4.6612244898 0.0000000000
4.6653061224 0.0000000000
4.6693877551 0.0000000000
4.6734693878 0.0000000000
4.6775510204 0.1664161682
4.6816326531 0.0000000000
4.6857142857 0.0000000000
4.6897959184 0.0000000000
4.6938775510 0.0000000000
4.6979591837 0.0000000000
4.7020408163 0.0000000000
4.7061224490 0.0000000000
4.7102040816 0.0000000000
4.7142857143 0.0000000000
4.7183673469 0.0000000000
4.7224489796 0.0000000000
4.7265306122 0.0000000000
4.7306122449 0.0000000000
4.7346938776 0.1138448715
4.7387755102 0.2672672272
4.7428571429 0.0000000000
4.7469387755 0.0000000000
4.7510204082 0.0000000000
4.7551020408 0.0000000000
4.7591836735 0.0000000000
4.7632653061 0.0000000000
4.7673469388 0.0000000000
4.7714285714 0.0000000000
4.7755102041 0.0000000000
4.7795918367 0.0000000000
4.7836734694 0.0000000000
4.7877551020 0.0000000000
4.7918367347 0.0000000000
4.7959183673 0.0000000000
4.8000000000 0.0000000000
4.8040816327 0.0000000000
4.8081632653 0.0000000000
4.8122448980 0.0000000000
4.8163265306 0.0000000000
4.8204081633 0.0000000000
4.8244897959 0.0000000000
4.8285714286 0.0000000000
4.8326530612 0.0000000000
4.8367346939 0.0000000000
4.8408163265 1.3576447964
4.8448979592 2.5336444378
4.8489795918 0.0000000000
4.8530612245 0.0000000000
4.8571428571 0.0000000000
4.8612244898 0.0000000000
4.8653061224 0.0000000000
4.8693877551 0.8760094643
4.8734693878 0.0000000000
4.8775510204 0.0000000000
4.8816326531 0.0000000000
4.8857142857 0.0000000000
4.8897959184 0.0000000000
4.8938775510 0.0000000000
4.8979591837 0.0000000000
4.9020408163 0.0000000000
4.9061224490 0.0000000000
4.9102040816 0.0000000000
4.9142857143 0.0000000000
4.9183673469 0.0000000000
4.9224489796 0.0000000000
4.9265306122 0.0000000000
4.9306122449 0.0000000000
4.9346938776 0.0000000000
4.9387755102 0.0000000000
4.9428571429 0.0000000000
4.9469387755 0.0000000000
4.9510204082 0.0000000000
4.9551020408 0.0000000000
4.9591836735 0.0000000000
4.9632653061 0.0000000000
4.9673469388 0.0000000000
4.9714285714 0.0000000000
4.9755102041 0.0000000000
4.9795918367 0.0000000000
4.9836734694 0.0000000000
4.9877551020 0.0000000000
4.9918367347 0.0000000000
4.9959183673 0.0000000000
5.0000000000 0.0000000000
5.0040816327 0.0000000000
5.0081632653 0.0000000000
5.0122448980 0.0000000000
5.0163265306 0.0000000000
5.0204081633 0.0000000000
5.0244897959 0.0000000000
5.0285714286 8.0519914627
5.0326530612 38.3968200684
5.0367346939 71.4157409668
5.0408163265 90.5783462524
5.0448979592 95.2339324951
5.0489795918 91.5595092773
5.0530612245 75.3206329346
5.0571428571 59.2585220337
5.0612244898 36.6053581238
5.0653061224 14.9765014648
5.0693877551 0.0000000000
5.0734693878 0.0000000000
5.0775510204 0.0000000000
5.0816326531 0.0000000000
5.0857142857 0.0000000000
5.0897959184 0.0000000000
5.0938775510 0.0000000000
5.0979591837 0.0000000000
5.1020408163 0.0000000000
5.1061224490 0.0000000000
5.1102040816 0.0000000000
5.1142857143 0.0000000000
5.1183673469 0.0000000000
5.1224489796 0.0000000000
5.1265306122 0.2771615982
5.1306122449 0.0000000000
5.1346938776 0.0000000000
5.1387755102 0.0000000000
5.1428571429 0.0000000000
5.1469387755 0.4440546036
5.1510204082 0.0000000000
5.1551020408 0.0000000000
5.1591836735 0.0000000000
5.1632653061 0.0000000000
5.1673469388 0.0000000000
5.1714285714 0.8827447891
5.1755102041 0.0000000000
5.1795918367 0.0000000000
5.1836734694 0.0000000000
5.1877551020 0.0000000000
5.1918367347 0.0000000000
5.1959183673 0.0000000000
5.2000000000 0.0000000000
5.2040816327 0.0000000000
5.2081632653 0.0000000000
5.2122448980 0.0000000000
5.2163265306 0.0000000000
5.2204081633 0.0000000000
5.2244897959 0.0000000000
5.2285714286 3.8139224052
5.2326530612 33.9251747131
5.2367346939 76.5984497070
5.2408163265 134.0086364746
5.2448979592 183.6603698730
5.2489795918 179.8019714355
5.2530612245 183.4674987793
5.2571428571 170.3090667725
5.2612244898 147.9446868896
5.2653061224 114.5299682617
5.2693877551 90.0967102051
5.2734693878 77.3351211548
5.2775510204 70.0525054932
5.2816326531 51.6070137024
5.2857142857 30.6323165894
5.2897959184 20.8305702209
5.2938775510 7.6992511749
5.2979591837 2.1023750305
5.3020408163 0.0000000000
5.3061224490 0.0000000000
5.3102040816 0.0000000000
5.3142857143 0.0000000000
5.3183673469 0.0000000000
5.3224489796 0.0000000000
5.3265306122 0.0000000000
5.3306122449 0.0000000000
5.3346938776 0.0000000000
5.3387755102 0.0000000000
5.3428571429 0.0000000000
5.3469387755 0.0000000000
5.3510204082 0.0000000000
5.3551020408 0.0000000000
5.3591836735 0.0000000000
5.3632653061 0.0000000000
5.3673469388 0.0000000000
5.3714285714 0.0000000000
5.3755102041 0.0000000000
5.3795918367 0.0000000000
5.3836734694 1.1968612671
5.3877551020 0.6321668625
5.3918367347 2.7717351913
5.3959183673 2.9702186584
5.4000000000 2.2113323212
5.4040816327 0.2551078796
5.4081632653 0.0000000000
5.4122448980 0.0000000000
5.4163265306 0.0000000000
5.4204081633 0.0000000000
5.4244897959 0.0000000000
5.4285714286 0.0000000000
5.4326530612 0.0000000000
5.4367346939 0.0000000000
5.4408163265 0.0000000000
5.4448979592 0.0000000000
5.4489795918 0.0000000000
5.4530612245 0.0000000000
5.4571428571 0.0000000000
5.4612244898 0.0000000000
5.4653061224 0.0000000000
5.4693877551 0.0000000000
5.4734693878 0.0000000000
5.4775510204 0.0000000000
5.4816326531 0.0000000000
5.4857142857 0.0000000000
5.4897959184 0.0000000000
5.4938775510 0.0000000000
5.4979591837 0.0000000000
5.5020408163 0.0000000000
5.5061224490 0.0000000000
5.5102040816 0.0000000000
5.5142857143 0.0000000000
5.5183673469 0.0000000000
5.5224489796 0.0000000000
5.5265306122 0.0000000000
5.5306122449 0.0000000000
5.5346938776 0.0000000000
5.5387755102 0.0000000000
5.5428571429 0.0000000000
5.5469387755 0.0000000000
5.5510204082 0.0000000000
5.5551020408 0.0000000000
5.5591836735 0.0000000000
5.5632653061 0.0000000000
5.5673469388 0.0000000000
5.5714285714 0.0000000000
5.5755102041 0.0000000000
5.5795918367 0.0000000000
5.5836734694 0.0000000000
5.5877551020 0.6167888641
5.5918367347 0.0256299973
5.5959183673 0.0000000000
5.6000000000 0.0000000000
5.6040816327 0.0000000000
5.6081632653 0.0000000000
5.6122448980 1.8968582153
5.6163265306 4.0062370300
5.6204081633 10.5336904526
5.6244897959 13.2327671051
5.6285714286 21.0433597565
5.6326530612 29.6812648773
5.6367346939 25.1016616821
5.6408163265 12.2210979462
5.6448979592 3.4449100494
5.6489795918 0.0000000000
5.6530612245 0.0000000000
5.6571428571 0.0000000000
5.6612244898 0.0000000000
5.6653061224 0.0000000000
5.6693877551 0.0000000000
5.6734693878 0.0000000000
5.6775510204 0.0000000000
5.6816326531 0.0000000000
5.6857142857 0.0000000000
5.6897959184 1.2024472952
5.6938775510 0.2747774124
5.6979591837 0.0000000000
5.7020408163 0.0000000000
5.7061224490 3.0567646027
5.7102040816 0.0000000000
5.7142857143 0.0000000000
5.7183673469 0.0000000000
5.7224489796 0.0000000000
5.7265306122 0.0000000000
5.7306122449 0.0000000000
5.7346938776 0.0000000000
5.7387755102 0.0000000000
5.7428571429 0.0000000000
5.7469387755 0.1031160355
5.7510204082 0.0000000000
5.7551020408 0.0000000000
5.7591836735 0.0000000000
5.7632653061 0.0000000000
5.7673469388 0.0000000000
5.7714285714 0.0000000000
5.7755102041 0.0000000000
5.7795918367 0.0000000000
5.7836734694 0.0000000000
5.7877551020 0.0000000000
5.7918367347 0.0000000000
5.7959183673 0.0000000000
5.8000000000 0.0000000000
5.8040816327 0.3079175949
5.8081632653 0.0000000000
5.8122448980 0.0000000000
5.8163265306 0.0000000000
5.8204081633 0.0000000000
5.8244897959 0.0000000000
5.8285714286 0.0000000000
5.8326530612 0.0000000000
5.8367346939 0.0000000000
5.8408163265 0.0000000000
5.8448979592 0.0000000000
5.8489795918 0.0000000000
5.8530612245 0.0000000000
5.8571428571 0.0000000000
5.8612244898 0.0000000000
5.8653061224 0.0000000000
5.8693877551 0.0000000000
5.8734693878 0.0000000000
5.8775510204 0.0000000000
5.8816326531 0.0000000000
5.8857142857 0.0000000000
5.8897959184 0.0000000000
5.8938775510 0.0123977661
5.8979591837 0.4696846008
5.9020408163 0.3747940063
5.9061224490 0.2921819687
5.9102040816 0.0000000000
5.9142857143 0.0000000000
5.9183673469 0.0000000000
5.9224489796 0.0000000000
5.9265306122 0.0000000000
5.9306122449 1.7604827881
5.9346938776 1.4316439629
5.9387755102 0.9268522263
5.9428571429 0.1105070114
5.9469387755 0.3888607025
5.9510204082 0.0680088997
5.9551020408 0.2184659243
5.9591836735 0.1536011696
5.9632653061 0.0000000000
5.9673469388 0.0000000000
5.9714285714 0.0000000000
5.9755102041 0.0000000000
5.9795918367 0.0000000000
5.9836734694 0.0000000000
5.9877551020 0.0000000000
5.9918367347 0.0000000000
5.9959183673 0.0000000000
6.0000000000 0.0000000000
6.0040816327 0.0000000000
6.0081632653 0.0000000000
6.0122448980 0.0000000000
6.0163265306 0.0000000000
6.0204081633 0.0000000000
6.0244897959 0.0000000000
6.0285714286 4.4666676521
6.0326530612 35.4960098267
6.0367346939 74.0042724609
6.0408163265 121.9178771973
6.0448979592 135.7128295898
6.0489795918 126.3907623291
6.0530612245 105.5969619751
6.0571428571 79.7221069336
6.0612244898 50.5570449829
6.0653061224 22.9490089417
6.0693877551 2.0599439144
6.0734693878 0.0000000000
6.0775510204 0.0000000000
6.0816326531 0.0000000000
6.0857142857 0.0000000000
6.0897959184 0.0000000000
6.0938775510 0.0000000000
6.0979591837 0.0000000000
6.1020408163 0.0000000000
6.1061224490 0.0000000000
6.1102040816 0.0000000000
6.1142857143 0.0000000000
6.1183673469 0.0000000000
6.1224489796 0.0000000000
6.1265306122 0.0000000000
6.1306122449 0.0000000000
6.1346938776 0.0000000000
6.1387755102 0.0000000000
6.1428571429 0.0000000000
6.1469387755 0.0000000000
6.1510204082 0.0000000000
6.1551020408 0.0000000000
6.1591836735 0.0000000000
6.1632653061 0.0000000000
6.1673469388 0.0000000000
6.1714285714 0.0000000000
6.1755102041 0.0000000000
6.1795918367 0.0000000000
6.1836734694 0.0000000000
6.1877551020 0.0000000000
6.1918367347 0.4646033049
6.1959183673 1.0780245066
6.2000000000 1.1160671711
6.2040816327 0.9568482637
6.2081632653 0.0000000000
6.2122448980 0.0000000000
6.2163265306 0.0000000000
6.2204081633 0.0000000000
6.2244897959 0.0000000000
6.2285714286 0.0000000000
6.2326530612 0.0000000000
6.2367346939 0.0000000000
6.2408163265 0.0000000000
6.2448979592 0.0000000000
6.2489795918 0.0000000000
6.2530612245 0.0000000000
6.2571428571 0.0000000000
6.2612244898 0.0000000000
6.2653061224 0.0000000000
6.2693877551 0.0000000000
6.2734693878 0.0000000000
6.2775510204 0.0000000000
6.2816326531 0.0000000000
6.2857142857 0.0000000000
6.2897959184 0.0000000000
6.2938775510 0.0000000000
6.2979591837 0.0000000000
6.3020408163 0.0000000000
6.3061224490 0.0000000000
6.3102040816 0.0000000000
6.3142857143 0.0000000000
6.3183673469 0.0000000000
6.3224489796 0.0000000000
6.3265306122 0.0000000000
6.3306122449 0.0000000000
6.3346938776 0.0000000000
6.3387755102 0.0000000000
6.3428571429 0.0000000000
6.3469387755 0.0000000000
6.3510204082 0.0000000000
6.3551020408 0.0000000000
6.3591836735 0.0000000000
6.3632653061 0.0000000000
6.3673469388 0.0000000000
6.3714285714 0.0000000000
6.3755102041 0.0000000000
6.3795918367 0.0000000000
6.3836734694 0.0000000000
6.3877551020 0.0000000000
6.3918367347 0.9903907776
6.3959183673 7.3799638748
6.4000000000 25.1579742432
6.4040816327 22.3236236572
6.4081632653 24.4592285156
6.4122448980 21.7541255951
6.4163265306 13.7836856842
6.4204081633 7.3059206009
6.4244897959 11.0598649979
6.4285714286 15.8171653748
6.4326530612 38.3700103760
6.4367346939 53.5407485962
6.4408163265 87.7941131592
6.4448979592 112.5218887329
6.4489795918 124.2199859619
6.4530612245 109.0157623291
6.4571428571 89.2635040283
6.4612244898 71.9194412231
6.4653061224 52.7121124268
6.4693877551 34.8023490906
6.4734693878 22.2339019775
6.4775510204 6.6932735443
6.4816326531 0.0000000000
6.4857142857 0.0000000000
6.4897959184 0.0000000000
6.4938775510 0.0000000000
6.4979591837 0.0000000000
6.5020408163 0.0000000000
6.5061224490 0.0000000000
6.5102040816 0.0000000000
6.5142857143 0.0000000000
6.5183673469 0.0000000000
6.5224489796 0.0000000000
6.5265306122 0.0000000000
6.5306122449 0.0000000000
6.5346938776 0.0000000000
6.5387755102 0.0000000000
6.5428571429 0.0000000000
6.5469387755 0.0000000000
6.5510204082 0.0000000000
6.5551020408 0.0000000000
6.5591836735 0.0000000000
6.5632653061 0.0000000000
6.5673469388 0.0000000000
6.5714285714 0.0000000000
6.5755102041 0.0000000000
6.5795918367 0.0000000000
6.5836734694 0.0000000000
6.5877551020 0.0000000000
6.5918367347 0.0000000000
6.5959183673 0.0000000000
6.6000000000 0.0000000000
6.6040816327 0.0000000000
6.6081632653 0.0000000000
6.6122448980 0.0000000000
6.6163265306 0.0000000000
6.6204081633 0.0000000000
6.6244897959 0.0000000000
6.6285714286 5.6976528168
6.6326530612 25.7029838562
6.6367346939 56.2722396851
6.6408163265 73.5622711182
6.6448979592 75.3367538452
6.6489795918 65.9164810181
6.6530612245 52.3695526123
6.6571428571 37.6147041321
6.6612244898 17.8952960968
6.6653061224 4.0414037704
6.6693877551 0.0000000000
6.6734693878 0.0000000000
6.6775510204 0.0000000000
6.6816326531 0.0000000000
6.6857142857 0.0000000000
6.6897959184 0.0000000000
6.6938775510 0.0000000000
6.6979591837 0.0000000000
6.7020408163 0.0000000000
6.7061224490 0.0000000000
6.7102040816 0.0000000000
6.7142857143 0.0000000000
6.7183673469 0.0000000000
6.7224489796 0.0000000000
6.7265306122 0.0000000000
6.7306122449 0.0000000000
6.7346938776 0.0000000000
6.7387755102 0.0000000000
6.7428571429 0.0000000000
6.7469387755 0.0000000000
6.7510204082 0.0000000000
6.7551020408 0.0000000000
6.7591836735 0.0000000000
6.7632653061 0.0000000000
6.7673469388 0.0000000000
6.7714285714 0.0000000000
6.7755102041 0.0000000000
6.7795918367 0.0000000000
6.7836734694 0.0000000000
6.7877551020 0.1193284988
6.7918367347 0.6587505341
6.7959183673 0.0000000000
6.8000000000 0.0000000000
6.8040816327 0.0000000000
6.8081632653 0.0000000000
6.8122448980 0.0000000000
6.8163265306 0.0000000000
6.8204081633 0.0000000000
6.8244897959 0.0000000000
6.8285714286 3.1985640526
6.8326530612 12.3314857483
6.8367346939 18.4891223907
6.8408163265 22.6786727905
6.8448979592 18.5598735809
6.8489795918 16.6741600037
6.8530612245 5.7542324066
6.8571428571 0.0000000000
6.8612244898 0.0000000000
6.8653061224 0.0000000000
6.8693877551 0.0000000000
6.8734693878 0.0000000000
6.8775510204 0.0000000000
6.8816326531 0.0000000000
6.8857142857 0.0000000000
6.8897959184 0.0000000000
6.8938775510 0.0000000000
6.8979591837 0.0000000000
6.9020408163 0.0000000000
6.9061224490 0.0000000000
6.9102040816 0.0000000000
6.9142857143 0.0000000000
6.9183673469 0.0000000000
6.9224489796 0.0000000000
6.9265306122 0.0000000000
6.9306122449 0.0000000000
6.9346938776 0.0000000000
6.9387755102 0.0000000000
6.9428571429 0.0000000000
6.9469387755 0.0000000000
6.9510204082 0.0000000000
6.9551020408 0.0000000000
6.9591836735 0.0000000000
6.9632653061 0.0000000000
6.9673469388 0.0000000000
6.9714285714 0.0000000000
6.9755102041 0.0000000000
6.9795918367 0.0000000000
6.9836734694 0.0000000000
6.9877551020 0.5607604980
6.9918367347 1.4902353287
6.9959183673 0.6628632545
7.0000000000 0.0000000000
7.0040816327 0.0000000000
7.0081632653 0.6012916565
7.0122448980 0.4225373268
7.0163265306 0.0000000000
7.0204081633 0.0000000000
7.0244897959 0.0000000000
7.0285714286 1.3250112534
7.0326530612 12.5917196274
7.0367346939 22.5481395721
7.0408163265 26.9668998718
7.0448979592 19.5927619934
7.0489795918 23.8064060211
7.0530612245 25.7257423401
7.0571428571 27.7613010406
7.0612244898 25.5164756775
7.0653061224 25.9295578003
7.0693877551 14.5294580460
7.0734693878 6.1118898392
7.0775510204 2.0654201508
7.0816326531 0.0000000000
7.0857142857 0.0000000000
7.0897959184 1.5324307680
7.0938775510 10.7214384079
7.0979591837 23.2410526276
7.1020408163 35.4070320129
7.1061224490 32.4662742615
7.1102040816 33.1308975220
7.1142857143 38.7786636353
7.1183673469 43.5512390137
7.1224489796 31.2171573639
7.1265306122 16.5446548462
7.1306122449 5.9662461281
7.1346938776 3.3289790154
7.1387755102 0.0000000000
7.1428571429 0.0000000000
7.1469387755 0.0000000000
7.1510204082 0.0000000000
7.1551020408 0.0000000000
7.1591836735 0.0000000000
7.1632653061 0.0000000000
7.1673469388 0.0000000000
7.1714285714 0.0000000000
7.1755102041 0.0000000000
7.1795918367 0.0000000000
7.1836734694 0.0000000000
7.1877551020 0.0000000000
7.1918367347 0.0000000000
7.1959183673 0.0000000000
7.2000000000 0.6832480431
7.2040816327 0.3917217255
7.2081632653 0.0066794455
7.2122448980 9.9892301559
7.2163265306 15.2099723816
7.2204081633 40.0162353516
7.2244897959 61.4970855713
7.2285714286 68.8064880371
7.2326530612 65.5079650879
7.2367346939 54.9344863892
7.2408163265 38.0092468262
7.2448979592 18.8894119263
7.2489795918 0.0000000000
7.2530612245 0.0000000000
7.2571428571 0.0000000000
7.2612244898 0.0000000000
7.2653061224 0.0000000000
7.2693877551 0.0000000000
7.2734693878 0.0000000000
7.2775510204 0.0000000000
7.2816326531 0.0000000000
7.2857142857 0.0000000000
7.2897959184 0.0000000000
7.2938775510 0.0000000000
7.2979591837 0.0000000000
7.3020408163 0.0000000000
7.3061224490 0.0000000000
7.3102040816 0.0000000000
7.3142857143 0.0000000000
7.3183673469 0.0000000000
7.3224489796 0.0000000000
7.3265306122 0.0000000000
7.3306122449 0.0000000000
7.3346938776 0.0000000000
7.3387755102 0.0000000000
7.3428571429 0.1193284988
7.3469387755 1.3787150383
7.3510204082 0.0000000000
7.3551020408 0.0000000000
7.3591836735 0.0000000000
7.3632653061 0.0000000000
7.3673469388 0.0000000000
7.3714285714 0.0000000000
7.3755102041 0.0000000000
7.3795918367 0.0000000000
7.3836734694 0.0000000000
7.3877551020 0.0000000000
7.3918367347 1.6648769379
7.3959183673 2.4133324623
7.4000000000 0.0000000000
7.4040816327 0.0000000000
7.4081632653 0.0000000000
7.4122448980 0.0000000000
7.4163265306 0.0000000000
7.4204081633 0.0000000000
7.4244897959 0.0000000000
7.4285714286 0.0000000000
7.4326530612 0.0000000000
7.4367346939 0.0000000000
7.4408163265 0.0000000000
7.4448979592 0.0000000000
7.4489795918 0.0000000000
7.4530612245 0.0000000000
7.4571428571 0.0000000000
7.4612244898 0.0000000000
7.4653061224 0.0000000000
7.4693877551 0.2907514572
7.4734693878 0.3567934036
7.4775510204 0.0000000000
7.4816326531 0.0000000000
7.4857142857 0.0000000000
7.4897959184 0.0000000000
7.4938775510 0.0000000000
7.4979591837 0.0000000000
7.5020408163 0.0000000000
7.5061224490 0.0000000000
7.5102040816 0.0000000000
7.5142857143 0.0000000000
7.5183673469 0.0000000000
7.5224489796 0.0000000000
7.5265306122 0.0000000000
7.5306122449 0.0000000000
7.5346938776 0.0000000000
7.5387755102 0.2928972244
7.5428571429 0.0060945749
7.5469387755 0.0000000000
7.5510204082 0.2994537354
7.5551020408 0.0000000000
7.5591836735 0.0000000000
7.5632653061 0.0000000000
7.5673469388 0.0000000000
7.5714285714 0.0000000000
7.5755102041 0.0000000000
7.5795918367 0.2374649048
7.5836734694 0.0000000000
7.5877551020 0.0000000000
7.5918367347 0.0000000000
7.5959183673 16.4477233887
7.6000000000 54.5176544189
7.6040816327 118.6883163452
7.6081632653 189.8840942383
7.6122448980 200.3361206055
7.6163265306 184.8625640869
7.6204081633 160.3821411133
7.6244897959 145.5789794922
7.6285714286 118.6209335327
7.6326530612 90.0486755371
7.6367346939 63.7080078125
7.6408163265 43.9920425415
7.6448979592 39.3984298706
7.6489795918 30.2547225952
7.6530612245 18.8936004639
7.6571428571 9.3890132904
7.6612244898 2.9318332672
7.6653061224 0.0000000000
7.6693877551 0.0000000000
7.6734693878 0.0000000000
7.6775510204 0.0000000000
7.6816326531 0.0000000000
7.6857142857 0.0000000000
7.6897959184 0.0000000000
7.6938775510 0.0000000000
7.6979591837 0.0000000000
7.7020408163 0.0000000000
7.7061224490 0.0000000000
7.7102040816 0.0000000000
7.7142857143 0.0000000000
7.7183673469 0.0000000000
7.7224489796 0.0000000000
7.7265306122 0.0000000000
7.7306122449 0.0000000000
7.7346938776 0.0000000000
7.7387755102 0.0000000000
7.7428571429 0.0000000000
7.7469387755 0.0000000000
7.7510204082 0.0000000000
7.7551020408 0.0000000000
7.7591836735 0.0000000000
7.7632653061 0.0000000000
7.7673469388 0.0000000000
7.7714285714 0.0000000000
7.7755102041 0.0000000000
7.7795918367 0.0000000000
7.7836734694 0.0000000000
7.7877551020 0.0000000000
7.7918367347 0.0000000000
7.7959183673 0.0000000000
7.8000000000 0.0000000000
7.8040816327 1.9023418427
7.8081632653 3.3364593983
7.8122448980 4.6278238297
7.8163265306 3.1585693359
7.8204081633 2.4657249451
7.8244897959 1.1870861053
7.8285714286 0.0000000000
7.8326530612 0.0000000000
7.8367346939 0.0000000000
7.8408163265 0.0000000000
7.8448979592 0.0000000000
7.8489795918 0.0000000000
7.8530612245 0.0000000000
7.8571428571 0.0000000000
7.8612244898 0.0000000000
7.8653061224 0.0000000000
7.8693877551 0.0000000000
7.8734693878 0.0000000000
7.8775510204 0.0000000000
7.8816326531 0.0000000000
7.8857142857 0.0000000000
7.8897959184 0.0000000000
7.8938775510 0.0000000000
7.8979591837 0.0000000000
7.9020408163 0.0000000000
7.9061224490 0.0000000000
7.9102040816 0.0000000000
7.9142857143 0.0000000000
7.9183673469 0.0000000000
7.9224489796 1.2409687042
7.9265306122 3.9511919022
7.9306122449 3.4409761429
7.9346938776 3.9088726044
7.9387755102 2.6491880417
7.9428571429 0.6449222565
7.9469387755 1.9224882126
7.9510204082 1.8161535263
7.9551020408 1.2447834015
7.9591836735 1.3611316681
7.9632653061 0.0000000000
7.9673469388 0.0000000000
7.9714285714 0.0000000000
7.9755102041 0.0000000000
7.9795918367 0.0000000000
7.9836734694 0.0000000000
7.9877551020 0.0000000000
7.9918367347 0.0000000000
7.9959183673 0.0000000000
8.0000000000 0.0000000000
8.0040816327 0.0000000000
8.0081632653 0.3845617175
8.0122448980 0.0000000000
8.0163265306 0.0000000000
8.0204081633 0.0000000000
8.0244897959 0.0000000000
8.0285714286 0.0000000000
8.0326530612 5.9872269630
8.0367346939 15.3709945679
8.0408163265 25.7702770233
8.0448979592 34.3640441895
8.0489795918 38.7935638428
8.0530612245 39.9770736694
8.0571428571 44.2833900452
8.0612244898 42.6772766113
8.0653061224 22.0797061920
8.0693877551 5.6710243225
8.0734693878 0.0000000000
8.0775510204 0.0000000000
8.0816326531 0.0000000000
8.0857142857 0.0000000000
8.0897959184 0.0000000000
8.0938775510 0.0000000000
8.0979591837 0.0000000000
8.1020408163 0.0000000000
8.1061224490 0.0000000000
8.1102040816 0.0000000000
8.1142857143 0.0000000000
8.1183673469 0.0000000000
8.1224489796 0.0000000000
8.1265306122 0.0000000000
8.1306122449 0.0000000000
8.1346938776 0.0000000000
8.1387755102 0.0000000000
8.1428571429 0.0000000000
8.1469387755 0.0000000000
8.1510204082 0.0000000000
8.1551020408 0.0000000000
8.1591836735 0.0000000000
8.1632653061 0.0000000000
8.1673469388 0.0000000000
8.1714285714 0.0000000000
8.1755102041 0.0000000000
8.1795918367 0.0000000000
8.1836734694 0.0000000000
8.1877551020 0.0000000000
8.1918367347 0.0000000000
8.1959183673 0.0000000000
8.2000000000 0.0000000000
8.2040816327 0.0000000000
8.2081632653 0.0000000000
8.2122448980 0.0000000000
8.2163265306 0.0000000000
8.2204081633 0.0000000000
8.2244897959 0.0000000000
8.2285714286 0.0000000000
8.2326530612 0.0000000000
8.2367346939 2.6413500309
8.2408163265 10.6117134094
8.2448979592 17.3523712158
8.2489795918 20.0957641602
8.2530612245 18.7411003113
8.2571428571 17.6872024536
8.2612244898 12.8263235092
8.2653061224 7.6910409927
8.2693877551 0.2731382847
8.2734693878 0.0000000000
8.2775510204 0.0000000000
8.2816326531 0.0000000000
8.2857142857 0.0000000000
8.2897959184 0.0000000000
8.2938775510 0.0000000000
8.2979591837 0.0000000000
8.3020408163 0.0000000000
8.3061224490 0.0000000000
8.3102040816 0.0000000000
8.3142857143 0.0000000000
8.3183673469 0.0464618206
8.3224489796 0.0000000000
8.3265306122 0.0000000000
8.3306122449 0.1689195633
8.3346938776 0.0000000000
8.3387755102 0.0000000000
8.3428571429 0.0000000000
8.3469387755 0.0000000000
8.3510204082 0.0000000000
8.3551020408 0.0000000000
8.3591836735 0.0000000000
8.3632653061 0.0000000000
8.3673469388 0.0000000000
8.3714285714 0.0000000000
8.3755102041 0.0000000000
8.3795918367 0.0000000000
8.3836734694 0.0000000000
8.3877551020 0.0000000000
8.3918367347 0.0000000000
8.3959183673 0.0000000000
8.4000000000 0.0000000000
8.4040816327 0.0000000000
8.4081632653 0.0000000000
8.4122448980 0.0000000000
8.4163265306 0.0000000000
8.4204081633 0.0000000000
8.4244897959 4.4798851013
8.4285714286 32.6973037720
8.4326530612 31.1021804810
8.4367346939 18.9125823975
8.4408163265 24.1244735718
8.4448979592 25.5767936707
8.4489795918 20.1260223389
8.4530612245 21.6257858276
8.4571428571 21.9298973083
8.4612244898 28.1527042389
8.4653061224 40.4034004211
8.4693877551 59.5112876892
8.4734693878 85.6485366821
8.4775510204 100.7965240479
8.4816326531 86.7548446655
8.4857142857 66.3321609497
8.4897959184 51.6124954224
8.4938775510 36.0366096497
8.4979591837 26.7591476440
8.5020408163 13.5431890488
8.5061224490 0.0000000000
8.5102040816 0.0000000000
8.5142857143 0.0000000000
8.5183673469 0.0000000000
8.5224489796 0.0000000000
8.5265306122 0.0000000000
8.5306122449 0.0000000000
8.5346938776 0.0000000000
8.5387755102 0.0000000000
8.5428571429 0.0000000000
8.5469387755 0.0000000000
8.5510204082 0.0000000000
8.5551020408 0.0000000000
8.5591836735 0.0000000000
8.5632653061 0.0000000000
8.5673469388 0.0000000000
8.5714285714 0.0000000000
8.5755102041 0.0000000000
8.5795918367 0.0000000000
8.5836734694 0.0000000000
8.5877551020 0.0000000000
8.5918367347 0.0000000000
8.5959183673 0.0000000000
8.6000000000 0.0000000000
8.6040816327 0.0000000000
8.6081632653 0.0000000000
8.6122448980 0.0000000000
8.6163265306 0.0000000000
8.6204081633 0.0000000000
8.6244897959 0.0000000000
8.6285714286 0.0000000000
8.6326530612 0.0000000000
8.6367346939 0.0000000000
8.6408163265 0.2193450928
8.6448979592 5.0365328789
8.6489795918 9.9101657867
8.6530612245 17.7564029694
8.6571428571 16.1243934631
8.6612244898 9.1743316650
8.6653061224 2.1943116188
8.6693877551 0.0000000000
8.6734693878 0.0000000000
8.6775510204 0.0000000000
8.6816326531 0.0000000000
8.6857142857 0.0000000000
8.6897959184 0.0000000000
8.6938775510 0.0000000000
8.6979591837 0.0000000000
8.7020408163 0.0000000000
8.7061224490 0.0000000000
8.7102040816 0.0000000000
8.7142857143 0.0000000000
8.7183673469 0.0000000000
8.7224489796 0.0000000000
8.7265306122 0.0000000000
8.7306122449 0.0000000000
8.7346938776 0.0000000000
8.7387755102 0.0000000000
8.7428571429 0.0000000000
8.7469387755 0.0000000000
8.7510204082 0.0000000000
8.7551020408 0.0000000000
8.7591836735 0.0000000000
8.7632653061 0.0000000000
8.7673469388 0.0000000000
8.7714285714 0.0000000000
8.7755102041 0.0000000000
8.7795918367 0.0000000000
8.7836734694 0.0000000000
8.7877551020 0.0000000000
8.7918367347 0.0000000000
8.7959183673 0.0000000000
8.8000000000 0.0000000000
8.8040816327 0.0000000000
8.8081632653 4.3163299561
8.8122448980 0.9599626064
8.8163265306 1.2540817261
8.8204081633 0.1419782639
8.8244897959 0.0000000000
8.8285714286 0.0000000000
8.8326530612 6.9455204010
8.8367346939 30.4326419830
8.8408163265 59.1984977722
8.8448979592 83.1924667358
8.8489795918 94.0525207520
8.8530612245 91.0282211304
8.8571428571 73.6093215942
8.8612244898 53.8829650879
8.8653061224 32.9915580750
8.8693877551 14.9351501465
8.8734693878 1.1191964149
8.8775510204 0.0000000000
8.8816326531 0.0000000000
8.8857142857 0.0000000000
8.8897959184 0.0000000000
8.8938775510 0.0000000000
8.8979591837 0.0000000000
8.9020408163 0.0000000000
8.9061224490 0.0000000000
8.9102040816 0.0000000000
8.9142857143 0.0000000000
8.9183673469 0.0000000000
8.9224489796 0.0000000000
8.9265306122 0.0000000000
8.9306122449 0.0000000000
8.9346938776 0.0000000000
8.9387755102 0.0000000000
8.9428571429 0.0000000000
8.9469387755 0.0000000000
8.9510204082 0.0000000000
8.9551020408 0.0000000000
8.9591836735 0.0000000000
8.9632653061 0.0000000000
8.9673469388 0.0000000000
8.9714285714 0.0000000000
8.9755102041 0.0000000000
8.9795918367 0.0000000000
8.9836734694 0.0000000000
8.9877551020 0.0000000000
8.9918367347 0.0000000000
8.9959183673 0.0000000000
9.0000000000 0.0000000000
9.0040816327 0.0000000000
9.0081632653 0.0000000000
9.0122448980 0.0000000000
9.0163265306 0.0000000000
9.0204081633 0.0000000000
9.0244897959 0.0000000000
9.0285714286 0.0000000000
9.0326530612 0.0000000000
9.0367346939 0.0000000000
9.0408163265 0.0000000000
9.0448979592 0.0000000000
9.0489795918 0.0000000000
9.0530612245 0.0000000000
9.0571428571 0.0000000000
9.0612244898 0.0000000000
9.0653061224 0.0000000000
9.0693877551 0.0000000000
9.0734693878 3.9720535278
9.0775510204 0.7381439209
9.0816326531 0.0000000000
9.0857142857 0.0000000000
9.0897959184 0.4032850266
9.0938775510 2.1762251854
9.0979591837 3.5228431225
9.1020408163 2.2140741348
9.1061224490 0.9453296661
9.1102040816 3.8470327854
9.1142857143 7.4405670166
9.1183673469 9.2808008194
9.1224489796 6.5662860870
9.1265306122 4.1934847832
9.1306122449 2.3286342621
9.1346938776 0.1283884048
9.1387755102 0.0000000000
9.1428571429 0.0000000000
9.1469387755 0.0000000000
9.1510204082 0.0000000000
9.1551020408 0.0000000000
9.1591836735 0.0000000000
9.1632653061 0.0000000000
9.1673469388 0.0000000000
9.1714285714 0.0000000000
9.1755102041 0.0000000000
9.1795918367 0.0000000000
9.1836734694 0.0000000000
9.1877551020 0.0000000000
9.1918367347 0.0000000000
9.1959183673 0.0000000000
9.2000000000 0.0000000000
9.2040816327 0.0000000000
9.2081632653 0.0000000000
9.2122448980 0.0000000000
9.2163265306 0.0000000000
9.2204081633 4.0611996651
9.2244897959 3.9381086826
9.2285714286 4.5808553696
9.2326530612 4.7784967422
9.2367346939 4.8439354897
9.2408163265 6.2526016235
9.2448979592 27.5704116821
9.2489795918 76.4462051392
9.2530612245 129.6138916016
9.2571428571 155.6187744141
9.2612244898 153.1352233887
9.2653061224 134.1469421387
9.2693877551 113.4803466797
9.2734693878 85.8688430786
9.2775510204 52.9105758667
9.2816326531 22.4676990509
9.2857142857 0.0000000000
9.2897959184 0.0000000000
9.2938775510 0.0000000000
9.2979591837 0.0000000000
9.3020408163 0.0000000000
9.3061224490 0.0000000000
9.3102040816 0.0000000000
9.3142857143 0.0000000000
9.3183673469 0.0000000000
9.3224489796 0.0000000000
9.3265306122 0.0000000000
9.3306122449 0.0000000000
9.3346938776 0.0000000000
9.3387755102 0.0000000000
9.3428571429 0.0000000000
9.3469387755 0.0000000000
9.3510204082 0.0000000000
9.3551020408 0.0000000000
9.3591836735 0.0000000000
9.3632653061 0.0000000000
9.3673469388 0.0000000000
9.3714285714 0.0000000000
9.3755102041 0.0000000000
9.3795918367 0.0000000000
9.3836734694 0.0000000000
9.3877551020 0.0000000000
9.3918367347 0.0000000000
9.3959183673 0.0000000000
9.4000000000 0.0000000000
9.4040816327 0.0000000000
9.4081632653 0.0000000000
9.4122448980 5.1831603050
9.4163265306 4.1752157211
9.4204081633 7.5168313980
9.4244897959 4.7361555099
9.4285714286 2.2933483124
9.4326530612 2.7625560760
9.4367346939 3.8759410381
9.4408163265 4.5461134911
9.4448979592 4.3318867683
9.4489795918 0.0000000000
9.4530612245 0.0000000000
9.4571428571 0.0000000000
9.4612244898 0.0000000000
9.4653061224 0.0000000000
9.4693877551 0.0000000000
9.4734693878 0.0000000000
9.4775510204 0.0000000000
9.4816326531 0.0000000000
9.4857142857 0.0000000000
9.4897959184 0.0000000000
9.4938775510 0.0000000000
9.4979591837 0.0000000000
9.5020408163 0.0000000000
9.5061224490 0.0000000000
9.5102040816 0.0000000000
9.5142857143 0.0000000000
9.5183673469 1.5016794205
9.5224489796 4.9519743919
9.5265306122 6.0006322861
9.5306122449 5.8928861618
9.5346938776 1.4873743057
9.5387755102 5.3102374077
9.5428571429 7.7511367798
9.5469387755 2.7679259777
9.5510204082 0.0000000000
9.5551020408 0.0000000000
9.5591836735 0.0000000000
9.5632653061 0.0000000000
9.5673469388 0.0000000000
9.5714285714 0.0000000000
9.5755102041 0.0000000000
9.5795918367 0.0000000000
9.5836734694 0.0000000000
9.5877551020 0.0000000000
9.5918367347 0.0000000000
9.5959183673 0.0000000000
9.6000000000 1.0054707527
9.6040816327 13.2985115051
9.6081632653 21.5060710907
9.6122448980 64.6621017456
9.6163265306 98.2373962402
9.6204081633 161.9447326660
9.6244897959 188.9721069336
9.6285714286 165.0031433105
9.6326530612 134.9264373779
9.6367346939 113.3197250366
9.6408163265 110.7755584717
9.6448979592 123.9787902832
9.6489795918 128.4556427002
9.6530612245 115.1590347290
9.6571428571 94.3031921387
9.6612244898 70.2648773193
9.6653061224 43.5605621338
9.6693877551 16.7948608398
9.6734693878 1.1566877365
9.6775510204 0.0000000000
9.6816326531 0.0000000000
9.6857142857 0.0000000000
9.6897959184 0.0000000000
9.6938775510 0.0000000000
9.6979591837 0.0000000000
9.7020408163 0.0000000000
9.7061224490 0.0000000000
9.7102040816 0.0000000000
9.7142857143 0.0000000000
9.7183673469 0.0000000000
9.7224489796 0.0000000000
9.7265306122 0.0000000000
9.7306122449 0.0000000000
9.7346938776 0.0000000000
9.7387755102 0.0000000000
9.7428571429 0.0000000000
9.7469387755 0.0000000000
9.7510204082 0.0000000000
9.7551020408 0.0000000000
9.7591836735 0.0000000000
9.7632653061 0.0000000000
9.7673469388 0.0000000000
9.7714285714 0.0000000000
9.7755102041 0.0000000000
9.7795918367 0.0000000000
9.7836734694 0.0000000000
9.7877551020 0.0000000000
9.7918367347 0.0000000000
9.7959183673 0.0000000000
9.8000000000 0.0000000000
9.8040816327 0.0000000000
9.8081632653 0.0000000000
9.8122448980 0.0000000000
9.8163265306 0.0000000000
9.8204081633 0.0000000000
9.8244897959 0.0000000000
9.8285714286 0.0000000000
9.8326530612 2.5629773140
9.8367346939 17.9078598022
9.8408163265 47.4592437744
9.8448979592 103.7014389038
9.8489795918 155.3269653320
9.8530612245 176.2274780273
9.8571428571 164.6109161377
9.8612244898 124.1267318726
9.8653061224 87.2568511963
9.8693877551 53.2852401733
9.8734693878 27.5912666321
9.8775510204 5.6287050247
9.8816326531 0.0000000000
9.8857142857 0.0000000000
9.8897959184 0.0000000000
9.8938775510 0.0000000000
9.8979591837 0.0000000000
9.9020408163 0.0000000000
9.9061224490 0.0000000000
9.9102040816 0.0000000000
9.9142857143 0.0000000000
9.9183673469 0.0000000000
9.9224489796 0.0000000000
9.9265306122 0.0000000000
9.9306122449 0.0000000000
9.9346938776 0.0000000000
9.9387755102 0.0000000000
9.9428571429 0.0000000000
9.9469387755 0.0000000000
9.9510204082 0.0000000000
9.9551020408 0.0000000000
9.9591836735 0.0000000000
9.9632653061 0.0000000000
9.9673469388 0.0000000000
9.9714285714 0.0000000000
9.9755102041 0.0000000000
9.9795918367 0.0000000000
9.9836734694 0.0000000000
9.9877551020 0.0000000000
9.9918367347 0.0000000000
9.9959183673 0.0000000000
10.0000000000 0.0000000000
10.0040816327 0.0000000000
10.0081632653 0.0000000000
10.0122448980 0.0000000000
10.0163265306 0.0000000000
10.0204081633 0.0000000000
10.0244897959 0.0000000000
10.0285714286 0.0000000000
10.0326530612 0.0000000000
10.0367346939 0.0000000000
10.0408163265 0.0000000000
10.0448979592 0.0000000000
10.0489795918 0.0000000000
10.0530612245 0.0000000000
10.0571428571 0.0000000000
10.0612244898 0.0000000000
10.0653061224 0.0000000000
10.0693877551 0.0000000000
10.0734693878 0.0000000000
10.0775510204 0.0000000000
10.0816326531 0.0000000000
10.0857142857 0.0000000000
10.0897959184 0.0000000000
10.0938775510 0.0000000000
10.0979591837 0.0000000000
10.1020408163 0.0000000000
10.1061224490 0.0000000000
10.1102040816 0.0000000000
10.1142857143 0.0000000000
10.1183673469 0.7438659668
10.1224489796 1.4245510101
10.1265306122 0.0000000000
10.1306122449 2.3733377457
10.1346938776 4.3179988861
10.1387755102 0.0000000000
10.1428571429 0.0000000000
10.1469387755 0.0000000000
10.1510204082 0.0000000000
10.1551020408 0.0000000000
10.1591836735 0.0000000000
10.1632653061 0.0000000000
10.1673469388 0.0000000000
10.1714285714 0.0000000000
10.1755102041 0.0000000000
10.1795918367 0.0000000000
10.1836734694 0.0000000000
10.1877551020 0.0000000000
10.1918367347 0.2298355103
10.1959183673 1.5337467194
10.2000000000 3.0019283295
10.2040816327 3.4057645798
10.2081632653 12.4952049255
10.2122448980 16.2975502014
10.2163265306 20.8961677551
10.2204081633 24.4858283997
10.2244897959 15.9155130386
10.2285714286 8.2889795303
10.2326530612 2.7841925621
10.2367346939 0.5580782890
10.2408163265 6.9330854416
10.2448979592 24.8403930664
10.2489795918 44.4917678833
10.2530612245 86.7884216309
10.2571428571 94.5656738281
10.2612244898 94.8559036255
10.2653061224 77.4009704590
10.2693877551 58.2441406250
10.2734693878 38.6463088989
10.2775510204 25.7807655334
10.2816326531 15.2629022598
10.2857142857 13.6109294891
10.2897959184 13.1013393402
10.2938775510 11.4047527313
10.2979591837 7.3584914207
10.3020408163 1.0143518448
10.3061224490 0.0000000000
10.3102040816 0.0000000000
10.3142857143 0.0000000000
10.3183673469 0.0000000000
10.3224489796 0.0000000000
10.3265306122 0.0000000000
10.3306122449 0.0000000000
10.3346938776 0.0000000000
10.3387755102 0.0000000000
10.3428571429 0.0000000000
10.3469387755 0.0000000000
10.3510204082 0.0000000000
10.3551020408 0.0000000000
10.3591836735 0.0000000000
10.3632653061 0.0000000000
10.3673469388 0.0000000000
10.3714285714 0.0000000000
10.3755102041 0.0000000000
10.3795918367 0.0000000000
10.3836734694 0.0000000000
10.3877551020 0.0000000000
10.3918367347 0.0000000000
10.3959183673 0.0000000000
10.4000000000 0.0000000000
10.4040816327 0.0000000000
10.4081632653 0.0000000000
10.4122448980 0.0000000000
10.4163265306 0.0000000000
10.4204081633 10.9629554749
10.4244897959 49.0624465942
10.4285714286 100.5652160645
10.4326530612 137.4877014160
10.4367346939 146.1246185303
10.4408163265 134.2738037109
10.4448979592 112.3229064941
10.4489795918 84.5296630859
10.4530612245 54.7764015198
10.4571428571 24.5813140869
10.4612244898 0.0000000000
10.4653061224 0.0000000000
10.4693877551 0.0000000000
10.4734693878 0.0000000000
10.4775510204 0.0000000000
10.4816326531 0.0000000000
10.4857142857 0.0000000000
10.4897959184 0.0000000000
10.4938775510 0.0000000000
10.4979591837 0.0000000000
10.5020408163 0.0000000000
10.5061224490 0.0000000000
10.5102040816 0.0000000000
10.5142857143 0.0000000000
10.5183673469 0.0000000000
10.5224489796 0.0000000000
10.5265306122 0.0000000000
10.5306122449 0.0000000000
10.5346938776 4.7122240067
10.5387755102 3.6792306900
10.5428571429 1.4893561602
10.5469387755 0.8763968945
10.5510204082 1.3360381126
10.5551020408 0.0000000000
10.5591836735 0.0000000000
10.5632653061 0.0000000000
10.5673469388 0.0000000000
10.5714285714 0.0000000000
10.5755102041 0.0000000000
10.5795918367 0.0000000000
10.5836734694 0.0000000000
10.5877551020 7.7744069099
10.5918367347 23.1678466797
10.5959183673 50.8638305664
10.6000000000 79.4057464600
10.6040816327 82.2125091553
10.6081632653 74.5334625244
10.6122448980 66.8984069824
10.6163265306 59.4189186096
10.6204081633 49.2391281128
10.6244897959 37.5444297791
10.6285714286 25.4254341125
10.6326530612 14.4772529602
10.6367346939 3.0013918877
10.6408163265 0.0000000000
10.6448979592 0.0000000000
10.6489795918 0.0000000000
10.6530612245 0.0000000000
10.6571428571 0.0000000000
10.6612244898 0.0000000000
10.6653061224 0.0000000000
10.6693877551 0.0000000000
10.6734693878 0.0000000000
10.6775510204 4.3412895203
10.6816326531 6.2908229828
10.6857142857 7.9898982048
10.6897959184 13.4802913666
10.6938775510 9.1532316208
10.6979591837 8.1292686462
10.7020408163 2.8624236584
10.7061224490 0.0000000000
10.7102040816 0.0000000000
10.7142857143 0.0000000000
10.7183673469 0.0000000000
10.7224489796 0.0000000000
10.7265306122 0.0000000000
10.7306122449 0.0000000000
10.7346938776 0.0000000000
10.7387755102 0.0000000000
10.7428571429 0.7460415363
10.7469387755 0.9874999523
10.7510204082 2.8193891048
10.7551020408 0.0000000000
10.7591836735 0.0000000000
10.7632653061 0.0000000000
10.7673469388 0.0000000000
10.7714285714 0.0000000000
10.7755102041 0.0000000000
10.7795918367 0.0000000000
10.7836734694 0.0000000000
10.7877551020 0.0000000000
10.7918367347 0.0000000000
10.7959183673 0.0000000000
10.8000000000 0.0000000000
10.8040816327 0.0000000000
10.8081632653 0.9880959988
10.8122448980 2.7006268501
10.8163265306 0.0000000000
10.8204081633 0.0000000000
10.8244897959 0.0000000000
10.8285714286 3.2712817192
10.8326530612 24.9427547455
10.8367346939 81.8753814697
10.8408163265 163.9478454590
10.8448979592 191.8834228516
10.8489795918 193.9098205566
10.8530612245 168.0937500000
10.8571428571 141.2985229492
10.8612244898 128.9373626709
10.8653061224 101.6802825928
10.8693877551 74.1963348389
10.8734693878 49.9524765015
10.8775510204 34.9526977539
10.8816326531 24.0197486877
10.8857142857 13.6132831573
10.8897959184 5.0199627876
10.8938775510 0.0000000000
10.8979591837 0.0000000000
10.9020408163 0.0000000000
10.9061224490 0.0000000000
10.9102040816 0.0000000000
10.9142857143 0.0000000000
10.9183673469 0.0000000000
10.9224489796 0.0000000000
10.9265306122 0.0000000000
10.9306122449 0.0000000000
10.9346938776 0.0000000000
10.9387755102 0.0000000000
10.9428571429 0.0000000000
10.9469387755 0.0000000000
10.9510204082 0.0000000000
10.9551020408 0.0000000000
10.9591836735 0.0000000000
10.9632653061 0.0000000000
10.9673469388 0.0000000000
10.9714285714 0.0000000000
10.9755102041 0.0000000000
10.9795918367 0.0000000000
10.9836734694 0.0000000000
10.9877551020 0.0000000000
10.9918367347 0.0000000000
10.9959183673 0.0000000000
11.0000000000 0.0000000000
11.0040816327 0.0000000000
11.0081632653 0.0000000000
11.0122448980 0.0000000000
11.0163265306 0.0000000000
11.0204081633 0.0000000000
11.0244897959 0.0000000000
11.0285714286 0.0000000000
11.0326530612 0.0000000000
11.0367346939 0.0000000000
11.0408163265 0.0000000000
11.0448979592 0.0000000000
11.0489795918 0.0000000000
11.0530612245 0.0000000000
11.0571428571 0.0000000000
11.0612244898 0.0000000000
11.0653061224 0.0000000000
11.0693877551 0.0000000000
11.0734693878 0.0000000000
11.0775510204 0.0000000000
11.0816326531 0.0000000000
11.0857142857 0.0000000000
11.0897959184 0.0000000000
11.0938775510 0.0000000000
11.0979591837 0.0000000000
11.1020408163 0.0000000000
11.1061224490 0.0000000000
11.1102040816 0.0000000000
11.1142857143 0.0000000000
11.1183673469 0.0000000000
11.1224489796 0.0000000000
11.1265306122 0.0000000000
11.1306122449 0.0000000000
11.1346938776 0.0000000000
11.1387755102 0.0000000000
11.1428571429 0.0000000000
11.1469387755 0.0000000000
11.1510204082 0.0000000000
11.1551020408 0.0000000000
11.1591836735 0.0000000000
11.1632653061 0.0000000000
11.1673469388 0.0000000000
11.1714285714 0.0000000000
11.1755102041 0.0000000000
11.1795918367 0.0149011612
11.1836734694 0.0000000000
11.1877551020 0.0000000000
11.1918367347 0.0000000000
11.1959183673 0.0000000000
11.2000000000 0.0000000000
11.2040816327 0.0000000000
11.2081632653 0.0000000000
11.2122448980 0.0000000000
11.2163265306 0.0000000000
11.2204081633 0.0000000000
11.2244897959 0.0000000000
11.2285714286 0.0000000000
11.2326530612 0.0000000000
11.2367346939 0.0000000000
11.2408163265 0.0000000000
11.2448979592 0.0000000000
11.2489795918 0.0000000000
11.2530612245 0.0000000000
11.2571428571 0.0000000000
11.2612244898 0.0000000000
11.2653061224 0.0000000000
11.2693877551 0.0000000000
11.2734693878 0.0000000000
11.2775510204 0.0000000000
11.2816326531 0.0000000000
11.2857142857 0.7307529449
11.2897959184 1.5112757683
11.2938775510 0.5520582199
11.2979591837 0.0000000000
11.3020408163 0.0000000000
11.3061224490 0.0000000000
11.3102040816 0.0000000000
11.3142857143 0.0000000000
11.3183673469 0.0000000000
11.3224489796 0.0000000000
11.3265306122 0.0000000000
11.3306122449 0.0000000000
11.3346938776 0.0000000000
11.3387755102 0.0000000000
11.3428571429 0.0000000000
11.3469387755 0.0000000000
11.3510204082 0.0000000000
11.3551020408 0.0000000000
11.3591836735 0.0000000000
11.3632653061 0.0000000000
11.3673469388 0.0000000000
11.3714285714 0.0000000000
11.3755102041 0.0000000000
11.3795918367 0.0000000000
11.3836734694 0.0000000000
11.3877551020 0.0000000000
11.3918367347 0.0000000000
11.3959183673 0.0000000000
11.4000000000 0.0000000000
11.4040816327 0.0000000000
11.4081632653 0.0000000000
11.4122448980 0.0000000000
11.4163265306 0.0000000000
11.4204081633 0.0000000000
11.4244897959 2.1619796753
11.4285714286 21.0566520691
11.4326530612 53.1848983765
11.4367346939 87.9529724121
11.4408163265 120.3472290039
11.4448979592 123.5158996582
11.4489795918 112.6734924316
11.4530612245 93.7380523682
11.4571428571 69.7845840454
11.4612244898 41.2080726624
11.4653061224 25.6377449036
11.4693877551 0.6527900696
11.4734693878 0.0000000000
11.4775510204 0.0000000000
11.4816326531 0.0000000000
11.4857142857 0.0000000000
11.4897959184 0.0000000000
11.4938775510 0.0000000000
11.4979591837 0.0000000000
11.5020408163 0.0000000000
11.5061224490 0.0000000000
11.5102040816 0.0000000000
11.5142857143 0.0000000000
11.5183673469 0.0000000000
11.5224489796 0.0000000000
11.5265306122 0.0000000000
11.5306122449 0.0000000000
11.5346938776 0.0000000000
11.5387755102 0.0000000000
11.5428571429 0.0000000000
11.5469387755 0.0000000000
11.5510204082 0.0000000000
11.5551020408 0.0000000000
11.5591836735 0.0000000000
11.5632653061 0.0000000000
11.5673469388 0.0000000000
11.5714285714 0.0000000000
11.5755102041 0.0000000000
11.5795918367 0.0000000000
11.5836734694 0.0000000000
11.5877551020 0.0000000000
11.5918367347 0.0000000000
11.5959183673 0.0000000000
11.6000000000 0.0000000000
11.6040816327 0.0000000000
11.6081632653 0.0000000000
11.6122448980 0.0000000000
11.6163265306 0.0000000000
11.6204081633 0.4370808601
11.6244897959 36.5132904053
11.6285714286 100.1562194824
11.6326530612 157.2304992676
11.6367346939 186.8611450195
11.6408163265 177.7213745117
11.6448979592 149.9611206055
11.6489795918 121.0295867920
11.6530612245 94.5266189575
11.6571428571 72.9853515625
11.6612244898 53.9706649780
11.6653061224 39.0668487549
11.6693877551 24.7209663391
11.6734693878 13.5243530273
11.6775510204 5.3688287735
11.6816326531 0.0000000000
11.6857142857 0.0000000000
11.6897959184 0.0000000000
11.6938775510 0.0000000000
11.6979591837 0.0000000000
11.7020408163 0.0000000000
11.7061224490 0.0000000000
11.7102040816 0.0000000000
11.7142857143 0.0000000000
11.7183673469 0.0000000000
11.7224489796 0.0000000000
11.7265306122 0.0000000000
11.7306122449 0.0000000000
11.7346938776 0.0000000000
11.7387755102 0.0000000000
11.7428571429 0.0000000000
11.7469387755 0.0000000000
11.7510204082 0.0000000000
11.7551020408 0.0000000000
11.7591836735 0.0000000000
11.7632653061 0.0000000000
11.7673469388 0.0000000000
11.7714285714 0.0000000000
11.7755102041 0.0000000000
11.7795918367 0.0000000000
11.7836734694 0.0000000000
11.7877551020 0.0000000000
11.7918367347 0.0000000000
11.7959183673 0.0000000000
11.8000000000 0.0000000000
11.8040816327 0.0000000000
11.8081632653 0.0000000000
11.8122448980 0.3683567047
11.8163265306 0.5273818970
11.8204081633 0.9099841118
11.8244897959 1.5746057034
11.8285714286 1.9952952862
11.8326530612 0.0000000000
11.8367346939 0.0000000000
11.8408163265 0.0000000000
11.8448979592 0.0000000000
11.8489795918 0.0000000000
11.8530612245 0.0000000000
11.8571428571 0.0000000000
11.8612244898 0.0000000000
11.8653061224 0.0000000000
11.8693877551 0.0000000000
11.8734693878 0.0000000000
11.8775510204 0.0000000000
11.8816326531 0.0000000000
11.8857142857 0.0000000000
11.8897959184 0.0000000000
11.8938775510 0.0000000000
11.8979591837 0.0000000000
11.9020408163 0.0000000000
11.9061224490 0.0000000000
11.9102040816 0.0000000000
11.9142857143 0.0000000000
11.9183673469 0.0000000000
11.9224489796 0.0000000000
11.9265306122 0.0000000000
11.9306122449 0.0000000000
11.9346938776 0.0000000000
11.9387755102 0.0000000000
11.9428571429 0.0000000000
11.9469387755 0.0000000000
11.9510204082 0.0000000000
11.9551020408 0.0000000000
11.9591836735 0.0000000000
11.9632653061 0.0000000000
11.9673469388 0.0000000000
11.9714285714 0.0000000000
11.9755102041 0.0000000000
11.9795918367 0.0000000000
11.9836734694 0.0000000000
11.9877551020 0.0000000000
11.9918367347 0.0000000000
11.9959183673 0.0000000000
12.0000000000 0.0000000000
12.0040816327 0.0000000000
12.0081632653 0.0000000000
12.0122448980 6.8103671074
12.0163265306 20.8460693359
12.0204081633 33.1125869751
12.0244897959 40.2765884399
12.0285714286 41.3426132202
12.0326530612 37.5357894897
12.0367346939 30.5346851349
12.0408163265 21.5167388916
12.0448979592 5.6937036514
12.0489795918 0.0000000000
12.0530612245 0.0000000000
12.0571428571 0.0000000000
12.0612244898 0.0000000000
12.0653061224 0.0000000000
12.0693877551 0.0000000000
12.0734693878 0.0000000000
12.0775510204 0.0000000000
12.0816326531 0.0000000000
12.0857142857 0.0000000000
12.0897959184 0.0000000000
12.0938775510 0.0000000000
12.0979591837 0.0000000000
12.1020408163 0.0000000000
12.1061224490 0.0000000000
12.1102040816 0.0000000000
12.1142857143 0.0000000000
12.1183673469 0.0000000000
12.1224489796 0.0000000000
12.1265306122 0.0000000000
12.1306122449 0.0000000000
12.1346938776 0.0000000000
12.1387755102 0.0000000000
12.1428571429 0.0000000000
12.1469387755 0.0000000000
12.1510204082 0.0000000000
12.1551020408 0.0000000000
12.1591836735 0.0000000000
12.1632653061 0.0000000000
12.1673469388 0.0000000000
12.1714285714 0.0000000000
12.1755102041 0.8194446564
12.1795918367 1.0248422623
12.1836734694 0.6688833237
12.1877551020 2.6472806931
12.1918367347 1.5483796597
12.1959183673 0.6439685822
12.2000000000 0.9307861328
12.2040816327 1.0744333267
12.2081632653 1.1309385300
12.2122448980 0.0000000000
12.2163265306 0.0000000000
12.2204081633 0.0000000000
12.2244897959 0.0000000000
12.2285714286 0.0000000000
12.2326530612 0.0000000000
12.2367346939 0.0000000000
12.2408163265 0.0000000000
12.2448979592 0.0000000000
12.2489795918 0.0000000000
12.2530612245 0.0000000000
12.2571428571 0.0000000000
12.2612244898 0.0000000000
12.2653061224 0.0000000000
12.2693877551 0.0000000000
12.2734693878 0.0000000000
12.2775510204 0.0000000000
12.2816326531 0.0000000000
12.2857142857 0.0000000000
12.2897959184 0.0000000000
12.2938775510 0.0000000000
12.2979591837 0.0000000000
12.3020408163 0.0000000000
12.3061224490 0.0000000000
12.3102040816 0.0000000000
12.3142857143 0.0000000000
12.3183673469 0.0000000000
12.3224489796 0.0000000000
12.3265306122 0.0000000000
12.3306122449 0.0000000000
12.3346938776 0.0000000000
12.3387755102 0.0000000000
12.3428571429 0.0000000000
12.3469387755 0.0000000000
12.3510204082 0.0000000000
12.3551020408 0.0000000000
12.3591836735 0.0000000000
12.3632653061 0.0000000000
12.3673469388 0.0000000000
12.3714285714 0.5034208298
12.3755102041 0.0000000000
12.3795918367 0.0000000000
12.3836734694 0.0000000000
12.3877551020 0.0000000000
12.3918367347 0.0000000000
12.3959183673 0.0000000000
12.4000000000 0.0000000000
12.4040816327 0.0000000000
12.4081632653 1.4189183712
12.4122448980 5.5463314056
12.4163265306 4.0701031685
12.4204081633 2.6023387909
12.4244897959 11.6236209869
12.4285714286 35.8002319336
12.4326530612 97.6650238037
12.4367346939 154.7584838867
12.4408163265 182.8430786133
12.4448979592 177.9043579102
12.4489795918 151.0033874512
12.4530612245 116.8721618652
12.4571428571 84.0289001465
12.4612244898 52.5396156311
12.4653061224 21.9621353149
12.4693877551 0.0000000000
12.4734693878 0.0000000000
12.4775510204 0.0000000000
12.4816326531 0.0000000000
12.4857142857 0.0000000000
12.4897959184 0.0000000000
12.4938775510 0.0000000000
12.4979591837 0.0000000000
12.5020408163 0.0000000000
12.5061224490 0.0000000000
12.5102040816 0.0000000000
12.5142857143 0.0000000000
12.5183673469 0.0000000000
12.5224489796 0.0000000000
12.5265306122 0.0000000000
12.5306122449 0.0000000000
12.5346938776 0.0000000000
12.5387755102 0.0000000000
12.5428571429 0.0000000000
12.5469387755 0.0000000000
12.5510204082 0.0000000000
12.5551020408 0.0000000000
12.5591836735 0.0000000000
12.5632653061 0.0000000000
12.5673469388 0.0000000000
12.5714285714 0.0000000000
12.5755102041 0.0000000000
12.5795918367 0.0000000000
12.5836734694 0.0000000000
12.5877551020 0.0000000000
12.5918367347 0.0000000000
12.5959183673 0.0000000000
12.6000000000 0.0000000000
12.6040816327 0.0000000000
12.6081632653 1.0598450899
12.6122448980 1.8278956413
12.6163265306 0.2099275589
12.6204081633 0.0000000000
12.6244897959 0.0000000000
12.6285714286 0.0000000000
12.6326530612 0.0000000000
12.6367346939 0.0000000000
12.6408163265 0.0000000000
12.6448979592 0.0000000000
12.6489795918 0.0000000000
12.6530612245 0.0000000000
12.6571428571 0.0000000000
12.6612244898 0.9614229202
12.6653061224 2.5572180748
12.6693877551 2.6514530182
12.6734693878 3.1360387802
12.6775510204 2.8206706047
12.6816326531 1.4200210571
12.6857142857 0.0000000000
12.6897959184 0.0000000000
12.6938775510 0.0000000000
12.6979591837 0.0000000000
12.7020408163 0.0000000000
12.7061224490 0.0000000000
12.7102040816 0.0000000000
12.7142857143 0.0000000000
12.7183673469 0.0000000000
12.7224489796 0.0000000000
12.7265306122 0.0000000000
12.7306122449 0.0000000000
12.7346938776 0.0000000000
12.7387755102 0.0000000000
12.7428571429 1.4913082123
12.7469387755 4.3992996216
12.7510204082 2.2080092430
12.7551020408 0.0000000000
12.7591836735 0.0000000000
12.7632653061 0.0000000000
12.7673469388 0.0000000000
12.7714285714 0.0000000000
12.7755102041 0.0000000000
12.7795918367 0.0000000000
12.7836734694 0.0000000000
12.7877551020 4.0113143921
12.7918367347 4.9874968529
12.7959183673 4.5291671753
12.8000000000 6.6219048500
12.8040816327 7.2969198227
12.8081632653 2.8296709061
12.8122448980 1.8212795258
12.8163265306 1.4802217484
12.8204081633 3.2842755318
12.8244897959 12.6417579651
12.8285714286 61.8178977966
12.8326530612 85.3276824951
12.8367346939 144.9365234375
12.8408163265 129.2240905762
12.8448979592 107.7245330811
12.8489795918 86.6528778076
12.8530612245 67.4879531860
12.8571428571 51.2051467896
12.8612244898 39.6921310425
12.8653061224 30.2619037628
12.8693877551 22.7834243774
12.8734693878 8.7028293610
12.8775510204 6.3133835793
12.8816326531 3.6389827728
12.8857142857 0.0000000000
12.8897959184 0.0000000000
12.8938775510 0.0000000000
12.8979591837 0.0000000000
12.9020408163 0.0000000000
12.9061224490 0.0000000000
12.9102040816 0.0000000000
12.9142857143 0.0000000000
12.9183673469 0.0000000000
12.9224489796 0.0000000000
12.9265306122 0.0000000000
12.9306122449 0.0000000000
12.9346938776 0.0000000000
12.9387755102 0.0000000000
12.9428571429 0.0000000000
12.9469387755 0.0000000000
12.9510204082 0.0000000000
12.9551020408 0.0000000000
12.9591836735 0.0000000000
12.9632653061 0.0000000000
12.9673469388 0.0000000000
12.9714285714 0.0000000000
12.9755102041 0.0000000000
12.9795918367 0.0000000000
12.9836734694 0.0000000000
12.9877551020 0.0000000000
12.9918367347 0.0000000000
12.9959183673 0.0000000000
13.0000000000 0.0000000000
13.0040816327 0.0000000000
13.0081632653 0.0000000000
13.0122448980 0.0000000000
13.0163265306 0.0000000000
13.0204081633 0.0000000000
13.0244897959 0.0000000000
13.0285714286 18.5474052429
13.0326530612 48.4127998352
13.0367346939 77.2829818726
13.0408163265 106.0691986084
13.0448979592 105.7836074829
13.0489795918 90.5093994141
13.0530612245 67.5159988403
13.0571428571 45.4477539062
13.0612244898 17.7956161499
13.0653061224 1.8821358681
13.0693877551 0.8943080902
13.0734693878 0.0000000000
13.0775510204 0.0000000000
13.0816326531 0.0000000000
13.0857142857 0.0000000000
13.0897959184 0.0000000000
13.0938775510 0.0000000000
13.0979591837 0.0000000000
13.1020408163 0.0000000000
13.1061224490 0.0000000000
13.1102040816 0.0000000000
13.1142857143 0.0000000000
13.1183673469 0.0000000000
13.1224489796 0.0000000000
13.1265306122 0.0000000000
13.1306122449 0.0000000000
13.1346938776 0.0000000000
13.1387755102 0.0000000000
13.1428571429 0.0792145729
13.1469387755 0.0000000000
13.1510204082 0.2956390381
13.1551020408 0.6312429905
13.1591836735 0.0000000000
13.1632653061 1.4545321465
13.1673469388 1.0704398155
13.1714285714 0.3029704094
13.1755102041 0.0000000000
13.1795918367 0.0000000000
13.1836734694 0.0000000000
13.1877551020 0.0000000000
13.1918367347 0.0000000000
13.1959183673 0.0000000000
13.2000000000 1.6705430746
13.2040816327 0.1762695611
13.2081632653 0.0000000000
13.2122448980 0.0000000000
13.2163265306 0.0000000000
13.2204081633 0.4307627678
13.2244897959 2.3785233498
13.2285714286 8.9479684830
13.2326530612 13.9219169617
13.2367346939 12.9219293594
13.2408163265 5.3563117981
13.2448979592 0.8752942085
13.2489795918 0.0000000000
13.2530612245 0.0000000000
13.2571428571 0.0000000000
13.2612244898 0.0000000000
13.2653061224 0.0000000000
13.2693877551 0.0000000000
13.2734693878 0.0000000000
13.2775510204 0.0000000000
13.2816326531 0.0000000000
13.2857142857 0.0000000000
13.2897959184 0.0000000000
13.2938775510 0.2807378769
13.2979591837 0.0000000000
13.3020408163 0.0000000000
13.3061224490 0.0000000000
13.3102040816 0.0000000000
13.3142857143 0.0000000000
13.3183673469 0.0000000000
13.3224489796 0.0000000000
13.3265306122 0.0000000000
13.3306122449 0.0000000000
13.3346938776 0.8437633514
13.3387755102 0.4181265831
13.3428571429 0.0000000000
13.3469387755 0.0000000000
13.3510204082 0.0000000000
13.3551020408 0.0000000000
13.3591836735 0.0000000000
13.3632653061 0.0000000000
13.3673469388 0.0000000000
13.3714285714 0.0000000000
13.3755102041 0.0000000000
13.3795918367 0.0000000000
13.3836734694 1.4603137970
13.3877551020 1.5624016523
13.3918367347 2.2963285446
13.3959183673 1.6818046570
13.4000000000 1.0780841112
13.4040816327 0.0000000000
13.4081632653 0.6223284006
13.4122448980 0.4374980927
13.4163265306 4.4052896500
13.4204081633 4.7428312302
13.4244897959 11.3759040833
13.4285714286 15.9075260162
13.4326530612 15.2699947357
13.4367346939 17.1936759949
13.4408163265 17.4911022186
13.4448979592 16.6485080719
13.4489795918 10.6641349792
13.4530612245 1.4308691025
13.4571428571 0.0000000000
13.4612244898 0.3828555346
13.4653061224 13.2839679718
13.4693877551 47.2123641968
13.4734693878 90.9915161133
13.4775510204 107.5248260498
13.4816326531 109.1490325928
13.4857142857 99.2670822144
13.4897959184 82.1982650757
13.4938775510 80.3497161865
13.4979591837 60.5010299683
13.5020408163 39.8465309143
13.5061224490 20.1723308563
13.5102040816 6.2621536255
13.5142857143 0.0000000000
13.5183673469 0.0000000000
13.5224489796 0.0000000000
13.5265306122 0.0000000000
13.5306122449 0.0000000000
13.5346938776 0.0000000000
13.5387755102 0.0000000000
13.5428571429 0.0000000000
13.5469387755 0.0000000000
13.5510204082 0.0000000000
13.5551020408 0.0000000000
13.5591836735 0.0000000000
13.5632653061 0.0000000000
13.5673469388 0.0000000000
13.5714285714 0.0000000000
13.5755102041 0.0000000000
13.5795918367 0.0000000000
13.5836734694 0.0000000000
13.5877551020 0.0000000000
13.5918367347 0.0000000000
13.5959183673 0.0000000000
13.6000000000 0.0000000000
13.6040816327 0.0000000000
13.6081632653 0.0000000000
13.6122448980 0.0000000000
13.6163265306 6.6996140480
13.6204081633 21.7385292053
13.6244897959 43.0483818054
13.6285714286 55.5180282593
13.6326530612 58.8272819519
13.6367346939 54.1177978516
13.6408163265 38.3289451599
13.6448979592 22.2456302643
13.6489795918 1.2708306313
13.6530612245 0.0000000000
13.6571428571 0.0000000000
13.6612244898 0.0000000000
13.6653061224 0.0000000000
13.6693877551 0.0000000000
13.6734693878 0.0000000000
13.6775510204 0.0000000000
13.6816326531 0.0000000000
13.6857142857 0.0000000000
13.6897959184 0.0000000000
13.6938775510 0.0000000000
13.6979591837 0.0000000000
13.7020408163 0.0000000000
13.7061224490 0.0000000000
13.7102040816 0.0000000000
13.7142857143 0.0000000000
13.7183673469 0.0000000000
13.7224489796 0.0000000000
13.7265306122 0.0000000000
13.7306122449 0.0000000000
13.7346938776 0.0000000000
13.7387755102 0.0000000000
13.7428571429 0.0000000000
13.7469387755 0.0000000000
13.7510204082 0.0000000000
13.7551020408 0.0000000000
13.7591836735 0.0000000000
13.7632653061 0.0000000000
13.7673469388 0.0000000000
13.7714285714 0.0000000000
13.7755102041 0.0000000000
13.7795918367 0.0000000000
13.7836734694 0.0000000000
13.7877551020 0.0000000000
13.7918367347 0.0000000000
13.7959183673 0.0000000000
13.8000000000 0.0000000000
13.8040816327 0.1368522644
13.8081632653 0.0000000000
13.8122448980 0.0000000000
13.8163265306 0.0000000000
13.8204081633 0.0000000000
13.8244897959 0.0000000000
13.8285714286 0.1131296158
13.8326530612 0.0000000000
13.8367346939 0.1397281885
13.8408163265 0.0000000000
13.8448979592 0.0000000000
13.8489795918 0.0000000000
13.8530612245 0.0000000000
13.8571428571 0.0000000000
13.8612244898 0.0000000000
13.8653061224 0.0000000000
13.8693877551 0.0000000000
13.8734693878 0.0000000000
13.8775510204 0.0000000000
13.8816326531 0.0000000000
13.8857142857 0.0000000000
13.8897959184 0.0000000000
13.8938775510 0.0000000000
13.8979591837 0.0000000000
13.9020408163 0.0000000000
13.9061224490 0.0000000000
13.9102040816 0.0000000000
13.9142857143 0.0000000000
13.9183673469 0.0000000000
13.9224489796 0.0000000000
13.9265306122 0.0000000000
13.9306122449 0.0000000000
13.9346938776 0.0000000000
13.9387755102 0.0000000000
13.9428571429 0.0000000000
13.9469387755 0.0000000000
13.9510204082 0.0000000000
13.9551020408 0.0000000000
13.9591836735 0.0000000000
13.9632653061 0.0000000000
13.9673469388 0.0000000000
13.9714285714 0.0000000000
13.9755102041 0.0000000000
13.9795918367 0.0000000000
13.9836734694 0.0000000000
13.9877551020 0.7380396128
13.9918367347 4.2160153389
13.9959183673 11.6456747055
14.0000000000 39.3488540649
14.0040816327 71.3851165771
14.0081632653 143.5808563232
14.0122448980 197.5868835449
14.0163265306 206.7096252441
14.0204081633 190.2432861328
14.0244897959 165.0238952637
14.0285714286 140.3983459473
14.0326530612 126.0858612061
14.0367346939 101.5906906128
14.0408163265 87.0947875977
14.0448979592 70.6501007080
14.0489795918 53.9724807739
14.0530612245 46.3289031982
14.0571428571 33.5143203735
14.0612244898 21.7345352173
14.0653061224 7.2715282440
14.0693877551 0.2450942993
14.0734693878 0.0000000000
14.0775510204 0.0000000000
14.0816326531 0.0000000000
14.0857142857 0.0000000000
14.0897959184 0.0000000000
14.0938775510 0.0000000000
14.0979591837 0.0000000000
14.1020408163 0.0000000000
14.1061224490 0.0000000000
14.1102040816 0.0000000000
14.1142857143 0.0000000000
14.1183673469 0.0000000000
14.1224489796 0.0000000000
14.1265306122 0.0000000000
14.1306122449 0.0000000000
14.1346938776 0.0000000000
14.1387755102 0.0000000000
14.1428571429 0.0000000000
14.1469387755 0.0000000000
14.1510204082 0.0000000000
14.1551020408 0.0000000000
14.1591836735 0.0000000000
14.1632653061 0.0000000000
14.1673469388 0.0000000000
14.1714285714 0.0000000000
14.1755102041 0.0000000000
14.1795918367 0.0000000000
14.1836734694 0.0000000000
14.1877551020 0.0000000000
14.1918367347 0.0000000000
14.1959183673 0.0000000000
14.2000000000 0.0000000000
14.2040816327 0.0000000000
14.2081632653 0.0000000000
14.2122448980 0.0000000000
14.2163265306 0.0000000000
14.2204081633 0.0000000000
14.2244897959 0.0000000000
14.2285714286 0.0000000000
14.2326530612 0.0000000000
14.2367346939 0.0000000000
14.2408163265 0.0000000000
14.2448979592 0.0000000000
14.2489795918 0.0000000000
14.2530612245 1.2714862823
14.2571428571 4.9299149513
14.2612244898 1.1703372002
14.2653061224 0.0000000000
14.2693877551 0.9241178632
14.2734693878 1.1883080006
14.2775510204 0.0000000000
14.2816326531 0.3927946091
14.2857142857 1.2450218201
14.2897959184 1.3648867607
14.2938775510 1.0787248611
14.2979591837 2.6408433914
14.3020408163 1.0887980461
14.3061224490 0.0000000000
14.3102040816 0.0000000000
14.3142857143 0.0000000000
14.3183673469 0.0000000000
14.3224489796 0.0000000000
14.3265306122 0.0000000000
14.3306122449 0.0000000000
14.3346938776 0.0000000000
14.3387755102 0.0000000000
14.3428571429 1.3792216778
14.3469387755 1.4685094357
14.3510204082 0.2503395081
14.3551020408 0.0000000000
14.3591836735 0.1754760742
14.3632653061 0.0000000000
14.3673469388 0.0000000000
14.3714285714 0.0000000000
14.3755102041 0.0000000000
14.3795918367 0.0000000000
14.3836734694 0.0000000000
14.3877551020 0.0000000000
14.3918367347 0.0000000000
14.3959183673 0.0000000000
14.4000000000 0.0000000000
14.4040816327 0.0000000000
14.4081632653 0.0000000000
14.4122448980 0.0000000000
14.4163265306 0.0000000000
14.4204081633 0.0000000000
14.4244897959 0.0000000000
14.4285714286 0.0000000000
14.4326530612 1.0170340538
14.4367346939 14.7410030365
14.4408163265 22.0492477417
14.4448979592 22.2925243378
14.4489795918 20.2562217712
14.4530612245 20.7444572449
14.4571428571 18.4081420898
14.4612244898 13.1562500000
14.4653061224 5.6187658310
14.4693877551 0.0000000000
14.4734693878 0.0000000000
14.4775510204 0.0000000000
14.4816326531 0.0000000000
14.4857142857 0.0000000000
14.4897959184 0.0000000000
14.4938775510 0.0000000000
14.4979591837 0.0000000000
14.5020408163 0.0000000000
14.5061224490 0.0000000000
14.5102040816 0.0000000000
14.5142857143 0.0000000000
14.5183673469 0.0000000000
14.5224489796 0.0000000000
14.5265306122 0.0000000000
14.5306122449 0.0000000000
14.5346938776 0.0000000000
14.5387755102 0.0000000000
14.5428571429 0.0000000000
14.5469387755 0.0000000000
14.5510204082 0.0000000000
14.5551020408 0.0000000000
14.5591836735 0.0000000000
14.5632653061 0.0000000000
14.5673469388 0.0000000000
14.5714285714 0.0000000000
14.5755102041 0.0000000000
14.5795918367 0.0000000000
14.5836734694 0.0000000000
14.5877551020 0.0000000000
14.5918367347 0.2396702766
14.5959183673 1.3154745102
14.6000000000 1.4405846596
14.6040816327 2.9082446098
14.6081632653 2.1926164627
14.6122448980 0.4327297211
14.6163265306 0.0000000000
14.6204081633 0.0000000000
14.6244897959 0.0000000000
14.6285714286 0.0000000000
14.6326530612 0.0000000000
14.6367346939 0.1919269562
14.6408163265 3.0944943428
14.6448979592 3.5042762756
14.6489795918 5.3082108498
14.6530612245 6.5754652023
14.6571428571 5.2763223648
14.6612244898 2.6928186417
14.6653061224 0.0000000000
14.6693877551 0.0000000000
14.6734693878 0.0000000000
14.6775510204 0.0000000000
14.6816326531 0.0000000000
14.6857142857 0.0000000000
14.6897959184 0.0000000000
14.6938775510 0.0000000000
14.6979591837 0.0000000000
14.7020408163 0.0000000000
14.7061224490 0.0000000000
14.7102040816 0.0000000000
14.7142857143 0.0000000000
14.7183673469 0.0000000000
14.7224489796 0.0000000000
14.7265306122 0.0000000000
14.7306122449 0.0000000000
14.7346938776 0.0000000000
14.7387755102 0.0000000000
14.7428571429 0.0000000000
14.7469387755 0.0000000000
14.7510204082 0.0000000000
14.7551020408 0.0000000000
14.7591836735 0.0000000000
14.7632653061 0.0000000000
14.7673469388 0.0000000000
14.7714285714 0.0000000000
14.7755102041 0.0000000000
14.7795918367 0.0000000000
14.7836734694 0.0000000000
14.7877551020 0.0000000000
14.7918367347 0.0000000000
14.7959183673 0.0000000000
14.8000000000 0.0000000000
14.8040816327 0.0000000000
14.8081632653 9.0227127075
14.8122448980 14.3384933472
14.8163265306 92.7400817871
14.8204081633 211.1518249512
14.8244897959 226.0777282715
14.8285714286 204.3922729492
14.8326530612 178.0047912598
14.8367346939 149.6316986084
14.8408163265 127.0296020508
14.8448979592 97.6431961060
14.8489795918 79.8841705322
14.8530612245 57.7181587219
14.8571428571 36.1449699402
14.8612244898 17.7743434906
14.8653061224 4.1990280151
14.8693877551 0.0000000000
14.8734693878 0.0000000000
14.8775510204 0.0000000000
14.8816326531 0.0000000000
14.8857142857 0.0000000000
14.8897959184 0.0000000000
14.8938775510 0.0000000000
14.8979591837 0.0000000000
14.9020408163 0.0000000000
14.9061224490 0.0000000000
14.9102040816 0.0000000000
14.9142857143 0.0000000000
14.9183673469 0.0000000000
14.9224489796 0.0000000000
14.9265306122 0.0000000000
14.9306122449 0.0000000000
14.9346938776 0.0000000000
14.9387755102 0.0000000000
14.9428571429 0.0000000000
14.9469387755 0.0000000000
14.9510204082 0.0000000000
14.9551020408 0.0000000000
14.9591836735 0.0000000000
14.9632653061 0.0000000000
14.9673469388 0.0000000000
14.9714285714 0.0000000000
14.9755102041 0.0000000000
