0.0040816327 0.0000000000
0.0081632653 0.0000000000
0.0122448980 0.0000000000
0.0163265306 0.0000000000
0.0204081633 0.0000000000
0.0244897959 0.0000000000
0.0285714286 0.8901357651
0.0326530612 0.0640153885
0.0367346939 0.0000000000
0.0408163265 0.0000000000
0.0448979592 0.0000000000
0.0489795918 0.0000000000
0.0530612245 0.0000000000
0.0571428571 0.0000000000
0.0612244898 0.0000000000
0.0653061224 0.0000000000
0.0693877551 0.0000000000
0.0734693878 0.0000000000
0.0775510204 0.0000000000
0.0816326531 0.0000000000
0.0857142857 0.0000000000
0.0897959184 0.0000000000
0.0938775510 0.0000000000
0.0979591837 0.0000000000
0.1020408163 0.0000000000
0.1061224490 0.0000000000
0.1102040816 0.0000000000
0.1142857143 0.0000000000
0.1183673469 0.0000000000
0.1224489796 0.0000000000
0.1265306122 0.0000000000
0.1306122449 0.0000000000
0.1346938776 0.0000000000
0.1387755102 0.0000000000
0.1428571429 0.0000000000
0.1469387755 0.0000000000
0.1510204082 0.0000000000
0.1551020408 0.0000000000
0.1591836735 0.0000000000
0.1632653061 0.0000000000
0.1673469388 0.0000000000
0.1714285714 0.0000000000
0.1755102041 0.0000000000
0.1795918367 0.0000000000
0.1836734694 0.0000000000
0.1877551020 0.0000000000
0.1918367347 0.0000000000
0.1959183673 0.0000000000
0.2000000000 0.0000000000
0.2040816327 0.0000000000
0.2081632653 0.0000000000
0.2122448980 0.0000000000
0.2163265306 0.0000000000
0.2204081633 1.1334419250
0.2244897959 4.7004222870
0.2285714286 7.4650049210
0.2326530612 15.0903911591
0.2367346939 18.5149307251
0.2408163265 33.9561691284
0.2448979592 39.3086662292
0.2489795918 35.5042190552
0.2530612245 28.7852287292
0.2571428571 26.3390541077
0.2612244898 8.8895854950
0.2653061224 0.0000000000
0.2693877551 2.8181076050
0.2734693878 0.0000000000
0.2775510204 0.0000000000
0.2816326531 0.0000000000
0.2857142857 0.7394552231
0.2897959184 1.3454556465
0.2938775510 3.9204955101
0.2979591837 2.2336244583
0.3020408163 0.0000000000
0.3061224490 0.0000000000
0.3102040816 0.0000000000
0.3142857143 0.0000000000
0.3183673469 0.0000000000
0.3224489796 0.0000000000
0.3265306122 0.0000000000
0.3306122449 0.0000000000
0.3346938776 0.0000000000
0.3387755102 0.0000000000
0.3428571429 0.9547472000
0.3469387755 1.0594129562
0.3510204082 0.3577470779
0.3551020408 0.0000000000
0.3591836735 0.0000000000
0.3632653061 1.9989013672
0.3673469388 8.0246925354
0.3714285714 18.9235229492
0.3755102041 49.3296661377
0.3795918367 77.2524185181
0.3836734694 80.9967498779
0.3877551020 74.6452789307
0.3918367347 64.0465087891
0.3959183673 50.8695831299
0.4000000000 40.3231658936
0.4040816327 24.1912002563
0.4081632653 5.2571892738
0.4122448980 0.0000000000
0.4163265306 0.0000000000
0.4204081633 0.0000000000
0.4244897959 0.0000000000
0.4285714286 1.6599893570
0.4326530612 13.3408308029
0.4367346939 10.2921724319
0.4408163265 23.8564014435
0.4448979592 19.7473754883
0.4489795918 12.1802692413
0.4530612245 3.3124685287
0.4571428571 0.0000000000
0.4612244898 0.0000000000
0.4653061224 0.0000000000
0.4693877551 0.0000000000
0.4734693878 0.0000000000
0.4775510204 0.0000000000
0.4816326531 0.0000000000
0.4857142857 0.0000000000
0.4897959184 0.0000000000
0.4938775510 0.0000000000
0.4979591837 0.0000000000
0.5020408163 0.0000000000
0.5061224490 0.0000000000
0.5102040816 0.0000000000
0.5142857143 0.0000000000
0.5183673469 0.0000000000
0.5224489796 0.0000000000
0.5265306122 0.0000000000
0.5306122449 0.0000000000
0.5346938776 0.0000000000
0.5387755102 0.0000000000
0.5428571429 0.0000000000
0.5469387755 0.0000000000
0.5510204082 0.0000000000
0.5551020408 0.0000000000
0.5591836735 0.0000000000
0.5632653061 0.0000000000
0.5673469388 0.0000000000
0.5714285714 0.0000000000
0.5755102041 0.0000000000
0.5795918367 0.0000000000
0.5836734694 0.0000000000
0.5877551020 0.0000000000
0.5918367347 4.5872926712
0.5959183673 9.1139678955
0.6000000000 42.1906127930
0.6040816327 63.2238998413
0.6081632653 61.3103332520
0.6122448980 53.2472457886
0.6163265306 49.2130661011
0.6204081633 40.9128799438
0.6244897959 27.9316749573
0.6285714286 17.6981697083
0.6326530612 11.1550979614
0.6367346939 1.6738176346
0.6408163265 2.5461316109
0.6448979592 0.0000000000
0.6489795918 0.1789927483
0.6530612245 0.0000000000
0.6571428571 0.0000000000
0.6612244898 0.0000000000
0.6653061224 0.0000000000
0.6693877551 0.0000000000
0.6734693878 3.7797689438
0.6775510204 8.2633495331
0.6816326531 5.2989721298
0.6857142857 21.2009544373
0.6897959184 17.6293849945
0.6938775510 5.9365034103
0.6979591837 3.4104585648
0.7020408163 6.5424442291
0.7061224490 3.5780668259
0.7102040816 0.0000000000
0.7142857143 1.6602277756
0.7183673469 0.0000000000
0.7224489796 0.0000000000
0.7265306122 0.0000000000
0.7306122449 0.0000000000
0.7346938776 0.0000000000
0.7387755102 0.0000000000
0.7428571429 0.0000000000
0.7469387755 0.0000000000
0.7510204082 3.7086009979
0.7551020408 6.0191154480
0.7591836735 19.1039428711
0.7632653061 38.3319854736
0.7673469388 57.2073135376
0.7714285714 70.4194030762
0.7755102041 69.5047988892
0.7795918367 68.4363250732
0.7836734694 52.7898101807
0.7877551020 50.2735977173
0.7918367347 43.8812980652
0.7959183673 25.1449947357
0.8000000000 8.1219081879
0.8040816327 0.7944107056
0.8081632653 0.0000000000
0.8122448980 0.0000000000
0.8163265306 0.0000000000
0.8204081633 0.0000000000
0.8244897959 0.0000000000
0.8285714286 3.3144950867
0.8326530612 2.0630955696
0.8367346939 0.2111196518
0.8408163265 0.0000000000
0.8448979592 0.0000000000
0.8489795918 0.0000000000
0.8530612245 0.0000000000
0.8571428571 0.0000000000
0.8612244898 13.5420560837
0.8653061224 18.8187370300
0.8693877551 24.5023365021
0.8734693878 19.5035934448
0.8775510204 12.3182830811
0.8816326531 8.2036256790
0.8857142857 7.8936815262
0.8897959184 2.7821362019
0.8938775510 0.0000000000
0.8979591837 0.0000000000
0.9020408163 0.0000000000
0.9061224490 0.0000000000
0.9102040816 0.0000000000
0.9142857143 0.0000000000
0.9183673469 0.0000000000
0.9224489796 0.0000000000
0.9265306122 0.0000000000
0.9306122449 0.0000000000
0.9346938776 0.0000000000
0.9387755102 0.0000000000
0.9428571429 0.0000000000
0.9469387755 0.0000000000
0.9510204082 0.0000000000
0.9551020408 0.0000000000
0.9591836735 0.0000000000
0.9632653061 0.0000000000
0.9673469388 0.0000000000
0.9714285714 0.0000000000
0.9755102041 0.0000000000
0.9795918367 0.0000000000
0.9836734694 0.0000000000
0.9877551020 0.0000000000
0.9918367347 0.0000000000
0.9959183673 0.0000000000
1.0000000000 0.0000000000
1.0040816327 0.0000000000
1.0081632653 0.0000000000
1.0122448980 0.0000000000
1.0163265306 0.0000000000
1.0204081633 8.8220233917
1.0244897959 31.7980041504
1.0285714286 52.6091156006
1.0326530612 63.7164688110
1.0367346939 61.1270370483
1.0408163265 60.3375740051
1.0448979592 47.2164459229
1.0489795918 31.2415733337
1.0530612245 24.2311058044
1.0571428571 17.9028511047
1.0612244898 14.8517189026
1.0653061224 5.4950118065
1.0693877551 0.0000000000
1.0734693878 0.0000000000
1.0775510204 0.0000000000
1.0816326531 0.0000000000
1.0857142857 0.0000000000
1.0897959184 0.0000000000
1.0938775510 0.0000000000
1.0979591837 0.0000000000
1.1020408163 0.0000000000
1.1061224490 0.0000000000
1.1102040816 0.0000000000
1.1142857143 0.0000000000
1.1183673469 0.0000000000
1.1224489796 0.0000000000
1.1265306122 0.0000000000
1.1306122449 0.0000000000
1.1346938776 0.0000000000
1.1387755102 0.0000000000
1.1428571429 0.0000000000
1.1469387755 0.0000000000
1.1510204082 0.0000000000
1.1551020408 0.0000000000
1.1591836735 0.0000000000
1.1632653061 12.0411510468
1.1673469388 25.6920452118
1.1714285714 62.4254341125
1.1755102041 83.1796264648
1.1795918367 87.8400802612
1.1836734694 74.0013732910
1.1877551020 57.8207664490
1.1918367347 49.0502395630
1.1959183673 40.1381225586
1.2000000000 32.0254859924
1.2040816327 22.1363010406
1.2081632653 22.5729331970
1.2122448980 20.6618614197
1.2163265306 17.1062660217
1.2204081633 6.1330795288
1.2244897959 2.5864839554
1.2285714286 0.0000000000
1.2326530612 0.0000000000
1.2367346939 0.0000000000
1.2408163265 0.0000000000
1.2448979592 0.0000000000
1.2489795918 0.0000000000
1.2530612245 0.0000000000
1.2571428571 0.0000000000
1.2612244898 0.0000000000
1.2653061224 0.0000000000
1.2693877551 0.0000000000
1.2734693878 0.0000000000
1.2775510204 0.0000000000
1.2816326531 0.0000000000
1.2857142857 0.0000000000
1.2897959184 0.0000000000
1.2938775510 0.0000000000
1.2979591837 0.0000000000
1.3020408163 0.0000000000
1.3061224490 0.0000000000
1.3102040816 0.0000000000
1.3142857143 0.0000000000
1.3183673469 0.0000000000
1.3224489796 0.0000000000
1.3265306122 0.0000000000
1.3306122449 0.0000000000
1.3346938776 0.0000000000
1.3387755102 0.0000000000
1.3428571429 0.0000000000
1.3469387755 0.0000000000
1.3510204082 0.0000000000
1.3551020408 0.0000000000
1.3591836735 0.0000000000
1.3632653061 0.0000000000
1.3673469388 0.0000000000
1.3714285714 0.0000000000
1.3755102041 0.0000000000
1.3795918367 0.0000000000
1.3836734694 0.0000000000
1.3877551020 0.0000000000
1.3918367347 0.0000000000
1.3959183673 0.0000000000
1.4000000000 0.0000000000
1.4040816327 8.0442428589
1.4081632653 37.2333831787
1.4122448980 39.1265449524
1.4163265306 47.6664581299
1.4204081633 61.7241401672
1.4244897959 66.0924987793
1.4285714286 71.2486801147
1.4326530612 79.0430603027
1.4367346939 93.5702056885
1.4408163265 100.6890869141
1.4448979592 96.5248413086
1.4489795918 92.0951690674
1.4530612245 87.5852355957
1.4571428571 85.7262039185
1.4612244898 71.9435195923
1.4653061224 58.1356277466
1.4693877551 46.3346252441
1.4734693878 33.2685699463
1.4775510204 27.7114810944
1.4816326531 14.5499410629
1.4857142857 7.8191757202
1.4897959184 1.7663240433
1.4938775510 0.0000000000
1.4979591837 0.0000000000
1.5020408163 0.0000000000
1.5061224490 1.0845661163
1.5102040816 1.0185241699
1.5142857143 0.0000000000
1.5183673469 0.0000000000
1.5224489796 0.0000000000
1.5265306122 0.0000000000
1.5306122449 0.0000000000
1.5346938776 0.0000000000
1.5387755102 0.0000000000
1.5428571429 0.0000000000
1.5469387755 0.0000000000
1.5510204082 0.0000000000
1.5551020408 0.0000000000
1.5591836735 0.0000000000
1.5632653061 0.0000000000
1.5673469388 0.5686283112
1.5714285714 12.2993583679
1.5755102041 18.9245948792
1.5795918367 29.0744304657
1.5836734694 44.2442321777
1.5877551020 59.3594894409
1.5918367347 58.1668014526
1.5959183673 51.6123199463
1.6000000000 43.8115921021
1.6040816327 22.1309070587
1.6081632653 11.6801261902
1.6122448980 0.0000000000
1.6163265306 0.0000000000
1.6204081633 0.0000000000
1.6244897959 0.0000000000
1.6285714286 0.0000000000
1.6326530612 0.0000000000
1.6367346939 0.0000000000
1.6408163265 0.0000000000
1.6448979592 0.0000000000
1.6489795918 0.0000000000
1.6530612245 0.0000000000
1.6571428571 0.0000000000
1.6612244898 0.0000000000
1.6653061224 3.2362937927
1.6693877551 5.1541624069
1.6734693878 8.4198713303
1.6775510204 15.6601066589
1.6816326531 5.3553581238
1.6857142857 0.0000000000
1.6897959184 0.0000000000
1.6938775510 2.4018287659
1.6979591837 3.4167766571
1.7020408163 0.0000000000
1.7061224490 0.9845495224
1.7102040816 0.0000000000
1.7142857143 0.0000000000
1.7183673469 0.0000000000
1.7224489796 0.0000000000
1.7265306122 0.0000000000
1.7306122449 0.0000000000
1.7346938776 0.0000000000
1.7387755102 0.0000000000
1.7428571429 0.0000000000
1.7469387755 0.0000000000
1.7510204082 0.0000000000
1.7551020408 0.0000000000
1.7591836735 0.0000000000
1.7632653061 0.0000000000
1.7673469388 0.0000000000
1.7714285714 0.0000000000
1.7755102041 0.0000000000
1.7795918367 0.0000000000
1.7836734694 0.0000000000
1.7877551020 0.0000000000
1.7918367347 0.0000000000
1.7959183673 0.0000000000
1.8000000000 0.0000000000
1.8040816327 9.8202228546
1.8081632653 25.6940116882
1.8122448980 27.1970176697
1.8163265306 35.3575515747
1.8204081633 50.5727386475
1.8244897959 67.2881317139
1.8285714286 72.8285293579
1.8326530612 70.6837158203
1.8367346939 60.1483001709
1.8408163265 46.0764770508
1.8448979592 38.8360633850
1.8489795918 35.8964805603
1.8530612245 26.6699790955
1.8571428571 13.5117769241
1.8612244898 2.9039978981
1.8653061224 3.0092000961
1.8693877551 0.2384185791
1.8734693878 3.7680864334
1.8775510204 0.0000000000
1.8816326531 0.0000000000
1.8857142857 0.0000000000
1.8897959184 0.0000000000
1.8938775510 0.0000000000
1.8979591837 0.0000000000
1.9020408163 0.0000000000
1.9061224490 0.0000000000
1.9102040816 0.0000000000
1.9142857143 0.0000000000
1.9183673469 0.0000000000
1.9224489796 0.0000000000
1.9265306122 0.0000000000
1.9306122449 0.0000000000
1.9346938776 0.0000000000
1.9387755102 0.0000000000
1.9428571429 0.0000000000
1.9469387755 0.0000000000
1.9510204082 0.0000000000
1.9551020408 3.7925095558
1.9591836735 25.3272953033
1.9632653061 48.5753402710
1.9673469388 64.6148605347
1.9714285714 86.4124908447
1.9755102041 102.9216613770
1.9795918367 91.1214904785
1.9836734694 78.4842376709
1.9877551020 81.8132171631
1.9918367347 71.0266265869
1.9959183673 49.2482185364
2.0000000000 25.8867740631
2.0040816327 10.9072923660
2.0081632653 0.7256269455
2.0122448980 0.0000000000
2.0163265306 0.0000000000
2.0204081633 0.0000000000
2.0244897959 0.0000000000
2.0285714286 0.0000000000
2.0326530612 0.0000000000
2.0367346939 0.0000000000
2.0408163265 0.0000000000
2.0448979592 0.0000000000
2.0489795918 0.0000000000
2.0530612245 0.0000000000
2.0571428571 0.0000000000
2.0612244898 0.0000000000
2.0653061224 0.0000000000
2.0693877551 0.0000000000
2.0734693878 0.0000000000
2.0775510204 0.0000000000
2.0816326531 0.0000000000
2.0857142857 6.9130063057
2.0897959184 9.6477270126
2.0938775510 8.6140041351
2.0979591837 6.0338973999
2.1020408163 0.0000000000
2.1061224490 0.0000000000
2.1102040816 0.0000000000
2.1142857143 0.0000000000
2.1183673469 0.0000000000
2.1224489796 0.0000000000
2.1265306122 0.0000000000
2.1306122449 0.0000000000
2.1346938776 0.0000000000
2.1387755102 0.0000000000
2.1428571429 0.0000000000
2.1469387755 0.0000000000
2.1510204082 0.0000000000
2.1551020408 0.0000000000
2.1591836735 0.0000000000
2.1632653061 0.0000000000
2.1673469388 0.0000000000
2.1714285714 0.0000000000
2.1755102041 0.0000000000
2.1795918367 0.0000000000
2.1836734694 0.0000000000
2.1877551020 0.0000000000
2.1918367347 0.0000000000
2.1959183673 0.0000000000
2.2000000000 0.0000000000
2.2040816327 0.0000000000
2.2081632653 6.6439509392
2.2122448980 51.7819557190
2.2163265306 93.0273666382
2.2204081633 101.2727661133
2.2244897959 94.7692108154
2.2285714286 81.9132919312
2.2326530612 73.3671188354
2.2367346939 75.5592880249
2.2408163265 56.3909683228
2.2448979592 43.7174911499
2.2489795918 37.7150764465
2.2530612245 26.3791389465
2.2571428571 18.3860054016
2.2612244898 14.5517587662
2.2653061224 7.7389478683
2.2693877551 0.0000000000
2.2734693878 0.0000000000
2.2775510204 0.0000000000
2.2816326531 0.0000000000
2.2857142857 0.0000000000
2.2897959184 0.0000000000
2.2938775510 0.0000000000
2.2979591837 0.0000000000
2.3020408163 0.0000000000
2.3061224490 0.0000000000
2.3102040816 0.0000000000
2.3142857143 0.0000000000
2.3183673469 0.0000000000
2.3224489796 0.0000000000
2.3265306122 0.0000000000
2.3306122449 0.0000000000
2.3346938776 0.0000000000
2.3387755102 0.0000000000
2.3428571429 0.0000000000
2.3469387755 0.0000000000
2.3510204082 0.1628994942
2.3551020408 13.2365226746
2.3591836735 33.4478034973
2.3632653061 80.4730682373
2.3673469388 134.6518707275
2.3714285714 152.9474487305
2.3755102041 147.4491577148
2.3795918367 128.9870452881
2.3836734694 104.5770034790
2.3877551020 78.9551162720
2.3918367347 59.6101875305
2.3959183673 46.5879440308
2.4000000000 33.5372695923
2.4040816327 28.9047946930
2.4081632653 12.6585960388
2.4122448980 0.0000000000
2.4163265306 0.0000000000
2.4204081633 0.0000000000
2.4244897959 0.0000000000
2.4285714286 0.0000000000
2.4326530612 0.0000000000
2.4367346939 0.0000000000
2.4408163265 0.0000000000
2.4448979592 0.0000000000
2.4489795918 0.9306669235
2.4530612245 1.1034011841
2.4571428571 0.0000000000
2.4612244898 0.0000000000
2.4653061224 0.0000000000
2.4693877551 3.0562877655
2.4734693878 0.0000000000
2.4775510204 0.0000000000
2.4816326531 0.0000000000
2.4857142857 0.0000000000
2.4897959184 0.0000000000
2.4938775510 0.0000000000
2.4979591837 0.0000000000
2.5020408163 0.0000000000
2.5061224490 0.0000000000
2.5102040816 0.0000000000
2.5142857143 0.0000000000
2.5183673469 0.0000000000
2.5224489796 0.0000000000
2.5265306122 0.0000000000
2.5306122449 0.0000000000
2.5346938776 0.0000000000
2.5387755102 0.0000000000
2.5428571429 0.0000000000
2.5469387755 0.0000000000
2.5510204082 0.0000000000
2.5551020408 0.0000000000
2.5591836735 0.0000000000
2.5632653061 0.0000000000
2.5673469388 0.0000000000
2.5714285714 0.0000000000
2.5755102041 0.0000000000
2.5795918367 0.0000000000
2.5836734694 0.0000000000
2.5877551020 0.0000000000
2.5918367347 0.0000000000
2.5959183673 0.0000000000
2.6000000000 0.0000000000
2.6040816327 0.0000000000
2.6081632653 0.0000000000
2.6122448980 0.6428956985
2.6163265306 1.6757249832
2.6204081633 19.1745166779
2.6244897959 42.9425849915
2.6285714286 59.4662132263
2.6326530612 66.1611022949
2.6367346939 63.3340492249
2.6408163265 49.5476722717
2.6448979592 39.7494735718
2.6489795918 22.7362823486
2.6530612245 8.8080015182
2.6571428571 1.7446875572
2.6612244898 0.0000000000
2.6653061224 0.0000000000
2.6693877551 0.0000000000
2.6734693878 0.0000000000
2.6775510204 0.0000000000
2.6816326531 0.0000000000
2.6857142857 0.0000000000
2.6897959184 0.0000000000
2.6938775510 0.0000000000
2.6979591837 0.0000000000
2.7020408163 0.0000000000
2.7061224490 2.3071913719
2.7102040816 0.2773404121
2.7142857143 5.0333290100
2.7183673469 1.4838576317
2.7224489796 0.0000000000
2.7265306122 0.0000000000
2.7306122449 0.0000000000
2.7346938776 0.0000000000
2.7387755102 0.0000000000
2.7428571429 0.0000000000
2.7469387755 4.9097537994
2.7510204082 23.4966278076
2.7551020408 38.2444267273
2.7591836735 70.0504608154
2.7632653061 97.3695220947
2.7673469388 88.9010162354
2.7714285714 74.1165924072
2.7755102041 59.7673339844
2.7795918367 43.1371459961
2.7836734694 26.0967617035
2.7877551020 15.0723457336
2.7918367347 3.7076473236
2.7959183673 9.5263118744
2.8000000000 0.8970499039
2.8040816327 3.6658048630
2.8081632653 0.0000000000
2.8122448980 0.0000000000
2.8163265306 0.0000000000
2.8204081633 0.0000000000
2.8244897959 0.0000000000
2.8285714286 0.0000000000
2.8326530612 0.0000000000
2.8367346939 0.0000000000
2.8408163265 0.0000000000
2.8448979592 0.9435415268
2.8489795918 0.0000000000
2.8530612245 0.3635883331
2.8571428571 0.0000000000
2.8612244898 0.0000000000
2.8653061224 0.0000000000
2.8693877551 0.0000000000
2.8734693878 0.0000000000
2.8775510204 0.0000000000
2.8816326531 0.0000000000
2.8857142857 0.0000000000
2.8897959184 0.0000000000
2.8938775510 0.0000000000
2.8979591837 0.0000000000
2.9020408163 0.0000000000
2.9061224490 0.7894039154
2.9102040816 1.5922784805
2.9142857143 1.7198324203
2.9183673469 0.0000000000
2.9224489796 0.0953674316
2.9265306122 0.0000000000
2.9306122449 0.0000000000
2.9346938776 0.0000000000
2.9387755102 0.0000000000
2.9428571429 0.0000000000
2.9469387755 0.0000000000
2.9510204082 0.0000000000
2.9551020408 0.0000000000
2.9591836735 0.0000000000
2.9632653061 0.0000000000
2.9673469388 0.0000000000
2.9714285714 0.0000000000
2.9755102041 0.0000000000
2.9795918367 0.0000000000
2.9836734694 0.0000000000
2.9877551020 0.0000000000
2.9918367347 7.6868238449
2.9959183673 42.0757675171
3.0000000000 65.0180892944
3.0040816327 91.1790771484
3.0081632653 100.2869873047
3.0122448980 98.1914978027
3.0163265306 87.0036163330
3.0204081633 73.3599395752
3.0244897959 58.9607963562
3.0285714286 50.5646171570
3.0326530612 41.1567382812
3.0367346939 36.4742889404
3.0408163265 26.6262893677
3.0448979592 15.5161619186
3.0489795918 22.1521854401
3.0530612245 25.2372627258
3.0571428571 25.4850387573
3.0612244898 27.4900207520
3.0653061224 36.1379394531
3.0693877551 32.8934783936
3.0734693878 27.6738395691
3.0775510204 20.5276012421
3.0816326531 17.0376300812
3.0857142857 11.2760658264
3.0897959184 1.0722279549
3.0938775510 0.0000000000
3.0979591837 5.6222081184
3.1020408163 2.2116899490
3.1061224490 3.2081604004
3.1102040816 0.0000000000
3.1142857143 0.0000000000
3.1183673469 0.0000000000
3.1224489796 0.0000000000
3.1265306122 0.0000000000
3.1306122449 0.0000000000
3.1346938776 0.0000000000
3.1387755102 0.0000000000
3.1428571429 0.0000000000
3.1469387755 0.0000000000
3.1510204082 0.0000000000
3.1551020408 0.0000000000
3.1591836735 0.0000000000
3.1632653061 0.0000000000
3.1673469388 0.0000000000
3.1714285714 0.0000000000
3.1755102041 0.0000000000
3.1795918367 0.0000000000
3.1836734694 0.0000000000
3.1877551020 0.0000000000
3.1918367347 0.0000000000
3.1959183673 0.0000000000
3.2000000000 0.0000000000
3.2040816327 0.0000000000
3.2081632653 0.0000000000
3.2122448980 0.0000000000
3.2163265306 0.0000000000
3.2204081633 0.0000000000
3.2244897959 0.0000000000
3.2285714286 0.0000000000
3.2326530612 0.0000000000
3.2367346939 0.0000000000
3.2408163265 0.0000000000
3.2448979592 0.0000000000
3.2489795918 0.0000000000
3.2530612245 0.1500844955
3.2571428571 1.0596513748
3.2612244898 0.0000000000
3.2653061224 0.0000000000
3.2693877551 0.0000000000
3.2734693878 0.0000000000
3.2775510204 0.0000000000
3.2816326531 0.0000000000
3.2857142857 0.0000000000
3.2897959184 0.0000000000
3.2938775510 0.0000000000
3.2979591837 0.0000000000
3.3020408163 0.0000000000
3.3061224490 0.0000000000
3.3102040816 0.0000000000
3.3142857143 0.0000000000
3.3183673469 0.0000000000
3.3224489796 0.0000000000
3.3265306122 0.0000000000
3.3306122449 0.0000000000
3.3346938776 0.0000000000
3.3387755102 0.0000000000
3.3428571429 0.0000000000
3.3469387755 0.0000000000
3.3510204082 0.0000000000
3.3551020408 0.0533461571
3.3591836735 0.0000000000
3.3632653061 3.9859116077
3.3673469388 20.7766895294
3.3714285714 39.4739494324
3.3755102041 67.9170532227
3.3795918367 74.6316299438
3.3836734694 64.8773956299
3.3877551020 49.7812042236
3.3918367347 50.2155418396
3.3959183673 38.6249389648
3.4000000000 34.1565017700
3.4040816327 15.9753856659
3.4081632653 5.6775808334
3.4122448980 5.7786703110
3.4163265306 0.0000000000
3.4204081633 0.0000000000
3.4244897959 0.0000000000
3.4285714286 0.0000000000
3.4326530612 0.0000000000
3.4367346939 0.0000000000
3.4408163265 0.3025531769
3.4448979592 0.0000000000
3.4489795918 0.0000000000
3.4530612245 0.0000000000
3.4571428571 0.0000000000
3.4612244898 0.0000000000
3.4653061224 0.0000000000
3.4693877551 7.4011683464
3.4734693878 24.0857315063
3.4775510204 37.7377853394
3.4816326531 50.8251495361
3.4857142857 50.0859298706
3.4897959184 42.7370376587
3.4938775510 34.1050643921
3.4979591837 27.3579368591
3.5020408163 13.3078689575
3.5061224490 0.0000000000
3.5102040816 0.0000000000
3.5142857143 0.0000000000
3.5183673469 0.0000000000
3.5224489796 0.0000000000
3.5265306122 0.0000000000
3.5306122449 0.0000000000
3.5346938776 0.0000000000
3.5387755102 0.0000000000
3.5428571429 0.0000000000
3.5469387755 0.0000000000
3.5510204082 0.0000000000
3.5551020408 0.0000000000
3.5591836735 0.0000000000
3.5632653061 0.0000000000
3.5673469388 0.0000000000
3.5714285714 0.0000000000
3.5755102041 5.4319949150
3.5795918367 11.5947570801
3.5836734694 7.6391773224
3.5877551020 3.8372054100
3.5918367347 0.0000000000
3.5959183673 0.0000000000
3.6000000000 2.5856494904
3.6040816327 0.0000000000
3.6081632653 0.0000000000
3.6122448980 0.0000000000
3.6163265306 0.0000000000
3.6204081633 0.0000000000
3.6244897959 0.0000000000
3.6285714286 0.0000000000
3.6326530612 0.0000000000
3.6367346939 0.0000000000
3.6408163265 0.0000000000
3.6448979592 0.0000000000
3.6489795918 0.0000000000
3.6530612245 0.0000000000
3.6571428571 0.0000000000
3.6612244898 0.0000000000
3.6653061224 0.0000000000
3.6693877551 0.0000000000
3.6734693878 0.0000000000
3.6775510204 0.0000000000
3.6816326531 0.0000000000
3.6857142857 0.0000000000
3.6897959184 0.0000000000
3.6938775510 0.0000000000
3.6979591837 0.0000000000
3.7020408163 0.0000000000
3.7061224490 0.0000000000
3.7102040816 0.0000000000
3.7142857143 0.0000000000
3.7183673469 0.0000000000
3.7224489796 2.5258958340
3.7265306122 2.5993585587
3.7306122449 0.0000000000
3.7346938776 0.0000000000
3.7387755102 0.0000000000
3.7428571429 0.0000000000
3.7469387755 0.0000000000
3.7510204082 15.2056217194
3.7551020408 12.2415866852
3.7591836735 14.4942026138
3.7632653061 50.1623764038
3.7673469388 77.2639541626
3.7714285714 90.8204956055
3.7755102041 98.6154022217
3.7795918367 97.3941040039
3.7836734694 88.3498840332
3.7877551020 74.6123199463
3.7918367347 59.2267532349
3.7959183673 37.7425537109
3.8000000000 13.8022298813
3.8040816327 0.0290870667
3.8081632653 0.0000000000
3.8122448980 0.0000000000
3.8163265306 0.0000000000
3.8204081633 0.0000000000
3.8244897959 0.0000000000
3.8285714286 0.0000000000
3.8326530612 0.0000000000
3.8367346939 0.0000000000
3.8408163265 0.1851320267
3.8448979592 1.1028647423
3.8489795918 2.1049976349
3.8530612245 0.0000000000
3.8571428571 5.0832033157
3.8612244898 3.5619735718
3.8653061224 1.6535520554
3.8693877551 0.0000000000
3.8734693878 0.0000000000
3.8775510204 0.0000000000
3.8816326531 0.0000000000
3.8857142857 0.0000000000
3.8897959184 0.0000000000
3.8938775510 0.0000000000
3.8979591837 0.0000000000
3.9020408163 0.0000000000
3.9061224490 0.0000000000
3.9102040816 20.5657482147
3.9142857143 43.5570487976
3.9183673469 49.8279914856
3.9224489796 68.5610809326
3.9265306122 75.4568634033
3.9306122449 61.8833923340
3.9346938776 44.3584938049
3.9387755102 24.3467102051
3.9428571429 9.1542005539
3.9469387755 0.0000000000
3.9510204082 1.1513233185
3.9551020408 0.0000000000
3.9591836735 0.0000000000
3.9632653061 0.0000000000
3.9673469388 0.0000000000
3.9714285714 0.0000000000
3.9755102041 0.0000000000
3.9795918367 3.6218762398
3.9836734694 0.8354187012
3.9877551020 0.0000000000
3.9918367347 0.0000000000
3.9959183673 0.0000000000
4.0000000000 7.4020624161
4.0040816327 13.2910614014
4.0081632653 7.7176690102
4.0122448980 21.1821193695
4.0163265306 28.3869514465
4.0204081633 29.6320304871
4.0244897959 27.7190208435
4.0285714286 23.1451988220
4.0326530612 12.9618053436
4.0367346939 2.7338862419
4.0408163265 2.2732019424
4.0448979592 2.1691322327
4.0489795918 0.0000000000
4.0530612245 0.0000000000
4.0571428571 0.0000000000
4.0612244898 0.0000000000
4.0653061224 0.0000000000
4.0693877551 0.0000000000
4.0734693878 0.0000000000
4.0775510204 0.0000000000
4.0816326531 0.0000000000
4.0857142857 0.0000000000
4.0897959184 0.0000000000
4.0938775510 0.0000000000
4.0979591837 0.0000000000
4.1020408163 0.0000000000
4.1061224490 0.0000000000
4.1102040816 1.0076165199
4.1142857143 1.9845962524
4.1183673469 1.9965767860
4.1224489796 0.0000000000
4.1265306122 0.0000000000
4.1306122449 0.0000000000
4.1346938776 0.0000000000
4.1387755102 0.0000000000
4.1428571429 0.0000000000
4.1469387755 0.0000000000
4.1510204082 0.0000000000
4.1551020408 0.0000000000
4.1591836735 0.0000000000
4.1632653061 0.0000000000
4.1673469388 0.0000000000
4.1714285714 0.0000000000
4.1755102041 0.0000000000
4.1795918367 0.0000000000
4.1836734694 0.0000000000
4.1877551020 0.0000000000
4.1918367347 0.0000000000
4.1959183673 0.0000000000
4.2000000000 0.0000000000
4.2040816327 0.0000000000
4.2081632653 0.0000000000
4.2122448980 0.0000000000
4.2163265306 0.0000000000
4.2204081633 0.0000000000
4.2244897959 0.0000000000
4.2285714286 0.0000000000
4.2326530612 0.0000000000
4.2367346939 0.0000000000
4.2408163265 0.0000000000
4.2448979592 0.0000000000
4.2489795918 0.0000000000
4.2530612245 0.0000000000
4.2571428571 0.0000000000
4.2612244898 0.0000000000
4.2653061224 0.0000000000
4.2693877551 0.7861852646
4.2734693878 0.0000000000
4.2775510204 0.0000000000
4.2816326531 0.0000000000
4.2857142857 1.6849637032
4.2897959184 0.0000000000
4.2938775510 0.0000000000
4.2979591837 0.0000000000
4.3020408163 5.6645274162
4.3061224490 49.3720779419
4.3102040816 135.9086303711
4.3142857143 177.1877746582
4.3183673469 194.3480377197
4.3224489796 197.7339782715
4.3265306122 181.7823181152
4.3306122449 158.3246307373
4.3346938776 129.2749633789
4.3387755102 98.9250564575
4.3428571429 68.5677490234
4.3469387755 39.5933990479
4.3510204082 13.8859748840
4.3551020408 8.1735849380
4.3591836735 0.9568333626
4.3632653061 0.0000000000
4.3673469388 0.0000000000
4.3714285714 0.0000000000
4.3755102041 0.0000000000
4.3795918367 0.0000000000
4.3836734694 0.0000000000
4.3877551020 0.0000000000
4.3918367347 1.5779733658
4.3959183673 0.4665851593
4.4000000000 7.0396661758
4.4040816327 5.6553483009
4.4081632653 4.1727423668
4.4122448980 2.2087991238
4.4163265306 0.0000000000
4.4204081633 0.0000000000
4.4244897959 0.0000000000
4.4285714286 0.0000000000
4.4326530612 0.0000000000
4.4367346939 0.0000000000
4.4408163265 0.0000000000
4.4448979592 0.0000000000
4.4489795918 0.0000000000
4.4530612245 0.0000000000
4.4571428571 0.0000000000
4.4612244898 0.0000000000
4.4653061224 0.0000000000
4.4693877551 0.0000000000
4.4734693878 0.0000000000
4.4775510204 0.0000000000
4.4816326531 0.0000000000
4.4857142857 0.0000000000
4.4897959184 0.0000000000
4.4938775510 0.0000000000
4.4979591837 0.0000000000
4.5020408163 0.0000000000
4.5061224490 0.0000000000
4.5102040816 0.0000000000
4.5142857143 0.0000000000
4.5183673469 0.0000000000
4.5224489796 0.0000000000
4.5265306122 0.0000000000
4.5306122449 0.0000000000
4.5346938776 0.0000000000
4.5387755102 0.0000000000
4.5428571429 0.0000000000
4.5469387755 0.0000000000
4.5510204082 0.0000000000
4.5551020408 0.0000000000
4.5591836735 3.1540541649
4.5632653061 6.7926049232
4.5673469388 5.1333308220
4.5714285714 0.6507151127
4.5755102041 0.0000000000
4.5795918367 0.0000000000
4.5836734694 0.0000000000
4.5877551020 0.0000000000
4.5918367347 0.0000000000
4.5959183673 0.0000000000
4.6000000000 0.0000000000
4.6040816327 3.5369396210
4.6081632653 8.6191892624
4.6122448980 15.2780714035
4.6163265306 10.9756584167
4.6204081633 21.2682495117
4.6244897959 35.2665176392
4.6285714286 36.5361862183
4.6326530612 44.2922134399
4.6367346939 61.9924697876
4.6408163265 48.4429016113
4.6448979592 35.9982261658
4.6489795918 36.1590385437
4.6530612245 28.0855903625
4.6571428571 23.5571269989
4.6612244898 19.1321067810
4.6653061224 18.8046684265
4.6693877551 17.0186157227
4.6734693878 9.2286472321
4.6775510204 10.0860147476
4.6816326531 9.0467033386
4.6857142857 6.5562129021
4.6897959184 2.1299719810
4.6938775510 0.0000000000
4.6979591837 0.0000000000
4.7020408163 0.0000000000
4.7061224490 0.0000000000
4.7102040816 0.0000000000
4.7142857143 0.0000000000
4.7183673469 0.0000000000
4.7224489796 0.0000000000
4.7265306122 6.4843893051
4.7306122449 42.8267707825
4.7346938776 67.2504272461
4.7387755102 85.7605285645
4.7428571429 95.2716522217
4.7469387755 93.8499603271
4.7510204082 81.6735076904
4.7551020408 65.7861251831
4.7591836735 51.2336502075
4.7632653061 32.4043045044
4.7673469388 11.3359689713
4.7714285714 5.5269002914
4.7755102041 0.0000000000
4.7795918367 0.0000000000
4.7836734694 0.0000000000
4.7877551020 0.0000000000
4.7918367347 0.0000000000
4.7959183673 0.0000000000
4.8000000000 0.0000000000
4.8040816327 0.0000000000
4.8081632653 0.0000000000
4.8122448980 0.0000000000
4.8163265306 1.1297464371
4.8204081633 6.2271952629
4.8244897959 5.7237148285
4.8285714286 4.0763616562
4.8326530612 0.0000000000
4.8367346939 0.0000000000
4.8408163265 0.0000000000
4.8448979592 0.0000000000
4.8489795918 0.0000000000
4.8530612245 0.0000000000
4.8571428571 0.0000000000
4.8612244898 0.0000000000
4.8653061224 0.0000000000
4.8693877551 0.0000000000
4.8734693878 0.0000000000
4.8775510204 0.0000000000
4.8816326531 0.0000000000
4.8857142857 0.0000000000
4.8897959184 0.0000000000
4.8938775510 0.0000000000
4.8979591837 0.0000000000
4.9020408163 0.0000000000
4.9061224490 0.0000000000
4.9102040816 0.0000000000
4.9142857143 0.0000000000
4.9183673469 0.0000000000
4.9224489796 0.0000000000
4.9265306122 0.0000000000
4.9306122449 0.0000000000
4.9346938776 0.0000000000
4.9387755102 0.0000000000
4.9428571429 0.0000000000
4.9469387755 0.0000000000
4.9510204082 0.0000000000
4.9551020408 0.0000000000
4.9591836735 0.0000000000
4.9632653061 0.0000000000
4.9673469388 0.0000000000
4.9714285714 0.0000000000
4.9755102041 0.0000000000
4.9795918367 0.0000000000
4.9836734694 0.0000000000
4.9877551020 0.0000000000
4.9918367347 0.0000000000
4.9959183673 0.0000000000
5.0000000000 0.0000000000
5.0040816327 0.0000000000
5.0081632653 0.0000000000
5.0122448980 0.0000000000
5.0163265306 0.0000000000
5.0204081633 0.0000000000
5.0244897959 0.0000000000
5.0285714286 0.0000000000
5.0326530612 0.0000000000
5.0367346939 2.5348663330
5.0408163265 16.2349338531
5.0448979592 15.4798336029
5.0489795918 12.8812789917
5.0530612245 12.8310918808
5.0571428571 6.1542391777
5.0612244898 2.6367306709
5.0653061224 0.0000000000
5.0693877551 0.0000000000
5.0734693878 0.0000000000
5.0775510204 0.0000000000
5.0816326531 0.0000000000
5.0857142857 0.0000000000
5.0897959184 0.0000000000
5.0938775510 0.0000000000
5.0979591837 0.0000000000
5.1020408163 0.0000000000
5.1061224490 0.0000000000
5.1102040816 0.0000000000
5.1142857143 0.0000000000
5.1183673469 0.0000000000
5.1224489796 0.0000000000
5.1265306122 0.0000000000
5.1306122449 33.0964775085
5.1346938776 51.9177932739
5.1387755102 82.9538116455
5.1428571429 120.1848831177
5.1469387755 151.7357177734
5.1510204082 147.0633239746
5.1551020408 129.6289520264
5.1591836735 100.6632690430
5.1632653061 78.9712677002
5.1673469388 72.3729171753
5.1714285714 65.7310485840
5.1755102041 40.9741401672
5.1795918367 16.1203155518
5.1836734694 3.8904249668
5.1877551020 2.7714669704
5.1918367347 0.0000000000
5.1959183673 0.0000000000
5.2000000000 0.0000000000
5.2040816327 0.0000000000
5.2081632653 0.0000000000
5.2122448980 0.0000000000
5.2163265306 0.0000000000
5.2204081633 0.0000000000
5.2244897959 0.0000000000
5.2285714286 0.0000000000
5.2326530612 0.0000000000
5.2367346939 0.0000000000
5.2408163265 0.0000000000
5.2448979592 0.0000000000
5.2489795918 0.0000000000
5.2530612245 0.0000000000
5.2571428571 0.0000000000
5.2612244898 0.0000000000
5.2653061224 0.0000000000
5.2693877551 0.0000000000
5.2734693878 0.0000000000
5.2775510204 0.0000000000
5.2816326531 0.0000000000
5.2857142857 0.0000000000
5.2897959184 0.0000000000
5.2938775510 0.0000000000
5.2979591837 0.0000000000
5.3020408163 0.0000000000
5.3061224490 0.0000000000
5.3102040816 0.0000000000
5.3142857143 0.0000000000
5.3183673469 0.0000000000
5.3224489796 0.0000000000
5.3265306122 0.0000000000
5.3306122449 0.0000000000
5.3346938776 0.0000000000
5.3387755102 0.0000000000
5.3428571429 0.0000000000
5.3469387755 0.0000000000
5.3510204082 0.0000000000
5.3551020408 0.0000000000
5.3591836735 0.0000000000
5.3632653061 0.0000000000
5.3673469388 0.0000000000
5.3714285714 0.0000000000
5.3755102041 0.0000000000
5.3795918367 0.0000000000
5.3836734694 0.0000000000
5.3877551020 0.0000000000
5.3918367347 0.0000000000
5.3959183673 0.0000000000
5.4000000000 0.0000000000
5.4040816327 2.6790499687
5.4081632653 9.6831321716
5.4122448980 14.6811904907
5.4163265306 16.8206691742
5.4204081633 11.3261337280
5.4244897959 3.5211443901
5.4285714286 4.6019554138
5.4326530612 7.8589320183
5.4367346939 6.4116716385
5.4408163265 1.0657906532
5.4448979592 0.7892251015
5.4489795918 0.0000000000
5.4530612245 0.0000000000
5.4571428571 0.0000000000
5.4612244898 0.0000000000
5.4653061224 0.0000000000
5.4693877551 1.1871755123
5.4734693878 8.8555812836
5.4775510204 18.7056541443
5.4816326531 18.7720108032
5.4857142857 14.4367408752
5.4897959184 5.9159398079
5.4938775510 0.8746385574
5.4979591837 1.0354518890
5.5020408163 0.0000000000
5.5061224490 0.0000000000
5.5102040816 0.0000000000
5.5142857143 0.0000000000
5.5183673469 0.0000000000
5.5224489796 0.3828033805
5.5265306122 0.0000000000
5.5306122449 0.6038546562
5.5346938776 29.6654701233
5.5387755102 105.9116668701
5.5428571429 151.1911163330
5.5469387755 187.1122131348
5.5510204082 195.3756713867
5.5551020408 189.0123596191
5.5591836735 156.5830688477
5.5632653061 123.2965011597
5.5673469388 102.2052154541
5.5714285714 86.9879760742
5.5755102041 74.4128265381
5.5795918367 68.4584350586
5.5836734694 61.2115859985
5.5877551020 45.7443008423
5.5918367347 29.5478096008
5.5959183673 13.3584737778
5.6000000000 0.4891157150
5.6040816327 0.0000000000
5.6081632653 0.0000000000
5.6122448980 0.0000000000
5.6163265306 0.0000000000
5.6204081633 0.0000000000
5.6244897959 0.0000000000
5.6285714286 0.2828836441
5.6326530612 0.0000000000
5.6367346939 0.0000000000
5.6408163265 0.0000000000
5.6448979592 0.0000000000
5.6489795918 0.0000000000
5.6530612245 0.0000000000
5.6571428571 0.0000000000
5.6612244898 0.0000000000
5.6653061224 0.0000000000
5.6693877551 0.0000000000
5.6734693878 0.0000000000
5.6775510204 0.0000000000
5.6816326531 0.0000000000
5.6857142857 0.0000000000
5.6897959184 1.1478662491
5.6938775510 3.1575858593
5.6979591837 3.3171176910
5.7020408163 1.3511180878
5.7061224490 0.0000000000
5.7102040816 0.0000000000
5.7142857143 0.0000000000
5.7183673469 0.0000000000
5.7224489796 0.0000000000
5.7265306122 0.0000000000
5.7306122449 0.0000000000
5.7346938776 0.0000000000
5.7387755102 0.0000000000
5.7428571429 0.0000000000
5.7469387755 0.0000000000
5.7510204082 0.0000000000
5.7551020408 0.0000000000
5.7591836735 0.0000000000
5.7632653061 0.0000000000
5.7673469388 0.0000000000
5.7714285714 0.0000000000
5.7755102041 0.0000000000
5.7795918367 0.0000000000
5.7836734694 0.0000000000
5.7877551020 0.0000000000
5.7918367347 0.0000000000
5.7959183673 0.0000000000
5.8000000000 0.0000000000
5.8040816327 0.0000000000
5.8081632653 0.0000000000
5.8122448980 0.0000000000
5.8163265306 0.0000000000
5.8204081633 0.0000000000
5.8244897959 14.4904851913
5.8285714286 19.7141170502
5.8326530612 36.9883041382
5.8367346939 63.8000221252
5.8408163265 77.4071502686
5.8448979592 75.2557525635
5.8489795918 64.5366897583
5.8530612245 44.1563415527
5.8571428571 28.5587902069
5.8612244898 20.7257270813
5.8653061224 23.8803634644
5.8693877551 16.1916007996
5.8734693878 4.7322511673
5.8775510204 0.0000000000
5.8816326531 0.0000000000
5.8857142857 0.0000000000
5.8897959184 0.0000000000
5.8938775510 0.0000000000
5.8979591837 0.0000000000
5.9020408163 0.0000000000
5.9061224490 0.0000000000
5.9102040816 0.0000000000
5.9142857143 0.0000000000
5.9183673469 0.0000000000
5.9224489796 0.0000000000
5.9265306122 0.0000000000
5.9306122449 0.0000000000
5.9346938776 0.0000000000
5.9387755102 0.0000000000
5.9428571429 0.0000000000
5.9469387755 0.0000000000
5.9510204082 0.0000000000
5.9551020408 0.0915527344
5.9591836735 12.1797323227
5.9632653061 21.5761108398
5.9673469388 48.2745513916
5.9714285714 52.9636726379
5.9755102041 67.4334716797
5.9795918367 86.0947418213
5.9836734694 93.3283538818
5.9877551020 85.8997039795
5.9918367347 76.0165405273
5.9959183673 64.8092041016
6.0000000000 52.6961059570
6.0040816327 40.5921936035
6.0081632653 30.8194751740
6.0122448980 20.5535583496
6.0163265306 11.0033149719
6.0204081633 6.4236521721
6.0244897959 4.6536922455
6.0285714286 0.0000000000
6.0326530612 0.0000000000
6.0367346939 0.0000000000
6.0408163265 0.0000000000
6.0448979592 0.0000000000
6.0489795918 0.0000000000
6.0530612245 0.0000000000
6.0571428571 0.0000000000
6.0612244898 0.0000000000
6.0653061224 0.0000000000
6.0693877551 0.0000000000
6.0734693878 0.0000000000
6.0775510204 0.0000000000
6.0816326531 0.0000000000
6.0857142857 0.0000000000
6.0897959184 0.0000000000
6.0938775510 0.0000000000
6.0979591837 0.0000000000
6.1020408163 0.0000000000
6.1061224490 0.0000000000
6.1102040816 0.0000000000
6.1142857143 0.0000000000
6.1183673469 0.0000000000
6.1224489796 0.0000000000
6.1265306122 0.0000000000
6.1306122449 0.0000000000
6.1346938776 0.2942085266
6.1387755102 0.0000000000
6.1428571429 0.0000000000
6.1469387755 0.0000000000
6.1510204082 0.0000000000
6.1551020408 0.0000000000
6.1591836735 0.0000000000
6.1632653061 0.0000000000
6.1673469388 0.7585287094
6.1714285714 14.1130084991
6.1755102041 16.9234886169
6.1795918367 19.1789855957
6.1836734694 16.8131294250
6.1877551020 10.9630527496
6.1918367347 15.7865295410
6.1959183673 21.0012779236
6.2000000000 28.8201580048
6.2040816327 32.4071655273
6.2081632653 36.3762359619
6.2122448980 46.4133605957
6.2163265306 55.7571945190
6.2204081633 62.4524345398
6.2244897959 63.5433197021
6.2285714286 62.5842819214
6.2326530612 61.7317543030
6.2367346939 52.2202262878
6.2408163265 39.6980056763
6.2448979592 29.7758579254
6.2489795918 20.6580753326
6.2530612245 11.6075277328
6.2571428571 4.4114589691
6.2612244898 10.5724334717
6.2653061224 6.8440437317
6.2693877551 0.0000000000
6.2734693878 0.0000000000
6.2775510204 0.0000000000
6.2816326531 0.0000000000
6.2857142857 0.0000000000
6.2897959184 0.0000000000
6.2938775510 0.0000000000
6.2979591837 0.0000000000
6.3020408163 0.0000000000
6.3061224490 0.0000000000
6.3102040816 0.0000000000
6.3142857143 0.0000000000
6.3183673469 0.0000000000
6.3224489796 0.0000000000
6.3265306122 0.0000000000
6.3306122449 0.0000000000
6.3346938776 0.0000000000
6.3387755102 0.0000000000
6.3428571429 0.0000000000
6.3469387755 0.0000000000
6.3510204082 0.0000000000
6.3551020408 0.0000000000
6.3591836735 0.0000000000
6.3632653061 0.0000000000
6.3673469388 0.0000000000
6.3714285714 0.0000000000
6.3755102041 0.0000000000
6.3795918367 0.0000000000
6.3836734694 0.0000000000
6.3877551020 0.0000000000
6.3918367347 0.0000000000
6.3959183673 0.0000000000
6.4000000000 0.0000000000
6.4040816327 0.0000000000
6.4081632653 0.0000000000
6.4122448980 0.0000000000
6.4163265306 0.0000000000
6.4204081633 0.0000000000
6.4244897959 0.0000000000
6.4285714286 0.0000000000
6.4326530612 0.0000000000
6.4367346939 0.0000000000
6.4408163265 0.0000000000
6.4448979592 0.0000000000
6.4489795918 0.0000000000
6.4530612245 0.0000000000
6.4571428571 0.0000000000
6.4612244898 0.0000000000
6.4653061224 0.0000000000
6.4693877551 0.0000000000
6.4734693878 0.0000000000
6.4775510204 0.0000000000
6.4816326531 0.0000000000
6.4857142857 0.0000000000
6.4897959184 0.0000000000
6.4938775510 0.0000000000
6.4979591837 0.0000000000
6.5020408163 0.0000000000
6.5061224490 0.0000000000
6.5102040816 0.0000000000
6.5142857143 0.0000000000
6.5183673469 0.0000000000
6.5224489796 0.0000000000
6.5265306122 0.0000000000
6.5306122449 0.0000000000
6.5346938776 0.5476474762
6.5387755102 0.4028081894
6.5428571429 0.0000000000
6.5469387755 0.0000000000
6.5510204082 0.0000000000
6.5551020408 0.0000000000
6.5591836735 0.0000000000
6.5632653061 0.0000000000
6.5673469388 0.0000000000
6.5714285714 0.0000000000
6.5755102041 0.0000000000
6.5795918367 0.0000000000
6.5836734694 0.0000000000
6.5877551020 6.6562891006
6.5918367347 24.5398292542
6.5959183673 47.9646911621
6.6000000000 59.2775344849
6.6040816327 63.7195434570
6.6081632653 61.6167488098
6.6122448980 71.2650985718
6.6163265306 69.0443496704
6.6204081633 53.7599639893
6.6244897959 43.9497451782
6.6285714286 28.6388397217
6.6326530612 18.7649726868
6.6367346939 6.3190460205
6.6408163265 0.0000000000
6.6448979592 0.0000000000
6.6489795918 0.0000000000
6.6530612245 0.0000000000
6.6571428571 0.0000000000
6.6612244898 0.0000000000
6.6653061224 0.0000000000
6.6693877551 0.0000000000
6.6734693878 0.0000000000
6.6775510204 0.0000000000
6.6816326531 0.0000000000
6.6857142857 1.7573237419
6.6897959184 3.7099196911
6.6938775510 5.6490302086
6.6979591837 0.4516243935
6.7020408163 0.0000000000
6.7061224490 0.0000000000
6.7102040816 2.2826194763
6.7142857143 8.6950359344
6.7183673469 16.6622104645
6.7224489796 32.5846099854
6.7265306122 58.4366912842
6.7306122449 68.2497024536
6.7346938776 70.2453536987
6.7387755102 67.8235015869
6.7428571429 62.3691101074
6.7469387755 43.2087173462
6.7510204082 27.9929351807
6.7551020408 20.0988044739
6.7591836735 5.9718785286
6.7632653061 0.0000000000
6.7673469388 5.3607225418
6.7714285714 1.5735626221
6.7755102041 0.0000000000
6.7795918367 0.0000000000
6.7836734694 0.0000000000
6.7877551020 0.0000000000
6.7918367347 0.0000000000
6.7959183673 0.0000000000
6.8000000000 0.0000000000
6.8040816327 0.0000000000
6.8081632653 0.0000000000
6.8122448980 0.0000000000
6.8163265306 0.0000000000
6.8204081633 0.0000000000
6.8244897959 0.0000000000
6.8285714286 1.0863542557
6.8326530612 0.0000000000
6.8367346939 0.0000000000
6.8408163265 0.0000000000
6.8448979592 0.0000000000
6.8489795918 0.0000000000
6.8530612245 0.0000000000
6.8571428571 0.0000000000
6.8612244898 0.0000000000
6.8653061224 0.0000000000
6.8693877551 0.0000000000
6.8734693878 0.0000000000
6.8775510204 0.0000000000
6.8816326531 0.0000000000
6.8857142857 0.0000000000
6.8897959184 0.0000000000
6.8938775510 0.0000000000
6.8979591837 0.0000000000
6.9020408163 0.0000000000
6.9061224490 0.0000000000
6.9102040816 0.0000000000
6.9142857143 0.0000000000
6.9183673469 0.0000000000
6.9224489796 0.0000000000
6.9265306122 0.0000000000
6.9306122449 0.0000000000
6.9346938776 0.0000000000
6.9387755102 0.0000000000
6.9428571429 0.0000000000
6.9469387755 0.0000000000
6.9510204082 0.0000000000
6.9551020408 0.0000000000
6.9591836735 0.0000000000
6.9632653061 0.0000000000
6.9673469388 0.0000000000
6.9714285714 0.0000000000
6.9755102041 0.0000000000
6.9795918367 0.0000000000
6.9836734694 0.0000000000
6.9877551020 0.0000000000
6.9918367347 3.5560131073
6.9959183673 0.2076625824
7.0000000000 16.2997932434
7.0040816327 45.1171493530
7.0081632653 71.9732131958
7.0122448980 89.1211395264
7.0163265306 94.2630920410
7.0204081633 100.6123046875
7.0244897959 82.2510147095
7.0285714286 64.0662078857
7.0326530612 48.1578140259
7.0367346939 30.7285499573
7.0408163265 13.8126621246
7.0448979592 6.9968104362
7.0489795918 4.1099190712
7.0530612245 0.0000000000
7.0571428571 0.0000000000
7.0612244898 0.0000000000
7.0653061224 0.0000000000
7.0693877551 0.0000000000
7.0734693878 0.0000000000
7.0775510204 0.0000000000
7.0816326531 0.0000000000
7.0857142857 0.0000000000
7.0897959184 0.0000000000
7.0938775510 0.0000000000
7.0979591837 0.0000000000
7.1020408163 0.0000000000
7.1061224490 4.5723915100
7.1102040816 21.2300109863
7.1142857143 30.0893039703
7.1183673469 20.3489646912
7.1224489796 18.3619270325
7.1265306122 34.0015563965
7.1306122449 44.1829986572
7.1346938776 48.2482299805
7.1387755102 57.2149620056
7.1428571429 59.4890136719
7.1469387755 75.9799499512
7.1510204082 74.3896942139
7.1551020408 80.6469879150
7.1591836735 84.9717864990
7.1632653061 76.9486389160
7.1673469388 65.3262176514
7.1714285714 51.4119873047
7.1755102041 37.6547012329
7.1795918367 25.7418155670
7.1836734694 19.0031528473
7.1877551020 13.7261753082
7.1918367347 12.6414299011
7.1959183673 2.2894144058
7.2000000000 3.1691789627
7.2040816327 0.0000000000
7.2081632653 0.0000000000
7.2122448980 0.0000000000
7.2163265306 0.0000000000
7.2204081633 0.0000000000
7.2244897959 0.0000000000
7.2285714286 0.0000000000
7.2326530612 0.0000000000
7.2367346939 0.0000000000
7.2408163265 0.0000000000
7.2448979592 0.0000000000
7.2489795918 0.0000000000
7.2530612245 0.0000000000
7.2571428571 0.0000000000
7.2612244898 0.0000000000
7.2653061224 0.0000000000
7.2693877551 0.0000000000
7.2734693878 0.0000000000
7.2775510204 0.0000000000
7.2816326531 0.0000000000
7.2857142857 0.0000000000
7.2897959184 0.0000000000
7.2938775510 0.0000000000
7.2979591837 0.0000000000
7.3020408163 1.0334365368
7.3061224490 7.1298480034
7.3102040816 8.4297065735
7.3142857143 6.4690709114
7.3183673469 15.4228210449
7.3224489796 12.4983787537
7.3265306122 7.5905919075
7.3306122449 4.8751831055
7.3346938776 3.9150714874
7.3387755102 8.2213878632
7.3428571429 4.0544867516
7.3469387755 0.9692907333
7.3510204082 0.0000000000
7.3551020408 0.0000000000
7.3591836735 0.0000000000
7.3632653061 0.0000000000
7.3673469388 0.0000000000
7.3714285714 0.0000000000
7.3755102041 0.0000000000
7.3795918367 0.0000000000
7.3836734694 0.0000000000
7.3877551020 0.0000000000
7.3918367347 0.0000000000
7.3959183673 0.0000000000
7.4000000000 0.0000000000
7.4040816327 0.0000000000
7.4081632653 0.0000000000
7.4122448980 25.2357711792
7.4163265306 33.8089485168
7.4204081633 64.4511566162
7.4244897959 73.7027511597
7.4285714286 71.7557678223
7.4326530612 78.8816833496
7.4367346939 67.9768905640
7.4408163265 55.9163093567
7.4448979592 42.7548294067
7.4489795918 30.7931289673
7.4530612245 16.5776023865
7.4571428571 2.4415552616
7.4612244898 0.0000000000
7.4653061224 0.0000000000
7.4693877551 0.0000000000
7.4734693878 0.0000000000
7.4775510204 0.0000000000
7.4816326531 0.0000000000
7.4857142857 0.0000000000
7.4897959184 0.0000000000
7.4938775510 0.0000000000
7.4979591837 0.0000000000
7.5020408163 0.0000000000
7.5061224490 0.0000000000
7.5102040816 0.0000000000
7.5142857143 0.0000000000
7.5183673469 0.0000000000
7.5224489796 0.0000000000
7.5265306122 0.0000000000
7.5306122449 0.0000000000
7.5346938776 1.9802190065
7.5387755102 5.8090071678
7.5428571429 6.8012328148
7.5469387755 5.3451061249
7.5510204082 4.5000634193
7.5551020408 13.8959589005
7.5591836735 25.8029060364
7.5632653061 18.2818183899
7.5673469388 4.9721002579
7.5714285714 5.5086016655
7.5755102041 21.4785938263
7.5795918367 35.4856872559
7.5836734694 46.6013565063
7.5877551020 52.6246414185
7.5918367347 39.9039993286
7.5959183673 24.2503890991
7.6000000000 7.4256062508
7.6040816327 0.0000000000
7.6081632653 0.0000000000
7.6122448980 0.0000000000
7.6163265306 0.0000000000
7.6204081633 0.0000000000
7.6244897959 0.0000000000
7.6285714286 0.0000000000
7.6326530612 0.0000000000
7.6367346939 0.0000000000
7.6408163265 0.0000000000
7.6448979592 0.0000000000
7.6489795918 0.0000000000
7.6530612245 0.0000000000
7.6571428571 0.0000000000
7.6612244898 0.0000000000
7.6653061224 0.0000000000
7.6693877551 0.0000000000
7.6734693878 0.0000000000
7.6775510204 0.0000000000
7.6816326531 0.0000000000
7.6857142857 0.0000000000
7.6897959184 0.0000000000
7.6938775510 0.0000000000
7.6979591837 0.0000000000
7.7020408163 0.0000000000
7.7061224490 0.0000000000
7.7102040816 0.0000000000
7.7142857143 0.0000000000
7.7183673469 0.0000000000
7.7224489796 0.0000000000
7.7265306122 2.4277567863
7.7306122449 4.1598677635
7.7346938776 3.8127303123
7.7387755102 0.0000000000
7.7428571429 0.0000000000
7.7469387755 0.0000000000
7.7510204082 0.0000000000
7.7551020408 0.0000000000
7.7591836735 0.0000000000
7.7632653061 0.0427961349
7.7673469388 0.0000000000
7.7714285714 0.0000000000
7.7755102041 0.0000000000
7.7795918367 0.0000000000
7.7836734694 6.4982624054
7.7877551020 101.7425079346
7.7918367347 153.9047851562
7.7959183673 173.8311462402
7.8000000000 150.2205200195
7.8040816327 126.3152923584
7.8081632653 126.2235641479
7.8122448980 121.4548339844
7.8163265306 110.9137878418
7.8204081633 96.7801818848
7.8244897959 80.3603515625
7.8285714286 67.4923629761
7.8326530612 55.1117668152
7.8367346939 40.7757453918
7.8408163265 32.7450637817
7.8448979592 19.2854118347
7.8489795918 7.2593688965
7.8530612245 1.2228190899
7.8571428571 0.0000000000
7.8612244898 0.0000000000
7.8653061224 0.0000000000
7.8693877551 0.0000000000
7.8734693878 0.0000000000
7.8775510204 0.0000000000
7.8816326531 0.0000000000
7.8857142857 0.0000000000
7.8897959184 0.0000000000
7.8938775510 0.0000000000
7.8979591837 0.0000000000
7.9020408163 0.0000000000
7.9061224490 0.0000000000
7.9102040816 0.0000000000
7.9142857143 0.0000000000
7.9183673469 0.0000000000
7.9224489796 0.0000000000
7.9265306122 0.0000000000
7.9306122449 0.0000000000
7.9346938776 0.0000000000
7.9387755102 0.0000000000
7.9428571429 1.9918084145
7.9469387755 21.7861518860
7.9510204082 34.9514465332
7.9551020408 57.6839447021
7.9591836735 72.0365066528
7.9632653061 73.5750198364
7.9673469388 66.3653564453
7.9714285714 53.3412666321
7.9755102041 37.2860412598
7.9795918367 47.6795425415
7.9836734694 32.8322639465
7.9877551020 16.8418273926
7.9918367347 5.9223175049
7.9959183673 1.6851425171
8.0000000000 0.0000000000
8.0040816327 0.0000000000
8.0081632653 0.0000000000
8.0122448980 0.0000000000
8.0163265306 0.0000000000
8.0204081633 0.0000000000
8.0244897959 0.0000000000
8.0285714286 0.0000000000
8.0326530612 6.0022473335
8.0367346939 4.9792528152
8.0408163265 4.9413442612
8.0448979592 0.0000000000
8.0489795918 0.0000000000
8.0530612245 0.0000000000
8.0571428571 0.0000000000
8.0612244898 0.0000000000
8.0653061224 0.8310079575
8.0693877551 0.1093149185
8.0734693878 0.0000000000
8.0775510204 0.0000000000
8.0816326531 0.0000000000
8.0857142857 0.0000000000
8.0897959184 0.0000000000
8.0938775510 0.0000000000
8.0979591837 0.0000000000
8.1020408163 0.0000000000
8.1061224490 0.0000000000
8.1102040816 0.0000000000
8.1142857143 0.0000000000
8.1183673469 0.0000000000
8.1224489796 0.0000000000
8.1265306122 0.0000000000
8.1306122449 0.0000000000
8.1346938776 0.0000000000
8.1387755102 0.0000000000
8.1428571429 0.0000000000
8.1469387755 0.0000000000
8.1510204082 0.0000000000
8.1551020408 0.0000000000
8.1591836735 0.0000000000
8.1632653061 0.0000000000
8.1673469388 0.0000000000
8.1714285714 0.0000000000
8.1755102041 0.0000000000
8.1795918367 0.0000000000
8.1836734694 0.0000000000
8.1877551020 0.0000000000
8.1918367347 0.0000000000
8.1959183673 15.1178989410
8.2000000000 30.5697917938
8.2040816327 25.6956825256
8.2081632653 39.4605979919
8.2122448980 58.4532623291
8.2163265306 68.7142028809
8.2204081633 73.6503601074
8.2244897959 53.0148162842
8.2285714286 37.8665924072
8.2326530612 21.8006362915
8.2367346939 8.7492465973
8.2408163265 0.7858574390
8.2448979592 12.1082668304
8.2489795918 7.7368021011
8.2530612245 0.0000000000
8.2571428571 0.0000000000
8.2612244898 0.0000000000
8.2653061224 0.0000000000
8.2693877551 0.0000000000
8.2734693878 0.0000000000
8.2775510204 0.0000000000
8.2816326531 0.0000000000
8.2857142857 0.0000000000
8.2897959184 0.0000000000
8.2938775510 0.0000000000
8.2979591837 0.0000000000
8.3020408163 3.5153627396
8.3061224490 6.7777037621
8.3102040816 10.8513832092
8.3142857143 5.5774450302
8.3183673469 0.0000000000
8.3224489796 0.0000000000
8.3265306122 0.0000000000
8.3306122449 0.0000000000
8.3346938776 3.5028009415
8.3387755102 5.2049455643
8.3428571429 27.3874397278
8.3469387755 33.1374397278
8.3510204082 44.6155090332
8.3551020408 85.5066757202
8.3591836735 86.9944686890
8.3632653061 76.1961059570
8.3673469388 68.8134460449
8.3714285714 47.2277107239
8.3755102041 36.0192642212
8.3795918367 15.9791707993
8.3836734694 0.7578134537
8.3877551020 0.0000000000
8.3918367347 0.0000000000
8.3959183673 0.0000000000
8.4000000000 0.0000000000
8.4040816327 0.0000000000
8.4081632653 0.0000000000
8.4122448980 0.0000000000
8.4163265306 0.0000000000
8.4204081633 0.0000000000
8.4244897959 0.0000000000
8.4285714286 0.0000000000
8.4326530612 0.0000000000
8.4367346939 0.0000000000
8.4408163265 0.0000000000
8.4448979592 0.0000000000
8.4489795918 0.0000000000
8.4530612245 0.0000000000
8.4571428571 0.0000000000
8.4612244898 0.0000000000
8.4653061224 0.0000000000
8.4693877551 0.0000000000
8.4734693878 9.6598863602
8.4775510204 5.9446096420
8.4816326531 0.0000000000
8.4857142857 0.0000000000
8.4897959184 0.0000000000
8.4938775510 0.0000000000
8.4979591837 0.0000000000
8.5020408163 0.0000000000
8.5061224490 0.0000000000
8.5102040816 0.0000000000
8.5142857143 0.0000000000
8.5183673469 0.0000000000
8.5224489796 0.0000000000
8.5265306122 0.0000000000
8.5306122449 0.0000000000
8.5346938776 0.0000000000
8.5387755102 0.0000000000
8.5428571429 0.0000000000
8.5469387755 0.0000000000
8.5510204082 0.0000000000
8.5551020408 0.0000000000
8.5591836735 0.0000000000
8.5632653061 0.0000000000
8.5673469388 0.0000000000
8.5714285714 0.0000000000
8.5755102041 12.7151317596
8.5795918367 23.8597393036
8.5836734694 49.6206283569
8.5877551020 67.5400466919
8.5918367347 74.1274337769
8.5959183673 77.0485687256
8.6000000000 104.6025772095
8.6040816327 111.4564666748
8.6081632653 90.3728637695
8.6122448980 65.6649322510
8.6163265306 47.2854385376
8.6204081633 35.5378684998
8.6244897959 23.1020164490
8.6285714286 25.3957214355
8.6326530612 16.5309314728
8.6367346939 13.6415958405
8.6408163265 6.4070224762
8.6448979592 5.1180124283
8.6489795918 2.0984113216
8.6530612245 2.8336048126
8.6571428571 0.0000000000
8.6612244898 0.0000000000
8.6653061224 0.0000000000
8.6693877551 0.0000000000
8.6734693878 0.0000000000
8.6775510204 0.0000000000
8.6816326531 1.7092227936
8.6857142857 0.0000000000
8.6897959184 0.0000000000
8.6938775510 0.0000000000
8.6979591837 0.0000000000
8.7020408163 0.0000000000
8.7061224490 0.0000000000
8.7102040816 0.0000000000
8.7142857143 0.0000000000
8.7183673469 0.0000000000
8.7224489796 0.0000000000
8.7265306122 10.4387998581
8.7306122449 31.9645442963
8.7346938776 98.8645172119
8.7387755102 140.0552978516
8.7428571429 146.1292419434
8.7469387755 153.1950531006
8.7510204082 120.2369995117
8.7551020408 92.8263702393
8.7591836735 72.0299530029
8.7632653061 56.8062057495
8.7673469388 50.4779205322
8.7714285714 46.6778259277
8.7755102041 40.7686233521
8.7795918367 20.8264579773
8.7836734694 2.7879476547
8.7877551020 0.0000000000
8.7918367347 0.0000000000
8.7959183673 0.0000000000
8.8000000000 0.0000000000
8.8040816327 0.0000000000
8.8081632653 0.0000000000
8.8122448980 0.0000000000
8.8163265306 0.0000000000
8.8204081633 0.0000000000
8.8244897959 0.0000000000
8.8285714286 0.0000000000
8.8326530612 0.0000000000
8.8367346939 0.0000000000
8.8408163265 0.0000000000
8.8448979592 0.0000000000
8.8489795918 0.0000000000
8.8530612245 0.0000000000
8.8571428571 0.0000000000
8.8612244898 0.0000000000
8.8653061224 0.0000000000
8.8693877551 0.0000000000
8.8734693878 0.0000000000
8.8775510204 0.0000000000
8.8816326531 0.0000000000
8.8857142857 0.0000000000
8.8897959184 0.0000000000
8.8938775510 0.0000000000
8.8979591837 0.0587701797
8.9020408163 0.0000000000
8.9061224490 3.3383369446
8.9102040816 0.9225606918
8.9142857143 3.4628510475
8.9183673469 0.0000000000
8.9224489796 0.0000000000
8.9265306122 0.0000000000
8.9306122449 0.0000000000
8.9346938776 0.0000000000
8.9387755102 0.0000000000
8.9428571429 0.0000000000
8.9469387755 0.0000000000
8.9510204082 0.0000000000
8.9551020408 0.0000000000
8.9591836735 0.0000000000
8.9632653061 0.0000000000
8.9673469388 0.0000000000
8.9714285714 0.0000000000
8.9755102041 0.0000000000
8.9795918367 0.0000000000
8.9836734694 2.0842254162
8.9877551020 30.7400512695
8.9918367347 35.7372131348
8.9959183673 50.4688644409
9.0000000000 79.0940246582
9.0040816327 76.5361480713
9.0081632653 69.8040161133
9.0122448980 60.0702476501
9.0163265306 38.7690658569
9.0204081633 31.9715156555
9.0244897959 19.2331962585
9.0285714286 8.8419914246
9.0326530612 0.4066228867
9.0367346939 4.6343803406
9.0408163265 6.4928531647
9.0448979592 0.0000000000
9.0489795918 0.0000000000
9.0530612245 0.0000000000
9.0571428571 0.0000000000
9.0612244898 0.0000000000
9.0653061224 2.6416778564
9.0693877551 0.0000000000
9.0734693878 0.0000000000
9.0775510204 0.0000000000
9.0816326531 0.0000000000
9.0857142857 0.0000000000
9.0897959184 0.0000000000
9.0938775510 0.0000000000
9.0979591837 0.0000000000
9.1020408163 1.9692182541
9.1061224490 8.7617635727
9.1102040816 2.3946464062
9.1142857143 0.0000000000
9.1183673469 0.0000000000
9.1224489796 0.0000000000
9.1265306122 0.0000000000
9.1306122449 0.0000000000
9.1346938776 0.0000000000
9.1387755102 6.5052213669
9.1428571429 14.2191352844
9.1469387755 18.0699825287
9.1510204082 45.9874877930
9.1551020408 56.6170501709
9.1591836735 55.1645164490
9.1632653061 47.1644973755
9.1673469388 34.4790496826
9.1714285714 21.5182609558
9.1755102041 9.7704830170
9.1795918367 0.1277327538
9.1836734694 0.0000000000
9.1877551020 0.0000000000
9.1918367347 0.0000000000
9.1959183673 0.0000000000
9.2000000000 0.0000000000
9.2040816327 0.0000000000
9.2081632653 0.0000000000
9.2122448980 0.0000000000
9.2163265306 0.0000000000
9.2204081633 0.0000000000
9.2244897959 0.0000000000
9.2285714286 0.0000000000
9.2326530612 0.0000000000
9.2367346939 0.0000000000
9.2408163265 0.0000000000
9.2448979592 0.0000000000
9.2489795918 0.0000000000
9.2530612245 0.0000000000
9.2571428571 0.0000000000
9.2612244898 0.0000000000
9.2653061224 0.0000000000
9.2693877551 0.0000000000
9.2734693878 0.0000000000
9.2775510204 0.0000000000
9.2816326531 0.0000000000
9.2857142857 0.0000000000
9.2897959184 0.0000000000
9.2938775510 0.0000000000
9.2979591837 0.0000000000
9.3020408163 0.0000000000
9.3061224490 0.0000000000
9.3102040816 0.0000000000
9.3142857143 0.0000000000
9.3183673469 0.0000000000
9.3224489796 0.0000000000
9.3265306122 0.0000000000
9.3306122449 0.0000000000
9.3346938776 0.0000000000
9.3387755102 0.0000000000
9.3428571429 0.0000000000
9.3469387755 0.0000000000
9.3510204082 0.0000000000
9.3551020408 3.8726329803
9.3591836735 0.0000000000
9.3632653061 0.0000000000
9.3673469388 0.0000000000
9.3714285714 4.3951945305
9.3755102041 52.4616088867
9.3795918367 116.4996185303
9.3836734694 134.7950744629
9.3877551020 127.5295639038
9.3918367347 114.5769348145
9.3959183673 117.0611419678
9.4000000000 97.1918106079
9.4040816327 84.7667999268
9.4081632653 68.6147155762
9.4122448980 54.0999755859
9.4163265306 41.9859886169
9.4204081633 29.2770271301
9.4244897959 21.9632377625
9.4285714286 17.0565261841
9.4326530612 5.2073001862
9.4367346939 0.0000000000
9.4408163265 0.0000000000
9.4448979592 0.0000000000
9.4489795918 0.0000000000
9.4530612245 0.0000000000
9.4571428571 0.0000000000
9.4612244898 0.0000000000
9.4653061224 0.0000000000
9.4693877551 0.0000000000
9.4734693878 0.0000000000
9.4775510204 0.0000000000
9.4816326531 0.0000000000
9.4857142857 0.0000000000
9.4897959184 0.0000000000
9.4938775510 0.0000000000
9.4979591837 0.0000000000
9.5020408163 0.0000000000
9.5061224490 0.0000000000
9.5102040816 0.0000000000
9.5142857143 0.0000000000
9.5183673469 3.7946701050
9.5224489796 1.0254979134
9.5265306122 0.0000000000
9.5306122449 1.7617940903
9.5346938776 0.7373094559
9.5387755102 0.0000000000
9.5428571429 0.0000000000
9.5469387755 0.0000000000
9.5510204082 0.0000000000
9.5551020408 0.0000000000
9.5591836735 0.0000000000
9.5632653061 0.0000000000
9.5673469388 0.0000000000
9.5714285714 0.0000000000
9.5755102041 0.0000000000
9.5795918367 0.0000000000
9.5836734694 0.0000000000
9.5877551020 0.0000000000
9.5918367347 0.0000000000
9.5959183673 0.1146197319
9.6000000000 2.8470754623
9.6040816327 1.6782879829
9.6081632653 0.5583763123
9.6122448980 0.0000000000
9.6163265306 0.0000000000
9.6204081633 0.0000000000
9.6244897959 2.1553039551
9.6285714286 2.0360350609
9.6326530612 0.0000000000
9.6367346939 0.0000000000
9.6408163265 0.0000000000
9.6448979592 0.0000000000
9.6489795918 0.0000000000
9.6530612245 0.0000000000
9.6571428571 3.1245203018
9.6612244898 1.6795098782
9.6653061224 0.0000000000
9.6693877551 0.0000000000
9.6734693878 0.0000000000
9.6775510204 0.0000000000
9.6816326531 0.0000000000
9.6857142857 0.0000000000
9.6897959184 0.0000000000
9.6938775510 0.0000000000
9.6979591837 0.0000000000
9.7020408163 0.0000000000
9.7061224490 0.0000000000
9.7102040816 0.0000000000
9.7142857143 0.0000000000
9.7183673469 0.0000000000
9.7224489796 0.0000000000
9.7265306122 0.0000000000
9.7306122449 0.0000000000
9.7346938776 0.0000000000
9.7387755102 0.0000000000
9.7428571429 0.0000000000
9.7469387755 0.0000000000
9.7510204082 0.0000000000
9.7551020408 0.0000000000
9.7591836735 0.0000000000
9.7632653061 10.9113454819
9.7673469388 25.5001792908
9.7714285714 43.6950912476
9.7755102041 77.5249633789
9.7795918367 91.2330169678
9.7836734694 69.0901870728
9.7877551020 50.9207229614
9.7918367347 40.9775390625
9.7959183673 30.2024784088
9.8000000000 20.3662223816
9.8040816327 7.2062911987
9.8081632653 5.3105950356
9.8122448980 3.3907294273
9.8163265306 4.6754479408
9.8204081633 2.4130940437
9.8244897959 0.1523494720
9.8285714286 0.0000000000
9.8326530612 0.0000000000
9.8367346939 0.0000000000
9.8408163265 0.0000000000
9.8448979592 0.0000000000
9.8489795918 0.0000000000
9.8530612245 5.7057738304
9.8571428571 7.9757270813
9.8612244898 16.5248508453
9.8653061224 15.0987501144
9.8693877551 8.9020729065
9.8734693878 6.0780048370
9.8775510204 7.3043107986
9.8816326531 1.9755661488
9.8857142857 26.0829925537
9.8897959184 39.3972396851
9.8938775510 48.4616775513
9.8979591837 72.1118469238
9.9020408163 77.1717453003
9.9061224490 70.9275054932
9.9102040816 63.8619079590
9.9142857143 57.7025413513
9.9183673469 47.3657836914
9.9224489796 47.5745201111
9.9265306122 29.7552947998
9.9306122449 25.9174118042
9.9346938776 20.0141677856
9.9387755102 14.1813755035
9.9428571429 7.4098110199
9.9469387755 0.9286403656
9.9510204082 0.0000000000
9.9551020408 0.0000000000
9.9591836735 0.0000000000
9.9632653061 0.0000000000
9.9673469388 1.5087127686
9.9714285714 8.0621242523
9.9755102041 6.0310363770
9.9795918367 10.1786851883
9.9836734694 7.0778131485
9.9877551020 6.0176849365
9.9918367347 7.8541040421
9.9959183673 6.4525008202
10.0000000000 2.4151206017
10.0040816327 0.5260705948
10.0081632653 0.0000000000
10.0122448980 0.0000000000
10.0163265306 0.0000000000
10.0204081633 0.0000000000
10.0244897959 0.0000000000
10.0285714286 0.0000000000
10.0326530612 0.0000000000
10.0367346939 0.0000000000
10.0408163265 0.0000000000
10.0448979592 0.0000000000
10.0489795918 0.0000000000
10.0530612245 0.9857416153
10.0571428571 0.0000000000
10.0612244898 0.0000000000
10.0653061224 0.0000000000
10.0693877551 0.0000000000
10.0734693878 0.0000000000
10.0775510204 0.0000000000
10.0816326531 0.0000000000
10.0857142857 0.0000000000
10.0897959184 0.0000000000
10.0938775510 0.0000000000
10.0979591837 0.0000000000
10.1020408163 0.0000000000
10.1061224490 0.0000000000
10.1102040816 0.0000000000
10.1142857143 0.0000000000
10.1183673469 0.0000000000
10.1224489796 0.0000000000
10.1265306122 0.0000000000
10.1306122449 0.0000000000
10.1346938776 0.0000000000
10.1387755102 0.0000000000
10.1428571429 0.0000000000
10.1469387755 0.0000000000
10.1510204082 0.0000000000
10.1551020408 0.0000000000
10.1591836735 0.0000000000
10.1632653061 0.0000000000
10.1673469388 0.0000000000
10.1714285714 0.0000000000
10.1755102041 0.0000000000
10.1795918367 0.0000000000
10.1836734694 0.0000000000
10.1877551020 0.0000000000
10.1918367347 0.0000000000
10.1959183673 0.0000000000
10.2000000000 0.0000000000
10.2040816327 0.0000000000
10.2081632653 0.0000000000
10.2122448980 0.0000000000
10.2163265306 0.0000000000
10.2204081633 0.0000000000
10.2244897959 1.8138968945
10.2285714286 6.0425996780
10.2326530612 6.3917040825
10.2367346939 2.2325515747
10.2408163265 6.4366383553
10.2448979592 5.6308507919
10.2489795918 0.0000000000
10.2530612245 0.6705522537
10.2571428571 0.6594657898
10.2612244898 0.0000000000
10.2653061224 0.0000000000
10.2693877551 0.0000000000
10.2734693878 0.0000000000
10.2775510204 0.0000000000
10.2816326531 0.0000000000
10.2857142857 0.0000000000
10.2897959184 8.9979171753
10.2938775510 36.9245109558
10.2979591837 77.3823394775
10.3020408163 106.0856475830
10.3061224490 107.1565399170
10.3102040816 99.7195510864
10.3142857143 106.0157394409
10.3183673469 88.4373779297
10.3224489796 73.0214080811
10.3265306122 54.0503273010
10.3306122449 40.4126358032
10.3346938776 24.6557292938
10.3387755102 16.2332057953
10.3428571429 10.6346607208
10.3469387755 1.3663768768
10.3510204082 0.0000000000
10.3551020408 0.0000000000
10.3591836735 0.0000000000
10.3632653061 0.0000000000
10.3673469388 0.0000000000
10.3714285714 0.0000000000
10.3755102041 0.0000000000
10.3795918367 0.0000000000
10.3836734694 0.0000000000
10.3877551020 0.0000000000
10.3918367347 0.0000000000
10.3959183673 1.4789104462
10.4000000000 3.1657516956
10.4040816327 3.1482279301
10.4081632653 2.0573437214
10.4122448980 0.4832744598
10.4163265306 1.1483430862
10.4204081633 0.0000000000
10.4244897959 0.0000000000
10.4285714286 0.0000000000
10.4326530612 0.0000000000
10.4367346939 0.0000000000
10.4408163265 0.0000000000
10.4448979592 0.0000000000
10.4489795918 0.0000000000
10.4530612245 0.0000000000
10.4571428571 0.0000000000
10.4612244898 0.0000000000
10.4653061224 0.0000000000
10.4693877551 0.0000000000
10.4734693878 0.0000000000
10.4775510204 0.0000000000
10.4816326531 0.0000000000
10.4857142857 0.0000000000
10.4897959184 0.0000000000
10.4938775510 0.0000000000
10.4979591837 0.0000000000
10.5020408163 0.0000000000
10.5061224490 0.0000000000
10.5102040816 0.0000000000
10.5142857143 0.0000000000
10.5183673469 0.0000000000
10.5224489796 0.0000000000
10.5265306122 0.0000000000
10.5306122449 0.0000000000
10.5346938776 0.0000000000
10.5387755102 0.0000000000
10.5428571429 0.0000000000
10.5469387755 0.0000000000
10.5510204082 0.0000000000
10.5551020408 0.0000000000
10.5591836735 0.0000000000
10.5632653061 0.0000000000
10.5673469388 0.0000000000
10.5714285714 0.0000000000
10.5755102041 0.0000000000
10.5795918367 0.0000000000
10.5836734694 0.0000000000
10.5877551020 0.0000000000
10.5918367347 0.0000000000
10.5959183673 0.0000000000
10.6000000000 0.0000000000
10.6040816327 0.0000000000
10.6081632653 0.0000000000
10.6122448980 0.0000000000
10.6163265306 0.0000000000
10.6204081633 0.0000000000
10.6244897959 0.0000000000
10.6285714286 0.0000000000
10.6326530612 0.0000000000
10.6367346939 0.0000000000
10.6408163265 0.0000000000
10.6448979592 0.0000000000
10.6489795918 0.0000000000
10.6530612245 0.0000000000
10.6571428571 0.0000000000
10.6612244898 0.0000000000
10.6653061224 0.0000000000
10.6693877551 0.0000000000
10.6734693878 0.0000000000
10.6775510204 0.0000000000
10.6816326531 0.0000000000
10.6857142857 0.0000000000
10.6897959184 0.0000000000
10.6938775510 11.7082300186
10.6979591837 32.0164451599
10.7020408163 67.3495712280
10.7061224490 105.0563430786
10.7102040816 141.7144927979
10.7142857143 169.1788482666
10.7183673469 179.2895202637
10.7224489796 176.9389038086
10.7265306122 163.0208435059
10.7306122449 140.5439453125
10.7346938776 111.9037322998
10.7387755102 85.5444641113
10.7428571429 59.4396286011
10.7469387755 36.3183898926
10.7510204082 17.0378990173
10.7551020408 0.2868175507
10.7591836735 0.0000000000
10.7632653061 0.0000000000
10.7673469388 0.0000000000
10.7714285714 0.0000000000
10.7755102041 0.0000000000
10.7795918367 0.0000000000
10.7836734694 0.0000000000
10.7877551020 0.0000000000
10.7918367347 0.0000000000
10.7959183673 0.0000000000
10.8000000000 0.0000000000
10.8040816327 0.0000000000
10.8081632653 0.0000000000
10.8122448980 0.0000000000
10.8163265306 0.0000000000
10.8204081633 0.0000000000
10.8244897959 0.0000000000
10.8285714286 0.0000000000
10.8326530612 0.0000000000
10.8367346939 0.0000000000
10.8408163265 0.0000000000
10.8448979592 0.0000000000
10.8489795918 0.0000000000
10.8530612245 0.0000000000
10.8571428571 0.0000000000
10.8612244898 0.0000000000
10.8653061224 0.0000000000
10.8693877551 0.0000000000
10.8734693878 0.0000000000
10.8775510204 0.0000000000
10.8816326531 0.0000000000
10.8857142857 0.0000000000
10.8897959184 0.0000000000
10.8938775510 0.6151348352
10.8979591837 2.5720596313
10.9020408163 0.0000000000
10.9061224490 5.0532817841
10.9102040816 16.2658386230
10.9142857143 11.6212215424
10.9183673469 9.3874931335
10.9224489796 5.0415396690
10.9265306122 0.0000000000
10.9306122449 0.0000000000
10.9346938776 0.0000000000
10.9387755102 0.0000000000
10.9428571429 0.0000000000
10.9469387755 0.0000000000
10.9510204082 0.0000000000
10.9551020408 0.0000000000
10.9591836735 0.0000000000
10.9632653061 0.0000000000
10.9673469388 0.0000000000
10.9714285714 19.7321777344
10.9755102041 33.9275016785
10.9795918367 42.2943077087
10.9836734694 53.6208724976
10.9877551020 64.0744857788
10.9918367347 67.3569183350
10.9959183673 76.7750854492
11.0000000000 85.0484085083
11.0040816327 100.0758361816
11.0081632653 103.6598663330
11.0122448980 76.0290603638
11.0163265306 47.6977806091
11.0204081633 27.8316135406
11.0244897959 14.8217678070
11.0285714286 1.8755197525
11.0326530612 1.0461807251
11.0367346939 0.0000000000
11.0408163265 0.0000000000
11.0448979592 0.0000000000
11.0489795918 0.0000000000
11.0530612245 0.0000000000
11.0571428571 0.0000000000
11.0612244898 0.0000000000
11.0653061224 0.0000000000
11.0693877551 0.0000000000
11.0734693878 0.0000000000
11.0775510204 0.0000000000
11.0816326531 0.0000000000
11.0857142857 0.0000000000
11.0897959184 0.0000000000
11.0938775510 0.0000000000
11.0979591837 4.6433506012
11.1020408163 10.0770587921
11.1061224490 11.2709703445
11.1102040816 6.7993998528
11.1142857143 2.2308826447
11.1183673469 0.0000000000
11.1224489796 0.0000000000
11.1265306122 0.0000000000
11.1306122449 0.0000000000
11.1346938776 0.0000000000
11.1387755102 0.0000000000
11.1428571429 0.0000000000
11.1469387755 8.9074974060
11.1510204082 25.6240959167
11.1551020408 35.5852851868
11.1591836735 41.3836212158
11.1632653061 31.6374301910
11.1673469388 22.0122947693
11.1714285714 15.8830280304
11.1755102041 9.2442636490
11.1795918367 0.1230239868
11.1836734694 0.0000000000
11.1877551020 0.0000000000
11.1918367347 0.0000000000
11.1959183673 0.0000000000
11.2000000000 0.0000000000
11.2040816327 0.0000000000
11.2081632653 0.0000000000
11.2122448980 0.0000000000
11.2163265306 0.0000000000
11.2204081633 0.0000000000
11.2244897959 0.0000000000
11.2285714286 0.0000000000
11.2326530612 1.8661022186
11.2367346939 0.0000000000
11.2408163265 0.0000000000
11.2448979592 0.0000000000
11.2489795918 0.0000000000
11.2530612245 0.0000000000
11.2571428571 1.1022090912
11.2612244898 2.0712018013
11.2653061224 0.7154345512
11.2693877551 0.0000000000
11.2734693878 0.0000000000
11.2775510204 0.0000000000
11.2816326531 0.0000000000
11.2857142857 0.0000000000
11.2897959184 0.0000000000
11.2938775510 0.0000000000
11.2979591837 0.0000000000
11.3020408163 0.0000000000
11.3061224490 0.0000000000
11.3102040816 0.0000000000
11.3142857143 0.0000000000
11.3183673469 0.0000000000
11.3224489796 0.0000000000
11.3265306122 0.0000000000
11.3306122449 0.0000000000
11.3346938776 0.0000000000
11.3387755102 0.0000000000
11.3428571429 0.0000000000
11.3469387755 0.0000000000
11.3510204082 0.0000000000
11.3551020408 0.0000000000
11.3591836735 0.0000000000
11.3632653061 0.0000000000
11.3673469388 0.0000000000
11.3714285714 4.7499537468
11.3755102041 11.4238262177
11.3795918367 5.8193802834
11.3836734694 1.5083551407
11.3877551020 2.9267668724
11.3918367347 1.2581944466
11.3959183673 4.2536258698
11.4000000000 0.1770853996
11.4040816327 4.8265457153
11.4081632653 6.3469409943
11.4122448980 7.9750418663
11.4163265306 8.8908081055
11.4204081633 10.1011991501
11.4244897959 14.2212066650
11.4285714286 8.3637084961
11.4326530612 3.8945078850
11.4367346939 2.2636055946
11.4408163265 0.6243586540
11.4448979592 0.0000000000
11.4489795918 0.0000000000
11.4530612245 0.0000000000
11.4571428571 0.0000000000
11.4612244898 2.7114152908
11.4653061224 0.0000000000
11.4693877551 0.0000000000
11.4734693878 0.0000000000
11.4775510204 0.0000000000
11.4816326531 0.0000000000
11.4857142857 0.0000000000
11.4897959184 0.0000000000
11.4938775510 0.0000000000
11.4979591837 0.0000000000
11.5020408163 0.0000000000
11.5061224490 0.0000000000
11.5102040816 0.0000000000
11.5142857143 0.0000000000
11.5183673469 0.0000000000
11.5224489796 2.2113621235
11.5265306122 20.9758281708
11.5306122449 80.7006378174
11.5346938776 152.6965637207
11.5387755102 162.7399902344
11.5428571429 159.7484436035
11.5469387755 167.5796508789
11.5510204082 138.6619262695
11.5551020408 123.5682373047
11.5591836735 100.3775024414
11.5632653061 78.4102096558
11.5673469388 58.9425277710
11.5714285714 37.0001792908
11.5755102041 16.1438579559
11.5795918367 2.0374059677
11.5836734694 0.0000000000
11.5877551020 0.0000000000
11.5918367347 0.0000000000
11.5959183673 0.0000000000
11.6000000000 0.0000000000
11.6040816327 0.0000000000
11.6081632653 0.0000000000
11.6122448980 0.0000000000
11.6163265306 0.0000000000
11.6204081633 0.0000000000
11.6244897959 0.0000000000
11.6285714286 0.0000000000
11.6326530612 0.0000000000
11.6367346939 0.0000000000
11.6408163265 0.0000000000
11.6448979592 0.0000000000
11.6489795918 0.0000000000
11.6530612245 0.0000000000
11.6571428571 0.0000000000
11.6612244898 0.0000000000
11.6653061224 0.0000000000
11.6693877551 0.0000000000
11.6734693878 0.0000000000
11.6775510204 0.0000000000
11.6816326531 0.0000000000
11.6857142857 0.0000000000
11.6897959184 0.0000000000
11.6938775510 0.0000000000
11.6979591837 0.0000000000
11.7020408163 0.0000000000
11.7061224490 0.0000000000
11.7102040816 0.0000000000
11.7142857143 0.0000000000
11.7183673469 0.0000000000
11.7224489796 0.0000000000
11.7265306122 0.0000000000
11.7306122449 0.0000000000
11.7346938776 0.0000000000
11.7387755102 0.0000000000
11.7428571429 0.0000000000
11.7469387755 0.0000000000
11.7510204082 0.0000000000
11.7551020408 0.0000000000
11.7591836735 0.0000000000
11.7632653061 0.0000000000
11.7673469388 0.0000000000
11.7714285714 0.0000000000
11.7755102041 2.2614598274
11.7795918367 0.0000000000
11.7836734694 13.4656429291
11.7877551020 13.0934123993
11.7918367347 9.3358755112
11.7959183673 11.6149187088
11.8000000000 5.6458859444
11.8040816327 1.2799501419
11.8081632653 0.0000000000
11.8122448980 0.0000000000
11.8163265306 0.0000000000
11.8204081633 0.0000000000
11.8244897959 3.0431449413
11.8285714286 4.6291947365
11.8326530612 0.0000000000
11.8367346939 0.0000000000
11.8408163265 0.0000000000
11.8448979592 0.0000000000
11.8489795918 0.0000000000
11.8530612245 0.0000000000
11.8571428571 0.0000000000
11.8612244898 0.0000000000
11.8653061224 0.0000000000
11.8693877551 0.0000000000
11.8734693878 0.0000000000
11.8775510204 0.0000000000
11.8816326531 0.0000000000
11.8857142857 0.0000000000
11.8897959184 0.0000000000
11.8938775510 0.0000000000
11.8979591837 0.0000000000
11.9020408163 0.0000000000
11.9061224490 0.0000000000
11.9102040816 0.0000000000
11.9142857143 0.0000000000
11.9183673469 4.9395856857
11.9224489796 59.3348159790
11.9265306122 148.1973114014
11.9306122449 193.1025695801
11.9346938776 198.0913848877
11.9387755102 196.7636108398
11.9428571429 182.8269958496
11.9469387755 164.3491210938
11.9510204082 142.7041015625
11.9551020408 118.3809051514
11.9591836735 95.8350906372
11.9632653061 74.9367523193
11.9673469388 60.5393066406
11.9714285714 51.5764961243
11.9755102041 47.4730758667
11.9795918367 43.0634002686
11.9836734694 37.7516746521
11.9877551020 24.1848220825
11.9918367347 6.7503452301
11.9959183673 0.0000000000
12.0000000000 0.0000000000
12.0040816327 0.0000000000
12.0081632653 0.0000000000
12.0122448980 0.0000000000
12.0163265306 0.0000000000
12.0204081633 0.0000000000
12.0244897959 0.0000000000
12.0285714286 0.0000000000
12.0326530612 0.0000000000
12.0367346939 0.0000000000
12.0408163265 0.0000000000
12.0448979592 0.0000000000
12.0489795918 0.0000000000
12.0530612245 0.0000000000
12.0571428571 0.0000000000
12.0612244898 0.0000000000
12.0653061224 0.0000000000
12.0693877551 0.0000000000
12.0734693878 0.0000000000
12.0775510204 0.0000000000
12.0816326531 0.0000000000
12.0857142857 0.0000000000
12.0897959184 0.0000000000
12.0938775510 0.0000000000
12.0979591837 0.0000000000
12.1020408163 0.8754134178
12.1061224490 0.0000000000
12.1102040816 0.0000000000
12.1142857143 0.0000000000
12.1183673469 0.0000000000
12.1224489796 0.0000000000
12.1265306122 0.0000000000
12.1306122449 0.0000000000
12.1346938776 0.0000000000
12.1387755102 0.0000000000
12.1428571429 0.0000000000
12.1469387755 0.0000000000
12.1510204082 0.0000000000
12.1551020408 0.0000000000
12.1591836735 0.0000000000
12.1632653061 0.0000000000
12.1673469388 0.0000000000
12.1714285714 0.0000000000
12.1755102041 0.0000000000
12.1795918367 0.0000000000
12.1836734694 0.0000000000
12.1877551020 0.0000000000
12.1918367347 2.0651817322
12.1959183673 0.0287294388
12.2000000000 0.0000000000
12.2040816327 0.0000000000
12.2081632653 0.0000000000
12.2122448980 0.0000000000
12.2163265306 0.0000000000
12.2204081633 14.9794816971
12.2244897959 23.7298011780
12.2285714286 61.1947174072
12.2326530612 64.0004577637
12.2367346939 55.0776138306
12.2408163265 55.1378707886
12.2448979592 55.6691589355
12.2489795918 47.3900451660
12.2530612245 31.3216438293
12.2571428571 16.2468547821
12.2612244898 9.6696014404
12.2653061224 6.2297582626
12.2693877551 3.6959052086
12.2734693878 1.8177628517
12.2775510204 0.0000000000
12.2816326531 0.0000000000
12.2857142857 0.0000000000
12.2897959184 0.0000000000
12.2938775510 0.0000000000
12.2979591837 0.0000000000
12.3020408163 0.0000000000
12.3061224490 0.0000000000
12.3102040816 0.0000000000
12.3142857143 0.0000000000
12.3183673469 0.0000000000
12.3224489796 0.0000000000
12.3265306122 0.0000000000
12.3306122449 0.0000000000
12.3346938776 0.0000000000
12.3387755102 0.0000000000
12.3428571429 0.0000000000
12.3469387755 0.0000000000
12.3510204082 0.0000000000
12.3551020408 0.0000000000
12.3591836735 0.0000000000
12.3632653061 0.0000000000
12.3673469388 2.5979280472
12.3714285714 19.0996513367
12.3755102041 32.3424339294
12.3795918367 55.3638916016
12.3836734694 65.3129806519
12.3877551020 64.9107360840
12.3918367347 51.5618324280
12.3959183673 30.8415298462
12.4000000000 11.8296146393
12.4040816327 4.4745206833
12.4081632653 0.0000000000
12.4122448980 0.0000000000
12.4163265306 0.0000000000
12.4204081633 0.0000000000
12.4244897959 0.0000000000
12.4285714286 0.0000000000
12.4326530612 0.0000000000
12.4367346939 0.0000000000
12.4408163265 0.0000000000
12.4448979592 0.0000000000
12.4489795918 0.0000000000
12.4530612245 0.0000000000
12.4571428571 0.0000000000
12.4612244898 0.0000000000
12.4653061224 0.0000000000
12.4693877551 0.0000000000
12.4734693878 0.0000000000
12.4775510204 0.0000000000
12.4816326531 0.0000000000
12.4857142857 0.0000000000
12.4897959184 0.0000000000
12.4938775510 0.0000000000
12.4979591837 0.0000000000
12.5020408163 0.0000000000
12.5061224490 0.0000000000
12.5102040816 0.0000000000
12.5142857143 0.0000000000
12.5183673469 0.0000000000
12.5224489796 0.0000000000
12.5265306122 0.0000000000
12.5306122449 0.0000000000
12.5346938776 0.0000000000
12.5387755102 0.0000000000
12.5428571429 0.6677508354
12.5469387755 0.0000000000
12.5510204082 6.7848563194
12.5551020408 6.3004794121
12.5591836735 6.8434476852
12.5632653061 0.1989006996
12.5673469388 7.2055311203
12.5714285714 11.9197959900
12.5755102041 5.3710250854
12.5795918367 8.5500984192
12.5836734694 18.3766937256
12.5877551020 22.9331626892
12.5918367347 35.9904785156
12.5959183673 50.2562141418
12.6000000000 70.4522552490
12.6040816327 93.6655273438
12.6081632653 104.5714874268
12.6122448980 107.2280120850
12.6163265306 118.7734603882
12.6204081633 127.3223571777
12.6244897959 123.7154006958
12.6285714286 124.8526611328
12.6326530612 114.4750976562
12.6367346939 98.1370239258
12.6408163265 81.4813995361
12.6448979592 70.6632080078
12.6489795918 56.2210083008
12.6530612245 42.8878059387
12.6571428571 30.9773674011
12.6612244898 25.3680343628
12.6653061224 21.7167739868
12.6693877551 10.7734203339
12.6734693878 4.5419931412
12.6775510204 1.0180473328
12.6816326531 0.0000000000
12.6857142857 0.0000000000
12.6897959184 0.0000000000
12.6938775510 0.0000000000
12.6979591837 0.0000000000
12.7020408163 0.0000000000
12.7061224490 0.0000000000
12.7102040816 0.0000000000
12.7142857143 0.0000000000
12.7183673469 0.0000000000
12.7224489796 0.0677108765
12.7265306122 0.0000000000
12.7306122449 0.0000000000
12.7346938776 0.0000000000
12.7387755102 0.0000000000
12.7428571429 0.0000000000
12.7469387755 0.0000000000
12.7510204082 0.0000000000
12.7551020408 0.0000000000
12.7591836735 0.0000000000
12.7632653061 0.0000000000
12.7673469388 0.0000000000
12.7714285714 0.0000000000
12.7755102041 0.0000000000
12.7795918367 0.0000000000
12.7836734694 0.0000000000
12.7877551020 0.0000000000
12.7918367347 0.0000000000
12.7959183673 0.0000000000
12.8000000000 0.0000000000
12.8040816327 0.0000000000
12.8081632653 0.0000000000
12.8122448980 0.0000000000
12.8163265306 0.0000000000
12.8204081633 0.0000000000
12.8244897959 0.0000000000
12.8285714286 0.0000000000
12.8326530612 0.0000000000
12.8367346939 0.0000000000
12.8408163265 0.0000000000
12.8448979592 0.0000000000
12.8489795918 0.0000000000
12.8530612245 0.0000000000
12.8571428571 0.0000000000
12.8612244898 0.0000000000
12.8653061224 0.0000000000
12.8693877551 0.0000000000
12.8734693878 0.0000000000
12.8775510204 0.0000000000
12.8816326531 0.0000000000
12.8857142857 0.0000000000
12.8897959184 0.0000000000
12.8938775510 0.0000000000
12.8979591837 0.0000000000
12.9020408163 0.0000000000
12.9061224490 0.0000000000
12.9102040816 0.0000000000
12.9142857143 0.0000000000
12.9183673469 0.0000000000
12.9224489796 0.0000000000
12.9265306122 0.0000000000
12.9306122449 0.0000000000
12.9346938776 0.0000000000
12.9387755102 0.0000000000
12.9428571429 0.0000000000
12.9469387755 0.0000000000
12.9510204082 0.0000000000
12.9551020408 0.0000000000
12.9591836735 0.0000000000
12.9632653061 0.0000000000
12.9673469388 0.0000000000
12.9714285714 0.0000000000
12.9755102041 0.0000000000
12.9795918367 0.0000000000
12.9836734694 0.5650520325
12.9877551020 5.8360099792
12.9918367347 10.4811191559
12.9959183673 18.1935119629
13.0000000000 15.6703586578
13.0040816327 15.0003137589
13.0081632653 17.8423538208
13.0122448980 19.4736232758
13.0163265306 25.4700241089
13.0204081633 29.9464759827
13.0244897959 35.1713142395
13.0285714286 26.2466964722
13.0326530612 18.0966854095
13.0367346939 29.1704521179
13.0408163265 34.4502944946
13.0448979592 35.7635040283
13.0489795918 31.2374534607
13.0530612245 20.2762794495
13.0571428571 14.6512985229
13.0612244898 9.9547500610
13.0653061224 6.5063834190
13.0693877551 1.6329288483
13.0734693878 0.0000000000
13.0775510204 0.0000000000
13.0816326531 0.0000000000
13.0857142857 0.0000000000
13.0897959184 0.0000000000
13.0938775510 0.0000000000
13.0979591837 0.0000000000
13.1020408163 0.0000000000
13.1061224490 0.0000000000
13.1102040816 0.0000000000
13.1142857143 0.0000000000
13.1183673469 0.0000000000
13.1224489796 4.4162569046
13.1265306122 6.7769289017
13.1306122449 10.4255676270
13.1346938776 11.0180225372
13.1387755102 6.3185095787
13.1428571429 4.1982531548
13.1469387755 5.3117275238
13.1510204082 16.5852317810
13.1551020408 12.4332904816
13.1591836735 29.7051658630
13.1632653061 41.9901580811
13.1673469388 45.8999252319
13.1714285714 41.4893646240
13.1755102041 42.6915130615
13.1795918367 29.0885124207
13.1836734694 20.0418243408
13.1877551020 8.1572532654
13.1918367347 5.9650540352
13.1959183673 7.1067810059
13.2000000000 0.0000000000
13.2040816327 0.0000000000
13.2081632653 0.0000000000
13.2122448980 0.0000000000
13.2163265306 0.0000000000
13.2204081633 0.0000000000
13.2244897959 0.0000000000
13.2285714286 0.0000000000
13.2326530612 0.0000000000
13.2367346939 0.0000000000
13.2408163265 0.0000000000
13.2448979592 0.0000000000
13.2489795918 0.0000000000
13.2530612245 0.0000000000
13.2571428571 0.0000000000
13.2612244898 0.0000000000
13.2653061224 0.0000000000
13.2693877551 0.0000000000
13.2734693878 0.0000000000
13.2775510204 0.0000000000
13.2816326531 2.6908814907
13.2857142857 0.0000000000
13.2897959184 0.0000000000
13.2938775510 0.0000000000
13.2979591837 0.0000000000
13.3020408163 0.0000000000
13.3061224490 0.0000000000
13.3102040816 0.0000000000
13.3142857143 0.0000000000
13.3183673469 0.0000000000
13.3224489796 0.0000000000
13.3265306122 0.0000000000
13.3306122449 0.0000000000
13.3346938776 0.0000000000
13.3387755102 0.0000000000
13.3428571429 0.0000000000
13.3469387755 0.0000000000
13.3510204082 0.0000000000
13.3551020408 0.0000000000
13.3591836735 0.0000000000
13.3632653061 0.0000000000
13.3673469388 0.0000000000
13.3714285714 0.0000000000
13.3755102041 0.0000000000
13.3795918367 0.0000000000
13.3836734694 0.0000000000
13.3877551020 0.0000000000
13.3918367347 0.0000000000
13.3959183673 0.0000000000
13.4000000000 0.0000000000
13.4040816327 0.0000000000
13.4081632653 2.8074383736
13.4122448980 32.2728157043
13.4163265306 72.5560150146
13.4204081633 85.2062072754
13.4244897959 109.1256713867
13.4285714286 106.1555328369
13.4326530612 87.2549743652
13.4367346939 63.1381874084
13.4408163265 37.4866104126
13.4448979592 14.1116981506
13.4489795918 0.0000000000
13.4530612245 0.0000000000
13.4571428571 0.0000000000
13.4612244898 0.0000000000
13.4653061224 0.0000000000
13.4693877551 0.0000000000
13.4734693878 0.0000000000
13.4775510204 0.0000000000
13.4816326531 0.0000000000
13.4857142857 0.0000000000
13.4897959184 0.0000000000
13.4938775510 0.0000000000
13.4979591837 0.0000000000
13.5020408163 0.0000000000
13.5061224490 0.0000000000
13.5102040816 0.0000000000
13.5142857143 0.0000000000
13.5183673469 0.0000000000
13.5224489796 0.0000000000
13.5265306122 0.0000000000
13.5306122449 5.8651866913
13.5346938776 25.2630119324
13.5387755102 43.5579299927
13.5428571429 58.6056442261
13.5469387755 77.3076629639
13.5510204082 96.0551452637
13.5551020408 121.0014648438
13.5591836735 128.6333923340
13.5632653061 133.2545471191
13.5673469388 126.7633819580
13.5714285714 109.0131683350
13.5755102041 85.1692276001
13.5795918367 73.4770355225
13.5836734694 56.4160919189
13.5877551020 38.7785720825
13.5918367347 19.2779312134
13.5959183673 11.5935802460
13.6000000000 5.6051611900
13.6040816327 4.1638016701
13.6081632653 4.6647787094
13.6122448980 0.0000000000
13.6163265306 0.0000000000
13.6204081633 0.0000000000
13.6244897959 0.0000000000
13.6285714286 0.0000000000
13.6326530612 0.0000000000
13.6367346939 0.0000000000
13.6408163265 0.0000000000
13.6448979592 0.0000000000
13.6489795918 0.0000000000
13.6530612245 0.0000000000
13.6571428571 0.0000000000
13.6612244898 0.0000000000
13.6653061224 0.0000000000
13.6693877551 0.0000000000
13.6734693878 0.0000000000
13.6775510204 0.0000000000
13.6816326531 0.0000000000
13.6857142857 0.0000000000
13.6897959184 0.0000000000
13.6938775510 0.0000000000
13.6979591837 0.0000000000
13.7020408163 0.0000000000
13.7061224490 0.0000000000
13.7102040816 0.0000000000
13.7142857143 0.0000000000
13.7183673469 0.0000000000
13.7224489796 0.0000000000
13.7265306122 2.6228427887
13.7306122449 0.0576972961
13.7346938776 0.4496574402
13.7387755102 1.7461478710
13.7428571429 0.0000000000
13.7469387755 0.0000000000
13.7510204082 0.0000000000
13.7551020408 0.0000000000
13.7591836735 0.0000000000
13.7632653061 0.0000000000
13.7673469388 0.0000000000
13.7714285714 0.0000000000
13.7755102041 0.0000000000
13.7795918367 0.0000000000
13.7836734694 0.0000000000
13.7877551020 0.0000000000
13.7918367347 0.0000000000
13.7959183673 0.0000000000
13.8000000000 0.0000000000
13.8040816327 3.6709010601
13.8081632653 10.4513168335
13.8122448980 19.0523262024
13.8163265306 57.4625358582
13.8204081633 73.9716949463
13.8244897959 82.5783615112
13.8285714286 97.4524078369
13.8326530612 83.4896545410
13.8367346939 56.8722496033
13.8408163265 37.8371162415
13.8448979592 29.9038276672
13.8489795918 25.7568969727
13.8530612245 23.8924026489
13.8571428571 14.8202180862
13.8612244898 9.5641021729
13.8653061224 0.0000000000
13.8693877551 0.0000000000
13.8734693878 0.0000000000
13.8775510204 0.0000000000
13.8816326531 0.0000000000
13.8857142857 0.0000000000
13.8897959184 0.0000000000
13.8938775510 0.0000000000
13.8979591837 0.0000000000
13.9020408163 0.0000000000
13.9061224490 0.0000000000
13.9102040816 0.0000000000
13.9142857143 0.0000000000
13.9183673469 0.0000000000
13.9224489796 0.0000000000
13.9265306122 0.0000000000
13.9306122449 0.0000000000
13.9346938776 0.0000000000
13.9387755102 0.0000000000
13.9428571429 0.0000000000
13.9469387755 0.0000000000
13.9510204082 0.0000000000
13.9551020408 8.0701112747
13.9591836735 25.7372703552
13.9632653061 43.0567283630
13.9673469388 38.8820190430
13.9714285714 38.4571533203
13.9755102041 48.7923622131
13.9795918367 50.5992774963
13.9836734694 46.3569145203
13.9877551020 33.7137603760
13.9918367347 20.0715065002
13.9959183673 9.7363586426
14.0000000000 1.8031597137
14.0040816327 0.0000000000
14.0081632653 0.0000000000
14.0122448980 0.0000000000
14.0163265306 0.0000000000
14.0204081633 0.0000000000
14.0244897959 0.0000000000
14.0285714286 0.0000000000
14.0326530612 0.0000000000
14.0367346939 0.0000000000
14.0408163265 0.0000000000
14.0448979592 0.0000000000
14.0489795918 0.0000000000
14.0530612245 0.0000000000
14.0571428571 0.0000000000
14.0612244898 0.0000000000
14.0653061224 0.0000000000
14.0693877551 0.0000000000
14.0734693878 0.0000000000
14.0775510204 0.0000000000
14.0816326531 0.0000000000
14.0857142857 0.0000000000
14.0897959184 0.0000000000
14.0938775510 0.0000000000
14.0979591837 0.0000000000
14.1020408163 0.0000000000
14.1061224490 0.0000000000
14.1102040816 0.0000000000
14.1142857143 0.0000000000
14.1183673469 0.0000000000
14.1224489796 0.0000000000
14.1265306122 0.0000000000
14.1306122449 0.0000000000
14.1346938776 0.0000000000
14.1387755102 0.0000000000
14.1428571429 0.0000000000
14.1469387755 0.0000000000
14.1510204082 2.9839277267
14.1551020408 2.4965107441
14.1591836735 0.0000000000
14.1632653061 0.0000000000
14.1673469388 0.1235008240
14.1714285714 0.0000000000
14.1755102041 0.0000000000
14.1795918367 0.0000000000
14.1836734694 0.0000000000
14.1877551020 4.7903060913
14.1918367347 16.7297725677
14.1959183673 49.1908798218
14.2000000000 88.1505813599
14.2040816327 106.7744293213
14.2081632653 119.0396575928
14.2122448980 131.7202453613
14.2163265306 118.7830047607
14.2204081633 97.6363372803
14.2244897959 78.0153274536
14.2285714286 70.8607482910
14.2326530612 48.9569015503
14.2367346939 29.5299587250
14.2408163265 32.0950775146
14.2448979592 32.4808959961
14.2489795918 25.1022567749
14.2530612245 19.3319320679
14.2571428571 9.4688529968
14.2612244898 0.6754398346
14.2653061224 0.2647638321
14.2693877551 0.7468461990
14.2734693878 0.0000000000
14.2775510204 0.0000000000
14.2816326531 1.2291669846
14.2857142857 0.6094574928
14.2897959184 0.0000000000
14.2938775510 0.0000000000
14.2979591837 0.0000000000
14.3020408163 0.0000000000
14.3061224490 0.0000000000
14.3102040816 0.0000000000
14.3142857143 0.0000000000
14.3183673469 0.0000000000
14.3224489796 0.0000000000
14.3265306122 0.0000000000
14.3306122449 0.0000000000
14.3346938776 0.0000000000
14.3387755102 0.0000000000
14.3428571429 0.0000000000
14.3469387755 0.0000000000
14.3510204082 0.0000000000
14.3551020408 0.0000000000
14.3591836735 0.0000000000
14.3632653061 0.0000000000
14.3673469388 0.0000000000
14.3714285714 0.0000000000
14.3755102041 0.0000000000
14.3795918367 0.0000000000
14.3836734694 0.0000000000
14.3877551020 0.0000000000
14.3918367347 0.0000000000
14.3959183673 0.0000000000
14.4000000000 0.0000000000
14.4040816327 0.0000000000
14.4081632653 0.0000000000
14.4122448980 0.0000000000
14.4163265306 0.0000000000
14.4204081633 0.0000000000
14.4244897959 0.0000000000
14.4285714286 0.0000000000
14.4326530612 0.0000000000
14.4367346939 0.0000000000
14.4408163265 5.1060914993
14.4448979592 9.2775821686
14.4489795918 7.5004696846
14.4530612245 0.0000000000
14.4571428571 0.0000000000
14.4612244898 0.0000000000
14.4653061224 0.0000000000
14.4693877551 0.0000000000
14.4734693878 0.0000000000
14.4775510204 0.0000000000
14.4816326531 0.0000000000
14.4857142857 0.0000000000
14.4897959184 0.0000000000
14.4938775510 0.0000000000
14.4979591837 0.0000000000
14.5020408163 0.0000000000
14.5061224490 0.0000000000
14.5102040816 0.0000000000
14.5142857143 0.0000000000
14.5183673469 0.0000000000
14.5224489796 0.0000000000
14.5265306122 0.0000000000
14.5306122449 0.0000000000
14.5346938776 0.0000000000
14.5387755102 0.0000000000
14.5428571429 0.0000000000
14.5469387755 0.0000000000
14.5510204082 0.0000000000
14.5551020408 0.0000000000
14.5591836735 0.0000000000
14.5632653061 0.0000000000
14.5673469388 0.0000000000
14.5714285714 0.0000000000
14.5755102041 0.0000000000
14.5795918367 0.0000000000
14.5836734694 0.0000000000
14.5877551020 0.0000000000
14.5918367347 20.6059036255
14.5959183673 54.1955223083
14.6000000000 84.2119140625
14.6040816327 90.2861328125
14.6081632653 87.9920120239
14.6122448980 77.1812133789
14.6163265306 57.7988052368
14.6204081633 48.7018814087
14.6244897959 26.4749526978
14.6285714286 12.9688081741
14.6326530612 13.7567520142
14.6367346939 8.1716775894
14.6408163265 0.0000000000
14.6448979592 0.0000000000
14.6489795918 0.0000000000
14.6530612245 0.6341934204
14.6571428571 1.9811987877
14.6612244898 0.0000000000
14.6653061224 0.0000000000
14.6693877551 0.0000000000
14.6734693878 0.0000000000
14.6775510204 0.0000000000
14.6816326531 0.0000000000
14.6857142857 0.0000000000
14.6897959184 0.0000000000
14.6938775510 0.0000000000
14.6979591837 0.0000000000
14.7020408163 0.0000000000
14.7061224490 0.0000000000
14.7102040816 0.0000000000
14.7142857143 0.0000000000
14.7183673469 0.6099939346
14.7224489796 2.3217649460
14.7265306122 4.0096492767
14.7306122449 9.8608436584
14.7346938776 5.1928462982
14.7387755102 10.9953584671
14.7428571429 37.5841255188
14.7469387755 57.6009140015
14.7510204082 61.3912353516
14.7551020408 56.3610229492
14.7591836735 45.6076278687
14.7632653061 30.8431682587
14.7673469388 28.3495483398
14.7714285714 12.5577449799
14.7755102041 1.1851787567
14.7795918367 5.9907436371
14.7836734694 1.8094778061
14.7877551020 0.0000000000
14.7918367347 0.0000000000
14.7959183673 0.0000000000
14.8000000000 0.0000000000
14.8040816327 0.0000000000
14.8081632653 0.0000000000
14.8122448980 0.0000000000
14.8163265306 0.0000000000
14.8204081633 0.0000000000
14.8244897959 0.0000000000
14.8285714286 0.0000000000
14.8326530612 0.0000000000
14.8367346939 0.0000000000
14.8408163265 0.0000000000
14.8448979592 0.0000000000
14.8489795918 0.0000000000
14.8530612245 5.0714015961
14.8571428571 13.7965679169
14.8612244898 13.3723011017
14.8653061224 12.0128393173
14.8693877551 9.2688798904
14.8734693878 4.7750768661
14.8775510204 0.3913044930
14.8816326531 0.0000000000
14.8857142857 0.0000000000
14.8897959184 0.0000000000
14.8938775510 0.0000000000
14.8979591837 0.0000000000
14.9020408163 0.0000000000
14.9061224490 0.0000000000
14.9102040816 0.0000000000
14.9142857143 0.0000000000
14.9183673469 0.0000000000
14.9224489796 0.0000000000
14.9265306122 0.0000000000
14.9306122449 0.0000000000
14.9346938776 1.1170506477
14.9387755102 5.9020519257
14.9428571429 3.4535825253
14.9469387755 2.1607279778
14.9510204082 0.0000000000
14.9551020408 0.0000000000
14.9591836735 0.0000000000
14.9632653061 0.0000000000
14.9673469388 0.0000000000
14.9714285714 0.0000000000
14.9755102041 0.0000000000
