0.0040816327 0.0000000000
0.0081632653 0.0000000000
0.0122448980 0.0000000000
0.0163265306 0.0000000000
0.0204081633 0.0000000000
0.0244897959 0.0000000000
0.0285714286 0.0000000000
0.0326530612 0.0000000000
0.0367346939 0.0000000000
0.0408163265 0.0000000000
0.0448979592 3.7874579430
0.0489795918 5.1429867744
0.0530612245 10.0680036545
0.0571428571 13.2633743286
0.0612244898 20.1088294983
0.0653061224 18.6647758484
0.0693877551 15.6043968201
0.0734693878 18.7377929688
0.0775510204 19.9764976501
0.0816326531 21.9607048035
0.0857142857 15.9960985184
0.0897959184 16.9438114166
0.0938775510 19.3203086853
0.0979591837 20.8294105530
0.1020408163 22.2806034088
0.1061224490 20.2922821045
0.1102040816 15.5146713257
0.1142857143 8.6471443176
0.1183673469 5.6227741241
0.1224489796 2.9754490852
0.1265306122 1.6983151436
0.1306122449 0.0000000000
0.1346938776 0.0000000000
0.1387755102 0.0000000000
0.1428571429 0.0000000000
0.1469387755 0.0000000000
0.1510204082 0.0000000000
0.1551020408 0.0000000000
0.1591836735 0.0000000000
0.1632653061 0.0000000000
0.1673469388 0.0000000000
0.1714285714 2.4328529835
0.1755102041 1.5806555748
0.1795918367 0.0000000000
0.1836734694 0.0000000000
0.1877551020 0.0000000000
0.1918367347 0.0000000000
0.1959183673 0.0000000000
0.2000000000 0.0000000000
0.2040816327 27.2354011536
0.2081632653 43.1363449097
0.2122448980 62.2573204041
0.2163265306 88.7214202881
0.2204081633 106.0341033936
0.2244897959 110.9624176025
0.2285714286 106.9380035400
0.2326530612 102.9498596191
0.2367346939 90.5597839355
0.2408163265 80.5582122803
0.2448979592 80.5219497681
0.2489795918 77.3887557983
0.2530612245 78.6531066895
0.2571428571 83.6078186035
0.2612244898 94.0848541260
0.2653061224 115.5443038940
0.2693877551 116.4366912842
0.2734693878 123.3979187012
0.2775510204 128.8578491211
0.2816326531 113.9339828491
0.2857142857 96.4839477539
0.2897959184 81.2197952271
0.2938775510 68.0693359375
0.2979591837 45.6802825928
0.3020408163 30.2808284760
0.3061224490 16.6559219360
0.3102040816 6.4978599548
0.3142857143 1.3004541397
0.3183673469 0.0000000000
0.3224489796 0.0000000000
0.3265306122 0.0000000000
0.3306122449 0.0000000000
0.3346938776 0.0000000000
0.3387755102 0.0000000000
0.3428571429 0.0000000000
0.3469387755 0.0000000000
0.3510204082 0.0000000000
0.3551020408 0.0000000000
0.3591836735 0.0000000000
0.3632653061 0.0000000000
0.3673469388 0.0000000000
0.3714285714 0.2845525742
0.3755102041 0.0000000000
0.3795918367 0.0000000000
0.3836734694 0.0000000000
0.3877551020 0.0000000000
0.3918367347 0.0000000000
0.3959183673 0.0000000000
0.4000000000 0.0000000000
0.4040816327 0.0000000000
0.4081632653 0.0000000000
0.4122448980 0.0000000000
0.4163265306 0.0000000000
0.4204081633 0.0000000000
0.4244897959 0.0000000000
0.4285714286 0.0000000000
0.4326530612 0.0000000000
0.4367346939 0.0000000000
0.4408163265 0.0000000000
0.4448979592 0.0000000000
0.4489795918 0.0000000000
0.4530612245 0.0000000000
0.4571428571 0.0000000000
0.4612244898 0.0000000000
0.4653061224 0.0000000000
0.4693877551 0.0000000000
0.4734693878 0.0000000000
0.4775510204 0.0000000000
0.4816326531 0.0000000000
0.4857142857 0.0000000000
0.4897959184 0.0000000000
0.4938775510 0.0000000000
0.4979591837 0.0000000000
0.5020408163 0.0000000000
0.5061224490 0.0000000000
0.5102040816 0.0000000000
0.5142857143 0.0000000000
0.5183673469 0.0000000000
0.5224489796 0.0000000000
0.5265306122 0.0000000000
0.5306122449 0.0000000000
0.5346938776 0.0000000000
0.5387755102 3.6240816116
0.5428571429 9.8130702972
0.5469387755 19.3707942963
0.5510204082 33.7417106628
0.5551020408 29.6577224731
0.5591836735 28.2766819000
0.5632653061 16.8308029175
0.5673469388 7.2494745255
0.5714285714 0.0000000000
0.5755102041 0.0000000000
0.5795918367 0.0000000000
0.5836734694 0.0000000000
0.5877551020 0.0000000000
0.5918367347 0.0000000000
0.5959183673 0.0000000000
0.6000000000 0.0000000000
0.6040816327 0.0000000000
0.6081632653 0.0000000000
0.6122448980 0.0000000000
0.6163265306 0.0000000000
0.6204081633 0.0000000000
0.6244897959 0.0000000000
0.6285714286 0.0000000000
0.6326530612 0.0000000000
0.6367346939 0.0000000000
0.6408163265 1.7821788788
0.6448979592 4.6013908386
0.6489795918 43.1918029785
0.6530612245 84.8573226929
0.6571428571 110.9167327881
0.6612244898 108.6909790039
0.6653061224 91.4648742676
0.6693877551 69.9374694824
0.6734693878 55.2957077026
0.6775510204 49.8950500488
0.6816326531 30.9775161743
0.6857142857 8.1551074982
0.6897959184 0.0000000000
0.6938775510 0.0000000000
0.6979591837 0.0000000000
0.7020408163 0.0000000000
0.7061224490 0.0000000000
0.7102040816 0.0000000000
0.7142857143 0.0000000000
0.7183673469 0.0000000000
0.7224489796 0.0000000000
0.7265306122 0.0000000000
0.7306122449 0.0000000000
0.7346938776 0.0000000000
0.7387755102 0.0000000000
0.7428571429 0.0000000000
0.7469387755 0.0000000000
0.7510204082 0.0000000000
0.7551020408 0.0000000000
0.7591836735 0.0000000000
0.7632653061 0.0000000000
0.7673469388 0.0000000000
0.7714285714 0.0000000000
0.7755102041 0.0000000000
0.7795918367 0.0000000000
0.7836734694 0.0000000000
0.7877551020 0.0000000000
0.7918367347 0.0000000000
0.7959183673 0.0000000000
0.8000000000 0.0000000000
0.8040816327 0.0000000000
0.8081632653 0.0000000000
0.8122448980 0.0000000000
0.8163265306 0.0000000000
0.8204081633 0.0000000000
0.8244897959 0.0000000000
0.8285714286 0.0000000000
0.8326530612 0.0000000000
0.8367346939 0.0000000000
0.8408163265 0.0000000000
0.8448979592 0.0000000000
0.8489795918 0.0000000000
0.8530612245 0.0000000000
0.8571428571 0.0000000000
0.8612244898 0.0000000000
0.8653061224 0.0000000000
0.8693877551 0.0000000000
0.8734693878 0.0000000000
0.8775510204 0.0000000000
0.8816326531 3.9901733398
0.8857142857 10.7791423798
0.8897959184 16.1264533997
0.8938775510 21.7554855347
0.8979591837 33.4419174194
0.9020408163 61.2695236206
0.9061224490 122.4927749634
0.9102040816 207.9929809570
0.9142857143 231.6056213379
0.9183673469 222.2138977051
0.9224489796 203.7718811035
0.9265306122 176.7575073242
0.9306122449 147.6627655029
0.9346938776 119.3182525635
0.9387755102 94.4596557617
0.9428571429 71.5460205078
0.9469387755 50.5567779541
0.9510204082 32.0044746399
0.9551020408 11.8163824081
0.9591836735 0.0000000000
0.9632653061 0.0000000000
0.9673469388 0.0000000000
0.9714285714 0.0000000000
0.9755102041 0.0000000000
0.9795918367 0.0000000000
0.9836734694 0.0000000000
0.9877551020 0.0000000000
0.9918367347 0.0000000000
0.9959183673 0.0000000000
1.0000000000 0.0000000000
1.0040816327 0.0000000000
1.0081632653 0.0000000000
1.0122448980 0.0000000000
1.0163265306 0.0000000000
1.0204081633 0.0000000000
1.0244897959 0.0000000000
1.0285714286 0.0000000000
1.0326530612 0.0000000000
1.0367346939 0.0000000000
1.0408163265 0.0000000000
1.0448979592 0.0000000000
1.0489795918 0.0000000000
1.0530612245 0.0000000000
1.0571428571 0.0000000000
1.0612244898 0.0000000000
1.0653061224 0.0000000000
1.0693877551 0.0000000000
1.0734693878 0.0000000000
1.0775510204 0.0000000000
1.0816326531 0.0000000000
1.0857142857 0.0000000000
1.0897959184 0.0000000000
1.0938775510 0.0000000000
1.0979591837 0.0000000000
1.1020408163 0.0000000000
1.1061224490 0.0000000000
1.1102040816 0.0000000000
1.1142857143 0.0000000000
1.1183673469 0.0000000000
1.1224489796 0.0000000000
1.1265306122 0.0000000000
1.1306122449 0.0000000000
1.1346938776 0.0000000000
1.1387755102 0.0000000000
1.1428571429 0.0000000000
1.1469387755 0.0000000000
1.1510204082 0.0000000000
1.1551020408 0.0000000000
1.1591836735 0.0000000000
1.1632653061 0.0000000000
1.1673469388 0.0000000000
1.1714285714 0.0000000000
1.1755102041 0.0000000000
1.1795918367 0.0000000000
1.1836734694 0.0000000000
1.1877551020 0.0000000000
1.1918367347 0.0000000000
1.1959183673 0.0000000000
1.2000000000 0.0000000000
1.2040816327 0.0000000000
1.2081632653 0.0000000000
1.2122448980 0.0000000000
1.2163265306 1.9643306732
1.2204081633 4.2251348495
1.2244897959 4.4699907303
1.2285714286 0.0000000000
1.2326530612 0.0000000000
1.2367346939 0.0000000000
1.2408163265 0.0000000000
1.2448979592 0.0000000000
1.2489795918 0.0000000000
1.2530612245 0.0000000000
1.2571428571 0.0000000000
1.2612244898 0.0000000000
1.2653061224 0.0000000000
1.2693877551 0.0000000000
1.2734693878 0.0000000000
1.2775510204 0.0000000000
1.2816326531 0.0000000000
1.2857142857 0.0000000000
1.2897959184 0.0000000000
1.2938775510 0.0000000000
1.2979591837 6.5152645111
1.3020408163 3.2609105110
1.3061224490 0.0000000000
1.3102040816 6.7073926926
1.3142857143 15.3218355179
1.3183673469 21.2952423096
1.3224489796 25.4709568024
1.3265306122 30.0235671997
1.3306122449 23.0376644135
1.3346938776 13.4175071716
1.3387755102 2.9410123825
1.3428571429 28.9344635010
1.3469387755 23.4950637817
1.3510204082 14.3216924667
1.3551020408 6.6840353012
1.3591836735 4.4168901443
1.3632653061 2.7200579643
1.3673469388 0.0000000000
1.3714285714 0.0000000000
1.3755102041 0.0000000000
1.3795918367 0.0000000000
1.3836734694 0.0000000000
1.3877551020 0.0000000000
1.3918367347 0.0000000000
1.3959183673 0.0000000000
1.4000000000 0.0000000000
1.4040816327 0.0000000000
1.4081632653 2.1274089813
1.4122448980 0.0000000000
1.4163265306 0.0000000000
1.4204081633 0.0000000000
1.4244897959 0.0000000000
1.4285714286 0.0000000000
1.4326530612 0.0000000000
1.4367346939 0.0000000000
1.4408163265 0.0000000000
1.4448979592 0.0000000000
1.4489795918 0.0000000000
1.4530612245 0.0000000000
1.4571428571 0.0000000000
1.4612244898 8.7819099426
1.4653061224 36.6669616699
1.4693877551 46.9035797119
1.4734693878 53.5933990479
1.4775510204 62.7256622314
1.4816326531 77.3452224731
1.4857142857 88.6667785645
1.4897959184 91.2116622925
1.4938775510 86.9449691772
1.4979591837 77.8549880981
1.5020408163 59.6901168823
1.5061224490 43.0558319092
1.5102040816 40.8202438354
1.5142857143 30.2157135010
1.5183673469 34.4749374390
1.5224489796 21.6054630280
1.5265306122 8.4214363098
1.5306122449 0.0606775284
1.5346938776 2.7558951378
1.5387755102 0.0000000000
1.5428571429 0.0000000000
1.5469387755 0.0000000000
1.5510204082 0.0000000000
1.5551020408 0.0000000000
1.5591836735 0.0000000000
1.5632653061 0.0000000000
1.5673469388 0.0000000000
1.5714285714 0.0000000000
1.5755102041 0.0000000000
1.5795918367 0.0000000000
1.5836734694 0.0000000000
1.5877551020 0.0000000000
1.5918367347 0.0000000000
1.5959183673 0.0000000000
1.6000000000 0.0000000000
1.6040816327 0.0000000000
1.6081632653 0.0000000000
1.6122448980 0.0000000000
1.6163265306 0.0000000000
1.6204081633 0.0000000000
1.6244897959 0.0000000000
1.6285714286 0.0000000000
1.6326530612 0.0000000000
1.6367346939 0.0000000000
1.6408163265 0.0000000000
1.6448979592 0.0000000000
1.6489795918 0.0000000000
1.6530612245 0.0000000000
1.6571428571 0.0000000000
1.6612244898 0.0000000000
1.6653061224 0.0000000000
1.6693877551 0.0000000000
1.6734693878 0.0000000000
1.6775510204 0.0000000000
1.6816326531 0.0000000000
1.6857142857 0.0000000000
1.6897959184 0.0000000000
1.6938775510 0.0000000000
1.6979591837 0.0000000000
1.7020408163 0.0000000000
1.7061224490 0.0000000000
1.7102040816 0.0000000000
1.7142857143 0.0000000000
1.7183673469 0.0000000000
1.7224489796 0.0000000000
1.7265306122 0.0000000000
1.7306122449 0.0000000000
1.7346938776 0.0000000000
1.7387755102 0.0000000000
1.7428571429 0.0000000000
1.7469387755 0.0000000000
1.7510204082 0.0000000000
1.7551020408 0.6340146065
1.7591836735 6.0960202217
1.7632653061 10.9924678802
1.7673469388 16.0468826294
1.7714285714 20.0746345520
1.7755102041 23.0484619141
1.7795918367 25.9716815948
1.7836734694 26.2276229858
1.7877551020 24.3202743530
1.7918367347 19.7840785980
1.7959183673 19.5942077637
1.8000000000 17.0722885132
1.8040816327 13.0306186676
1.8081632653 4.8069357872
1.8122448980 0.8464753628
1.8163265306 0.7472038269
1.8204081633 0.0000000000
1.8244897959 0.0000000000
1.8285714286 0.0000000000
1.8326530612 0.0000000000
1.8367346939 0.0000000000
1.8408163265 0.0000000000
1.8448979592 0.0000000000
1.8489795918 0.0000000000
1.8530612245 0.0000000000
1.8571428571 0.0000000000
1.8612244898 0.0000000000
1.8653061224 0.0000000000
1.8693877551 0.0000000000
1.8734693878 0.0000000000
1.8775510204 0.0000000000
1.8816326531 0.3001987934
1.8857142857 21.4937934875
1.8897959184 46.3410034180
1.8938775510 68.7326049805
1.8979591837 95.8702239990
1.9020408163 120.8350067139
1.9061224490 144.0178527832
1.9102040816 174.0843048096
1.9142857143 158.2361907959
1.9183673469 155.5643310547
1.9224489796 148.7073364258
1.9265306122 136.3131408691
1.9306122449 106.6738433838
1.9346938776 80.3501586914
1.9387755102 66.2546691895
1.9428571429 70.6909866333
1.9469387755 57.2288627625
1.9510204082 47.5820312500
1.9551020408 53.5945892334
1.9591836735 49.9926834106
1.9632653061 45.3213462830
1.9673469388 30.2410125732
1.9714285714 15.2133703232
1.9755102041 9.3958969116
1.9795918367 3.4292211533
1.9836734694 4.2724757195
1.9877551020 2.3046731949
1.9918367347 5.8270692825
1.9959183673 4.5371055603
2.0000000000 5.6114196777
2.0040816327 5.6428313255
2.0081632653 3.7451982498
2.0122448980 5.3265690804
2.0163265306 7.7833533287
2.0204081633 9.8816757202
2.0244897959 4.5073628426
2.0285714286 1.3289451599
2.0326530612 1.0918378830
2.0367346939 0.0000000000
2.0408163265 0.0000000000
2.0448979592 0.0000000000
2.0489795918 0.0000000000
2.0530612245 0.0000000000
2.0571428571 0.0000000000
2.0612244898 0.0000000000
2.0653061224 1.4193058014
2.0693877551 0.0000000000
2.0734693878 0.0000000000
2.0775510204 0.0000000000
2.0816326531 0.0000000000
2.0857142857 0.0000000000
2.0897959184 0.0000000000
2.0938775510 0.0000000000
2.0979591837 0.0000000000
2.1020408163 0.0000000000
2.1061224490 0.0000000000
2.1102040816 0.0000000000
2.1142857143 0.0000000000
2.1183673469 0.0000000000
2.1224489796 0.0000000000
2.1265306122 0.0000000000
2.1306122449 0.0000000000
2.1346938776 0.0000000000
2.1387755102 0.0000000000
2.1428571429 0.0000000000
2.1469387755 0.0000000000
2.1510204082 0.0000000000
2.1551020408 0.0000000000
2.1591836735 0.0000000000
2.1632653061 0.0000000000
2.1673469388 0.0000000000
2.1714285714 0.0000000000
2.1755102041 0.0000000000
2.1795918367 0.0000000000
2.1836734694 0.0000000000
2.1877551020 0.0000000000
2.1918367347 0.0000000000
2.1959183673 0.0000000000
2.2000000000 0.0000000000
2.2040816327 0.0000000000
2.2081632653 1.1734962463
2.2122448980 4.1464567184
2.2163265306 13.9694213867
2.2204081633 23.2082595825
2.2244897959 29.6151638031
2.2285714286 25.7356166840
2.2326530612 18.6198348999
2.2367346939 20.4520835876
2.2408163265 15.9959344864
2.2448979592 4.7881007195
2.2489795918 5.1329283714
2.2530612245 0.0000000000
2.2571428571 0.0000000000
2.2612244898 0.0000000000
2.2653061224 0.0000000000
2.2693877551 0.0000000000
2.2734693878 0.0000000000
2.2775510204 0.0000000000
2.2816326531 0.0000000000
2.2857142857 0.0000000000
2.2897959184 0.0000000000
2.2938775510 0.0000000000
2.2979591837 0.0000000000
2.3020408163 0.0000000000
2.3061224490 0.0000000000
2.3102040816 0.0000000000
2.3142857143 0.0000000000
2.3183673469 0.0000000000
2.3224489796 4.0750799179
2.3265306122 15.8350467682
2.3306122449 76.3512878418
2.3346938776 84.6292953491
2.3387755102 103.8928070068
2.3428571429 115.5455093384
2.3469387755 119.4238052368
2.3510204082 112.6527786255
2.3551020408 93.0047607422
2.3591836735 73.4763031006
2.3632653061 57.1400985718
2.3673469388 42.4793548584
2.3714285714 27.4475517273
2.3755102041 15.4333715439
2.3795918367 6.9823560715
2.3836734694 2.8004646301
2.3877551020 0.0000000000
2.3918367347 0.0000000000
2.3959183673 0.0000000000
2.4000000000 0.0000000000
2.4040816327 0.0000000000
2.4081632653 0.0000000000
2.4122448980 0.0000000000
2.4163265306 0.0000000000
2.4204081633 0.0000000000
2.4244897959 0.0000000000
2.4285714286 0.0000000000
2.4326530612 0.0000000000
2.4367346939 6.5255165100
2.4408163265 1.3747215271
2.4448979592 0.0000000000
2.4489795918 0.0000000000
2.4530612245 0.0000000000
2.4571428571 0.0000000000
2.4612244898 0.0000000000
2.4653061224 0.0000000000
2.4693877551 0.0000000000
2.4734693878 0.0000000000
2.4775510204 0.0000000000
2.4816326531 2.6139616966
2.4857142857 3.6593117714
2.4897959184 0.0000000000
2.4938775510 1.5594363213
2.4979591837 0.0000000000
2.5020408163 0.0000000000
2.5061224490 0.0000000000
2.5102040816 0.0000000000
2.5142857143 0.0000000000
2.5183673469 0.6833970547
2.5224489796 4.0366353989
2.5265306122 7.3712167740
2.5306122449 11.9678382874
2.5346938776 15.9940719604
2.5387755102 13.2446289062
2.5428571429 4.2047500610
2.5469387755 0.0000000000
2.5510204082 0.0000000000
2.5551020408 0.0000000000
2.5591836735 0.0000000000
2.5632653061 0.0000000000
2.5673469388 0.0000000000
2.5714285714 0.0000000000
2.5755102041 0.0000000000
2.5795918367 0.0000000000
2.5836734694 0.0000000000
2.5877551020 0.0000000000
2.5918367347 0.0000000000
2.5959183673 0.0000000000
2.6000000000 0.0000000000
2.6040816327 0.0000000000
2.6081632653 13.3622884750
2.6122448980 68.2207489014
2.6163265306 92.6611175537
2.6204081633 99.6786575317
2.6244897959 99.2594757080
2.6285714286 89.7700805664
2.6326530612 85.6661834717
2.6367346939 69.6635284424
2.6408163265 64.6258850098
2.6448979592 61.8025512695
2.6489795918 48.5861282349
2.6530612245 32.3399887085
2.6571428571 18.1183223724
2.6612244898 6.5466761589
2.6653061224 0.0000000000
2.6693877551 0.0000000000
2.6734693878 0.0000000000
2.6775510204 0.0000000000
2.6816326531 0.0000000000
2.6857142857 0.0000000000
2.6897959184 0.0000000000
2.6938775510 0.0000000000
2.6979591837 0.0000000000
2.7020408163 0.0000000000
2.7061224490 0.0000000000
2.7102040816 0.0000000000
2.7142857143 0.0000000000
2.7183673469 0.0000000000
2.7224489796 0.0000000000
2.7265306122 0.0000000000
2.7306122449 0.0000000000
2.7346938776 0.0000000000
2.7387755102 0.0000000000
2.7428571429 0.0000000000
2.7469387755 0.0000000000
2.7510204082 0.0000000000
2.7551020408 0.0000000000
2.7591836735 0.0000000000
2.7632653061 0.0000000000
2.7673469388 7.1925520897
2.7714285714 11.4909410477
2.7755102041 15.9446001053
2.7795918367 18.4091930389
2.7836734694 19.6124305725
2.7877551020 25.6460304260
2.7918367347 34.8919601440
2.7959183673 42.6905403137
2.8000000000 31.6851119995
2.8040816327 18.3675880432
2.8081632653 5.1550865173
2.8122448980 0.3633499146
2.8163265306 0.0000000000
2.8204081633 0.0000000000
2.8244897959 0.0000000000
2.8285714286 0.0000000000
2.8326530612 0.0000000000
2.8367346939 7.8879594803
2.8408163265 20.0640869141
2.8448979592 24.7806911469
2.8489795918 21.1029510498
2.8530612245 9.1781320572
2.8571428571 7.1261825562
2.8612244898 7.3658823967
2.8653061224 3.3532381058
2.8693877551 0.0000000000
2.8734693878 0.0000000000
2.8775510204 0.0000000000
2.8816326531 0.0000000000
2.8857142857 0.0000000000
2.8897959184 0.0000000000
2.8938775510 0.0000000000
2.8979591837 0.0000000000
2.9020408163 0.0000000000
2.9061224490 0.0000000000
2.9102040816 0.0000000000
2.9142857143 0.0000000000
2.9183673469 0.0000000000
2.9224489796 0.2526044846
2.9265306122 0.0000000000
2.9306122449 0.0000000000
2.9346938776 0.0000000000
2.9387755102 0.0000000000
2.9428571429 0.0000000000
2.9469387755 0.0000000000
2.9510204082 0.0000000000
2.9551020408 0.0000000000
2.9591836735 0.0000000000
2.9632653061 0.0000000000
2.9673469388 0.0000000000
2.9714285714 0.0000000000
2.9755102041 0.0000000000
2.9795918367 0.0000000000
2.9836734694 0.0000000000
2.9877551020 0.0000000000
2.9918367347 0.0000000000
2.9959183673 0.5334615707
3.0000000000 0.0000000000
3.0040816327 0.0000000000
3.0081632653 0.0000000000
3.0122448980 0.0000000000
3.0163265306 0.0000000000
3.0204081633 0.7165074348
3.0244897959 0.6147623062
3.0285714286 0.0000000000
3.0326530612 0.0000000000
3.0367346939 0.0000000000
3.0408163265 0.0000000000
3.0448979592 0.0000000000
3.0489795918 0.0000000000
3.0530612245 0.0000000000
3.0571428571 0.0000000000
3.0612244898 0.0000000000
3.0653061224 2.9709339142
3.0693877551 8.6495580673
3.0734693878 18.3495292664
3.0775510204 12.0076532364
3.0816326531 12.4804677963
3.0857142857 4.9380660057
3.0897959184 4.1319131851
3.0938775510 3.0322074890
3.0979591837 0.1377910376
3.1020408163 0.0000000000
3.1061224490 0.3592371941
3.1102040816 0.0000000000
3.1142857143 0.0000000000
3.1183673469 0.0000000000
3.1224489796 0.0000000000
3.1265306122 0.0000000000
3.1306122449 0.0000000000
3.1346938776 0.0000000000
3.1387755102 0.0000000000
3.1428571429 0.0000000000
3.1469387755 0.0000000000
3.1510204082 0.0000000000
3.1551020408 0.0000000000
3.1591836735 0.0000000000
3.1632653061 0.0000000000
3.1673469388 0.0000000000
3.1714285714 0.0000000000
3.1755102041 0.0000000000
3.1795918367 0.0000000000
3.1836734694 0.0000000000
3.1877551020 0.0000000000
3.1918367347 0.0000000000
3.1959183673 0.0000000000
3.2000000000 0.0000000000
3.2040816327 2.8725564480
3.2081632653 4.2173118591
3.2122448980 2.2746324539
3.2163265306 11.0335502625
3.2204081633 19.1155586243
3.2244897959 16.3925361633
3.2285714286 26.5406532288
3.2326530612 37.0281944275
3.2367346939 38.4251480103
3.2408163265 44.5983848572
3.2448979592 50.3435516357
3.2489795918 54.9340248108
3.2530612245 52.0834617615
3.2571428571 41.9898033142
3.2612244898 37.1183013916
3.2653061224 31.0614242554
3.2693877551 24.4537734985
3.2734693878 17.2115707397
3.2775510204 9.5256862640
3.2816326531 3.8577914238
3.2857142857 0.0000000000
3.2897959184 0.0000000000
3.2938775510 0.0000000000
3.2979591837 0.0000000000
3.3020408163 0.0000000000
3.3061224490 0.0000000000
3.3102040816 0.0000000000
3.3142857143 0.0000000000
3.3183673469 0.0000000000
3.3224489796 0.0000000000
3.3265306122 0.1415014267
3.3306122449 0.0000000000
3.3346938776 2.1600723267
3.3387755102 4.7801733017
3.3428571429 5.0116777420
3.3469387755 6.3968300819
3.3510204082 0.0000000000
3.3551020408 0.0000000000
3.3591836735 5.8416128159
3.3632653061 0.0000000000
3.3673469388 0.0000000000
3.3714285714 0.0000000000
3.3755102041 0.0000000000
3.3795918367 0.0000000000
3.3836734694 0.0000000000
3.3877551020 0.0000000000
3.3918367347 0.0000000000
3.3959183673 0.0000000000
3.4000000000 0.0000000000
3.4040816327 0.0000000000
3.4081632653 0.0000000000
3.4122448980 0.0000000000
3.4163265306 0.0000000000
3.4204081633 0.0000000000
3.4244897959 0.0000000000
3.4285714286 0.0000000000
3.4326530612 0.0000000000
3.4367346939 0.0000000000
3.4408163265 0.0000000000
3.4448979592 0.0000000000
3.4489795918 0.0000000000
3.4530612245 0.0000000000
3.4571428571 0.0000000000
3.4612244898 0.0000000000
3.4653061224 0.0000000000
3.4693877551 5.6809186935
3.4734693878 11.6705303192
3.4775510204 20.6463775635
3.4816326531 27.6817588806
3.4857142857 33.0715179443
3.4897959184 32.3763198853
3.4938775510 35.8470687866
3.4979591837 39.6261520386
3.5020408163 33.5548553467
3.5061224490 33.0576896667
3.5102040816 34.8640060425
3.5142857143 63.6177062988
3.5183673469 71.1036300659
3.5224489796 70.6452102661
3.5265306122 70.1906127930
3.5306122449 60.3496437073
3.5346938776 54.4335250854
3.5387755102 42.8748130798
3.5428571429 31.8199996948
3.5469387755 30.6789283752
3.5510204082 21.9905376434
3.5551020408 16.8870086670
3.5591836735 19.7146263123
3.5632653061 26.5420455933
3.5673469388 31.3761825562
3.5714285714 29.1985950470
3.5755102041 35.9327774048
3.5795918367 31.1886062622
3.5836734694 22.4451122284
3.5877551020 13.8302783966
3.5918367347 4.1124820709
3.5959183673 0.0000000000
3.6000000000 0.0000000000
3.6040816327 0.0000000000
3.6081632653 0.0000000000
3.6122448980 0.0000000000
3.6163265306 9.6613769531
3.6204081633 30.5078163147
3.6244897959 48.9531898499
3.6285714286 51.1286849976
3.6326530612 46.0292129517
3.6367346939 54.6866798401
3.6408163265 53.3241195679
3.6448979592 50.0048561096
3.6489795918 44.1699028015
3.6530612245 47.0705032349
3.6571428571 45.1730651855
3.6612244898 49.6950149536
3.6653061224 57.9119606018
3.6693877551 56.2071800232
3.6734693878 56.1894912720
3.6775510204 57.2390136719
3.6816326531 55.1226119995
3.6857142857 48.3218421936
3.6897959184 41.8083648682
3.6938775510 28.8119316101
3.6979591837 15.2497291565
3.7020408163 2.5315284729
3.7061224490 0.0000000000
3.7102040816 0.0000000000
3.7142857143 0.0000000000
3.7183673469 0.0000000000
3.7224489796 0.0000000000
3.7265306122 0.0000000000
3.7306122449 0.0000000000
3.7346938776 0.0000000000
3.7387755102 2.4900436401
3.7428571429 1.2822151184
3.7469387755 0.0000000000
3.7510204082 0.0000000000
3.7551020408 0.0000000000
3.7591836735 0.0000000000
3.7632653061 0.0000000000
3.7673469388 0.0000000000
3.7714285714 0.0000000000
3.7755102041 0.0000000000
3.7795918367 0.0000000000
3.7836734694 0.0000000000
3.7877551020 0.0000000000
3.7918367347 0.0000000000
3.7959183673 0.0000000000
3.8000000000 0.0000000000
3.8040816327 0.0000000000
3.8081632653 0.0000000000
3.8122448980 0.0000000000
3.8163265306 0.0000000000
3.8204081633 6.9011449814
3.8244897959 6.8832931519
3.8285714286 6.4444394112
3.8326530612 3.4484267235
3.8367346939 0.9508132935
3.8408163265 0.0000000000
3.8448979592 0.0000000000
3.8489795918 0.0000000000
3.8530612245 0.0000000000
3.8571428571 0.0000000000
3.8612244898 0.0000000000
3.8653061224 0.0000000000
3.8693877551 0.0000000000
3.8734693878 0.0000000000
3.8775510204 0.0000000000
3.8816326531 0.0000000000
3.8857142857 0.0000000000
3.8897959184 0.0000000000
3.8938775510 0.0000000000
3.8979591837 0.0000000000
3.9020408163 0.0000000000
3.9061224490 0.0000000000
3.9102040816 0.0000000000
3.9142857143 0.0000000000
3.9183673469 0.0000000000
3.9224489796 0.0000000000
3.9265306122 0.0000000000
3.9306122449 0.0000000000
3.9346938776 0.0000000000
3.9387755102 0.0000000000
3.9428571429 0.0000000000
3.9469387755 3.3346414566
3.9510204082 6.3594579697
3.9551020408 0.0503063202
3.9591836735 1.4528036118
3.9632653061 13.3293876648
3.9673469388 33.9725646973
3.9714285714 38.3477821350
3.9755102041 37.9966354370
3.9795918367 30.2610855103
3.9836734694 27.8694610596
3.9877551020 21.6810855865
3.9918367347 25.2733459473
3.9959183673 22.4707145691
4.0000000000 15.7968397141
4.0040816327 8.7474584579
4.0081632653 1.6685128212
4.0122448980 0.0000000000
4.0163265306 0.0000000000
4.0204081633 0.0000000000
4.0244897959 0.0000000000
4.0285714286 0.0000000000
4.0326530612 0.0000000000
4.0367346939 0.0000000000
4.0408163265 0.0000000000
4.0448979592 0.0000000000
4.0489795918 0.0000000000
4.0530612245 0.0000000000
4.0571428571 0.0000000000
4.0612244898 0.0000000000
4.0653061224 0.0000000000
4.0693877551 12.4368076324
4.0734693878 19.3220977783
4.0775510204 15.4617424011
4.0816326531 19.3219642639
4.0857142857 34.5234870911
4.0897959184 27.8390579224
4.0938775510 24.2948837280
4.0979591837 19.9211692810
4.1020408163 19.0911293030
4.1061224490 8.8543891907
4.1102040816 2.0635724068
4.1142857143 8.9495182037
4.1183673469 0.4189014435
4.1224489796 0.0000000000
4.1265306122 0.0000000000
4.1306122449 0.0000000000
4.1346938776 0.0000000000
4.1387755102 0.0000000000
4.1428571429 0.0000000000
4.1469387755 0.0000000000
4.1510204082 0.0000000000
4.1551020408 0.0000000000
4.1591836735 0.0000000000
4.1632653061 0.0000000000
4.1673469388 0.0000000000
4.1714285714 0.0000000000
4.1755102041 0.0000000000
4.1795918367 0.0000000000
4.1836734694 0.0000000000
4.1877551020 0.0000000000
4.1918367347 0.0000000000
4.1959183673 0.0000000000
4.2000000000 0.0000000000
4.2040816327 0.0000000000
4.2081632653 0.0000000000
4.2122448980 0.0000000000
4.2163265306 0.0000000000
4.2204081633 0.0000000000
4.2244897959 0.0000000000
4.2285714286 0.0000000000
4.2326530612 0.0000000000
4.2367346939 0.0000000000
4.2408163265 0.0000000000
4.2448979592 0.0000000000
4.2489795918 0.0000000000
4.2530612245 0.0000000000
4.2571428571 0.0000000000
4.2612244898 0.0000000000
4.2653061224 0.0000000000
4.2693877551 0.0000000000
4.2734693878 0.0000000000
4.2775510204 0.0000000000
4.2816326531 0.0000000000
4.2857142857 0.0000000000
4.2897959184 5.6998133659
4.2938775510 36.5619049072
4.2979591837 45.9577140808
4.3020408163 39.9930191040
4.3061224490 33.7411155701
4.3102040816 36.9104003906
4.3142857143 58.6233444214
4.3183673469 68.7400054932
4.3224489796 82.0277938843
4.3265306122 97.8314208984
4.3306122449 100.2727508545
4.3346938776 101.8578414917
4.3387755102 100.4834136963
4.3428571429 100.4953384399
4.3469387755 97.7551956177
4.3510204082 94.8107299805
4.3551020408 95.9774322510
4.3591836735 91.3007202148
4.3632653061 78.1192169189
4.3673469388 68.1014099121
4.3714285714 56.2434196472
4.3755102041 42.8096046448
4.3795918367 27.7515335083
4.3836734694 16.8832550049
4.3877551020 5.3093433380
4.3918367347 0.0000000000
4.3959183673 0.0000000000
4.4000000000 0.0000000000
4.4040816327 0.0000000000
4.4081632653 0.0000000000
4.4122448980 0.0000000000
4.4163265306 0.0000000000
4.4204081633 0.0000000000
4.4244897959 0.0000000000
4.4285714286 0.0837445259
4.4326530612 0.0000000000
4.4367346939 0.0000000000
4.4408163265 0.0000000000
4.4448979592 0.0000000000
4.4489795918 0.0000000000
4.4530612245 0.0000000000
4.4571428571 0.0000000000
4.4612244898 0.0000000000
4.4653061224 0.0000000000
4.4693877551 0.0000000000
4.4734693878 0.0000000000
4.4775510204 0.0000000000
4.4816326531 0.0000000000
4.4857142857 0.0000000000
4.4897959184 0.0000000000
4.4938775510 0.0000000000
4.4979591837 0.0000000000
4.5020408163 0.0000000000
4.5061224490 0.0000000000
4.5102040816 0.0000000000
4.5142857143 0.0000000000
4.5183673469 0.0000000000
4.5224489796 0.0000000000
4.5265306122 0.0000000000
4.5306122449 0.0000000000
4.5346938776 0.0000000000
4.5387755102 0.0000000000
4.5428571429 0.0000000000
4.5469387755 0.0000000000
4.5510204082 0.0000000000
4.5551020408 0.0000000000
4.5591836735 0.0000000000
4.5632653061 0.0000000000
4.5673469388 0.0000000000
4.5714285714 0.0000000000
4.5755102041 0.0000000000
4.5795918367 0.0000000000
4.5836734694 0.0000000000
4.5877551020 0.0000000000
4.5918367347 0.0000000000
4.5959183673 0.0000000000
4.6000000000 0.0000000000
4.6040816327 0.0000000000
4.6081632653 0.0000000000
4.6122448980 0.0000000000
4.6163265306 0.0000000000
4.6204081633 0.0000000000
4.6244897959 0.0000000000
4.6285714286 0.0000000000
4.6326530612 0.0000000000
4.6367346939 0.0949203968
4.6408163265 6.3285231590
4.6448979592 9.0372257233
4.6489795918 7.2212514877
4.6530612245 5.3225755692
4.6571428571 0.6748437881
4.6612244898 0.0000000000
4.6653061224 0.0000000000
4.6693877551 0.0000000000
4.6734693878 0.0000000000
4.6775510204 0.0000000000
4.6816326531 0.0000000000
4.6857142857 0.0000000000
4.6897959184 0.0000000000
4.6938775510 0.0000000000
4.6979591837 0.0000000000
4.7020408163 0.0000000000
4.7061224490 0.0000000000
4.7102040816 0.0000000000
4.7142857143 0.0000000000
4.7183673469 0.0000000000
4.7224489796 0.0000000000
4.7265306122 0.0000000000
4.7306122449 0.0000000000
4.7346938776 0.0000000000
4.7387755102 0.0000000000
4.7428571429 0.0000000000
4.7469387755 0.0000000000
4.7510204082 0.0000000000
4.7551020408 0.9968578815
4.7591836735 4.9125514030
4.7632653061 9.0888996124
4.7673469388 21.6059989929
4.7714285714 17.9483451843
4.7755102041 26.1546974182
4.7795918367 29.0972595215
4.7836734694 22.1054553986
4.7877551020 14.7088861465
4.7918367347 5.3286700249
4.7959183673 1.4367103577
4.8000000000 0.0000000000
4.8040816327 0.0000000000
4.8081632653 0.0000000000
4.8122448980 0.0000000000
4.8163265306 0.0000000000
4.8204081633 0.0000000000
4.8244897959 0.0000000000
4.8285714286 0.0000000000
4.8326530612 0.0000000000
4.8367346939 0.0000000000
4.8408163265 0.0000000000
4.8448979592 0.0000000000
4.8489795918 0.0000000000
4.8530612245 0.0000000000
4.8571428571 0.0000000000
4.8612244898 0.0000000000
4.8653061224 0.0000000000
4.8693877551 0.0000000000
4.8734693878 0.0000000000
4.8775510204 0.0000000000
4.8816326531 0.0000000000
4.8857142857 0.0000000000
4.8897959184 0.7330775261
4.8938775510 1.9032806158
4.8979591837 0.0000000000
4.9020408163 0.0000000000
4.9061224490 0.0000000000
4.9102040816 0.0000000000
4.9142857143 1.0808706284
4.9183673469 5.0372629166
4.9224489796 19.0132102966
4.9265306122 33.0606842041
4.9306122449 67.8684997559
4.9346938776 101.6116333008
4.9387755102 109.8989868164
4.9428571429 104.1130371094
4.9469387755 90.8208465576
4.9510204082 86.0257110596
4.9551020408 73.7948760986
4.9591836735 57.2125930786
4.9632653061 43.2686233521
4.9673469388 31.4898643494
4.9714285714 24.1769409180
4.9755102041 18.2855567932
4.9795918367 16.5894927979
4.9836734694 29.6587200165
4.9877551020 16.8859806061
4.9918367347 3.0042529106
4.9959183673 5.7623982430
5.0000000000 0.0000000000
5.0040816327 0.0000000000
5.0081632653 0.0000000000
5.0122448980 0.0000000000
5.0163265306 0.0000000000
5.0204081633 0.0000000000
5.0244897959 0.0000000000
5.0285714286 0.0000000000
5.0326530612 0.0000000000
5.0367346939 0.0000000000
5.0408163265 0.0000000000
5.0448979592 0.0000000000
5.0489795918 0.0000000000
5.0530612245 0.0000000000
5.0571428571 0.0000000000
5.0612244898 0.0000000000
5.0653061224 0.0000000000
5.0693877551 0.0000000000
5.0734693878 0.0000000000
5.0775510204 0.0000000000
5.0816326531 0.0000000000
5.0857142857 0.0000000000
5.0897959184 0.0000000000
5.0938775510 0.0000000000
5.0979591837 0.0000000000
5.1020408163 0.0000000000
5.1061224490 0.0000000000
5.1102040816 0.0000000000
5.1142857143 0.0000000000
5.1183673469 0.0000000000
5.1224489796 0.0000000000
5.1265306122 0.0000000000
5.1306122449 0.0000000000
5.1346938776 0.0000000000
5.1387755102 0.0000000000
5.1428571429 0.0000000000
5.1469387755 0.3741681576
5.1510204082 4.2617321014
5.1551020408 5.0721316338
5.1591836735 8.1083326340
5.1632653061 11.8441133499
5.1673469388 17.7543468475
5.1714285714 16.3816814423
5.1755102041 15.8356428146
5.1795918367 16.2260837555
5.1836734694 13.2673683167
5.1877551020 3.4102797508
5.1918367347 4.7615170479
5.1959183673 8.7944269180
5.2000000000 10.5311870575
5.2040816327 9.7784843445
5.2081632653 26.6792469025
5.2122448980 37.1295204163
5.2163265306 44.5258903503
5.2204081633 49.9072341919
5.2244897959 46.3056564331
5.2285714286 48.8568992615
5.2326530612 33.0959548950
5.2367346939 12.8115415573
5.2408163265 1.2406706810
5.2448979592 0.0000000000
5.2489795918 0.0000000000
5.2530612245 0.0000000000
5.2571428571 0.2519786358
5.2612244898 0.0000000000
5.2653061224 1.5221238136
5.2693877551 1.5526785851
5.2734693878 0.6254874468
5.2775510204 0.1145601273
5.2816326531 0.0000000000
5.2857142857 0.0000000000
5.2897959184 0.0000000000
5.2938775510 0.0000000000
5.2979591837 0.0883340836
5.3020408163 5.3154525757
5.3061224490 15.0312957764
5.3102040816 27.1840209961
5.3142857143 37.5234603882
5.3183673469 38.7681121826
5.3224489796 33.8634872437
5.3265306122 29.7197990417
5.3306122449 33.0327758789
5.3346938776 28.7676753998
5.3387755102 23.9429168701
5.3428571429 31.8724365234
5.3469387755 34.5081825256
5.3510204082 39.7358245850
5.3551020408 40.8635139465
5.3591836735 45.4022598267
5.3632653061 41.5887222290
5.3673469388 38.7788467407
5.3714285714 42.3643913269
5.3755102041 42.4983100891
5.3795918367 37.0285186768
5.3836734694 36.4474639893
5.3877551020 35.0722084045
5.3918367347 44.2092132568
5.3959183673 42.7435646057
5.4000000000 51.2770423889
5.4040816327 48.0151252747
5.4081632653 41.1363906860
5.4122448980 29.8506927490
5.4163265306 22.7728118896
5.4204081633 10.7258033752
5.4244897959 0.0000000000
5.4285714286 0.0000000000
5.4326530612 0.0000000000
5.4367346939 0.0000000000
5.4408163265 0.0000000000
5.4448979592 0.0000000000
5.4489795918 0.0000000000
5.4530612245 0.4467368126
5.4571428571 0.0000000000
5.4612244898 0.0000000000
5.4653061224 0.0000000000
5.4693877551 0.0000000000
5.4734693878 0.0000000000
5.4775510204 0.0000000000
5.4816326531 0.0000000000
5.4857142857 0.0000000000
5.4897959184 0.0000000000
5.4938775510 0.0000000000
5.4979591837 0.0000000000
5.5020408163 0.0000000000
5.5061224490 0.0000000000
5.5102040816 0.0000000000
5.5142857143 0.0000000000
5.5183673469 0.0000000000
5.5224489796 0.0000000000
5.5265306122 0.0000000000
5.5306122449 0.0000000000
5.5346938776 0.0000000000
5.5387755102 0.0000000000
5.5428571429 0.0000000000
5.5469387755 0.0000000000
5.5510204082 0.0000000000
5.5551020408 0.0000000000
5.5591836735 0.0000000000
5.5632653061 0.0000000000
5.5673469388 0.0000000000
5.5714285714 0.0000000000
5.5755102041 0.0000000000
5.5795918367 0.0000000000
5.5836734694 0.0000000000
5.5877551020 0.0000000000
5.5918367347 0.0000000000
5.5959183673 0.0000000000
5.6000000000 0.0000000000
5.6040816327 0.0000000000
5.6081632653 1.4093816280
5.6122448980 7.6746044159
5.6163265306 10.3368167877
5.6204081633 8.2763137817
5.6244897959 12.4955177307
5.6285714286 10.4324226379
5.6326530612 13.2247209549
5.6367346939 14.1041202545
5.6408163265 13.3183078766
5.6448979592 17.3992443085
5.6489795918 29.5033416748
5.6530612245 29.8070011139
5.6571428571 25.3047046661
5.6612244898 16.5124835968
5.6653061224 7.4254870415
5.6693877551 7.4694452286
5.6734693878 5.8382749557
5.6775510204 2.4661607742
5.6816326531 0.0000000000
5.6857142857 0.5103349686
5.6897959184 0.0000000000
5.6938775510 0.0000000000
5.6979591837 0.0000000000
5.7020408163 0.0000000000
5.7061224490 0.0000000000
5.7102040816 0.0000000000
5.7142857143 0.0000000000
5.7183673469 0.0000000000
5.7224489796 0.0000000000
5.7265306122 0.0000000000
5.7306122449 0.0000000000
5.7346938776 0.5686283112
5.7387755102 0.0000000000
5.7428571429 0.0000000000
5.7469387755 15.1429061890
5.7510204082 17.1496696472
5.7551020408 17.4439506531
5.7591836735 19.4837455750
5.7632653061 19.8592109680
5.7673469388 21.7553825378
5.7714285714 26.1608352661
5.7755102041 22.5485858917
5.7795918367 37.7129249573
5.7836734694 47.5623474121
5.7877551020 37.6560096741
5.7918367347 34.3902702332
5.7959183673 28.2675323486
5.8000000000 18.6249008179
5.8040816327 5.6904554367
5.8081632653 0.0000000000
5.8122448980 0.0000000000
5.8163265306 0.0000000000
5.8204081633 0.0000000000
5.8244897959 0.0000000000
5.8285714286 0.0000000000
5.8326530612 0.0000000000
5.8367346939 4.6592950821
5.8408163265 10.5679035187
5.8448979592 18.5114593506
5.8489795918 35.5941505432
5.8530612245 33.3799285889
5.8571428571 28.9953956604
5.8612244898 28.2381763458
5.8653061224 27.9743080139
5.8693877551 24.1115684509
5.8734693878 26.1456966400
5.8775510204 37.7704200745
5.8816326531 31.4568881989
5.8857142857 21.4846134186
5.8897959184 11.9175319672
5.8938775510 2.5634765625
5.8979591837 0.0000000000
5.9020408163 0.0000000000
5.9061224490 0.0000000000
5.9102040816 0.0000000000
5.9142857143 0.0000000000
5.9183673469 0.0000000000
5.9224489796 0.0000000000
5.9265306122 0.0000000000
5.9306122449 0.0000000000
5.9346938776 0.0000000000
5.9387755102 0.0000000000
5.9428571429 0.0000000000
5.9469387755 0.0000000000
5.9510204082 0.0000000000
5.9551020408 0.0000000000
5.9591836735 0.0000000000
5.9632653061 0.0000000000
5.9673469388 0.0000000000
5.9714285714 0.0000000000
5.9755102041 2.0232796669
5.9795918367 1.5139579773
5.9836734694 0.0000000000
5.9877551020 0.0000000000
5.9918367347 0.0000000000
5.9959183673 0.0000000000
6.0000000000 0.0000000000
6.0040816327 0.0000000000
6.0081632653 0.0000000000
6.0122448980 0.0000000000
6.0163265306 0.0000000000
6.0204081633 16.6268043518
6.0244897959 35.5879364014
6.0285714286 47.9433593750
6.0326530612 59.2227935791
6.0367346939 57.0265274048
6.0408163265 63.4331779480
6.0448979592 55.8601913452
6.0489795918 47.7507820129
6.0530612245 40.1773376465
6.0571428571 39.6396522522
6.0612244898 54.7368545532
6.0653061224 50.8804321289
6.0693877551 47.5097274780
6.0734693878 55.3153762817
6.0775510204 58.9256286621
6.0816326531 58.0030059814
6.0857142857 50.0117225647
6.0897959184 42.5769691467
6.0938775510 47.0123901367
6.0979591837 37.1255874634
6.1020408163 25.9510269165
6.1061224490 20.3906288147
6.1102040816 21.6979980469
6.1142857143 14.0008926392
6.1183673469 6.3807368279
6.1224489796 8.5125494003
6.1265306122 8.0488624573
6.1306122449 7.7617168427
6.1346938776 2.1471977234
6.1387755102 0.0000000000
6.1428571429 0.0000000000
6.1469387755 0.0000000000
6.1510204082 3.4524276257
6.1551020408 2.3801326752
6.1591836735 0.0000000000
6.1632653061 7.2267351151
6.1673469388 3.2968819141
6.1714285714 0.2173185349
6.1755102041 0.0000000000
6.1795918367 0.0000000000
6.1836734694 0.0000000000
6.1877551020 0.0000000000
6.1918367347 0.0000000000
6.1959183673 0.0000000000
6.2000000000 0.0000000000
6.2040816327 0.0000000000
6.2081632653 0.0000000000
6.2122448980 0.0000000000
6.2163265306 0.0000000000
6.2204081633 0.0000000000
6.2244897959 0.0000000000
6.2285714286 0.0000000000
6.2326530612 0.0000000000
6.2367346939 0.0000000000
6.2408163265 0.0000000000
6.2448979592 0.0000000000
6.2489795918 0.0000000000
6.2530612245 0.0000000000
6.2571428571 0.0000000000
6.2612244898 2.9295458794
6.2653061224 0.0000000000
6.2693877551 1.4316663742
6.2734693878 0.0000000000
6.2775510204 0.0000000000
6.2816326531 2.2196769714
6.2857142857 2.4268627167
6.2897959184 0.0000000000
6.2938775510 0.0000000000
6.2979591837 0.0000000000
6.3020408163 0.0000000000
6.3061224490 0.0000000000
6.3102040816 0.0000000000
6.3142857143 0.0000000000
6.3183673469 0.0000000000
6.3224489796 0.0000000000
6.3265306122 0.0000000000
6.3306122449 0.0000000000
6.3346938776 0.0000000000
6.3387755102 0.0000000000
6.3428571429 0.0000000000
6.3469387755 0.0000000000
6.3510204082 0.0000000000
6.3551020408 0.0000000000
6.3591836735 0.0000000000
6.3632653061 0.0000000000
6.3673469388 0.0000000000
6.3714285714 0.0000000000
6.3755102041 0.0000000000
6.3795918367 0.0000000000
6.3836734694 0.0000000000
6.3877551020 0.0000000000
6.3918367347 0.0000000000
6.3959183673 0.0000000000
6.4000000000 0.0000000000
6.4040816327 0.0000000000
6.4081632653 0.0000000000
6.4122448980 0.0000000000
6.4163265306 0.0000000000
6.4204081633 0.0000000000
6.4244897959 0.0000000000
6.4285714286 0.0000000000
6.4326530612 0.0000000000
6.4367346939 0.0000000000
6.4408163265 0.0000000000
6.4448979592 0.0000000000
6.4489795918 0.0000000000
6.4530612245 0.0000000000
6.4571428571 0.0000000000
6.4612244898 0.0000000000
6.4653061224 6.9032907486
6.4693877551 4.4882297516
6.4734693878 1.5209317207
6.4775510204 1.2098550797
6.4816326531 2.2440552711
6.4857142857 5.6360659599
6.4897959184 11.2085638046
6.4938775510 6.6794157028
6.4979591837 9.7630920410
6.5020408163 3.9469003677
6.5061224490 0.7161498070
6.5102040816 0.0000000000
6.5142857143 0.0000000000
6.5183673469 0.0000000000
6.5224489796 0.0000000000
6.5265306122 0.0000000000
6.5306122449 0.0000000000
6.5346938776 0.0000000000
6.5387755102 0.0000000000
6.5428571429 0.0000000000
6.5469387755 0.0000000000
6.5510204082 0.0000000000
6.5551020408 0.0000000000
6.5591836735 0.0000000000
6.5632653061 0.0000000000
6.5673469388 0.0000000000
6.5714285714 0.0000000000
6.5755102041 0.0000000000
6.5795918367 0.0000000000
6.5836734694 6.2989292145
6.5877551020 1.9114017487
6.5918367347 0.0000000000
6.5959183673 0.0000000000
6.6000000000 9.4414873123
6.6040816327 21.4479141235
6.6081632653 28.6236743927
6.6122448980 35.8877639771
6.6163265306 54.9642753601
6.6204081633 50.9744567871
6.6244897959 51.2447433472
6.6285714286 65.4962081909
6.6326530612 83.5126037598
6.6367346939 68.8176116943
6.6408163265 61.3528480530
6.6448979592 56.4074096680
6.6489795918 54.0411033630
6.6530612245 49.5481224060
6.6571428571 46.2020111084
6.6612244898 44.4770965576
6.6653061224 37.0333175659
6.6693877551 21.4419364929
6.6734693878 15.0940418243
6.6775510204 15.1168699265
6.6816326531 9.6313953400
6.6857142857 0.0000000000
6.6897959184 0.0000000000
6.6938775510 0.0000000000
6.6979591837 0.0000000000
6.7020408163 0.0000000000
6.7061224490 0.0000000000
6.7102040816 0.0000000000
6.7142857143 0.0000000000
6.7183673469 0.0000000000
6.7224489796 0.0000000000
6.7265306122 0.0000000000
6.7306122449 0.0000000000
6.7346938776 0.0000000000
6.7387755102 0.0000000000
6.7428571429 0.0000000000
6.7469387755 0.0000000000
6.7510204082 0.0000000000
6.7551020408 0.0000000000
6.7591836735 0.0000000000
6.7632653061 0.0000000000
6.7673469388 0.0000000000
6.7714285714 0.0000000000
6.7755102041 0.0000000000
6.7795918367 0.0000000000
6.7836734694 0.0000000000
6.7877551020 0.0000000000
6.7918367347 0.0000000000
6.7959183673 0.0000000000
6.8000000000 0.0000000000
6.8040816327 0.0000000000
6.8081632653 0.0000000000
6.8122448980 0.0000000000
6.8163265306 0.0000000000
6.8204081633 0.0000000000
6.8244897959 0.0000000000
6.8285714286 0.0000000000
6.8326530612 0.0000000000
6.8367346939 0.0000000000
6.8408163265 0.0000000000
6.8448979592 0.0000000000
6.8489795918 0.0000000000
6.8530612245 0.0000000000
6.8571428571 0.0000000000
6.8612244898 0.0000000000
6.8653061224 1.8350780010
6.8693877551 16.0881290436
6.8734693878 18.9078598022
6.8775510204 21.6014976501
6.8816326531 24.1971321106
6.8857142857 26.1259078979
6.8897959184 27.4032058716
6.8938775510 30.4128818512
6.8979591837 27.3678894043
6.9020408163 13.2672786713
6.9061224490 2.2680759430
6.9102040816 5.3917765617
6.9142857143 0.0000000000
6.9183673469 0.0000000000
6.9224489796 0.0000000000
6.9265306122 0.0000000000
6.9306122449 0.0000000000
6.9346938776 0.0000000000
6.9387755102 0.0000000000
6.9428571429 0.0000000000
6.9469387755 0.0000000000
6.9510204082 0.0000000000
6.9551020408 0.0000000000
6.9591836735 0.0000000000
6.9632653061 0.0000000000
6.9673469388 0.0000000000
6.9714285714 0.0000000000
6.9755102041 0.0000000000
6.9795918367 0.0000000000
6.9836734694 0.0000000000
6.9877551020 0.0000000000
6.9918367347 5.1836967468
6.9959183673 6.6203474998
7.0000000000 14.1499042511
7.0040816327 27.6542892456
7.0081632653 59.4907989502
7.0122448980 108.3290710449
7.0163265306 139.8144378662
7.0204081633 146.4231262207
7.0244897959 130.1399536133
7.0285714286 124.0698699951
7.0326530612 119.7711334229
7.0367346939 103.7584991455
7.0408163265 99.7679824829
7.0448979592 87.6067123413
7.0489795918 76.4741592407
7.0530612245 75.2679443359
7.0571428571 64.8231506348
7.0612244898 58.3024330139
7.0653061224 58.8123779297
7.0693877551 56.8446502686
7.0734693878 46.6117858887
7.0775510204 36.0616455078
7.0816326531 30.3146533966
7.0857142857 27.9772281647
7.0897959184 9.5609426498
7.0938775510 2.4874210358
7.0979591837 2.4424791336
7.1020408163 0.0000000000
7.1061224490 0.5205869675
7.1102040816 0.0000000000
7.1142857143 0.0000000000
7.1183673469 0.0000000000
7.1224489796 0.0000000000
7.1265306122 0.0000000000
7.1306122449 0.0000000000
7.1346938776 0.0000000000
7.1387755102 0.0000000000
7.1428571429 0.0000000000
7.1469387755 0.0000000000
7.1510204082 0.0000000000
7.1551020408 0.0000000000
7.1591836735 0.0000000000
7.1632653061 0.0000000000
7.1673469388 0.0000000000
7.1714285714 0.0000000000
7.1755102041 0.0000000000
7.1795918367 0.0000000000
7.1836734694 0.0000000000
7.1877551020 0.0000000000
7.1918367347 0.0000000000
7.1959183673 0.0000000000
7.2000000000 0.0000000000
7.2040816327 0.0000000000
7.2081632653 0.0000000000
7.2122448980 0.0000000000
7.2163265306 0.0000000000
7.2204081633 0.0000000000
7.2244897959 0.8475184441
7.2285714286 0.0000000000
7.2326530612 0.0000000000
7.2367346939 0.0000000000
7.2408163265 0.0000000000
7.2448979592 0.0000000000
7.2489795918 0.0000000000
7.2530612245 0.0000000000
7.2571428571 0.0000000000
7.2612244898 0.0000000000
7.2653061224 0.0000000000
7.2693877551 0.0000000000
7.2734693878 0.0000000000
7.2775510204 0.0000000000
7.2816326531 0.0000000000
7.2857142857 0.0000000000
7.2897959184 0.0000000000
7.2938775510 0.0000000000
7.2979591837 0.0000000000
7.3020408163 0.0000000000
7.3061224490 0.0000000000
7.3102040816 0.9821653366
7.3142857143 0.0000000000
7.3183673469 0.0000000000
7.3224489796 0.0000000000
7.3265306122 0.8138418198
7.3306122449 3.2138676643
7.3346938776 5.7606697083
7.3387755102 4.6039223671
7.3428571429 10.3095769882
7.3469387755 35.2724761963
7.3510204082 46.8948707581
7.3551020408 43.0282363892
7.3591836735 35.0783462524
7.3632653061 27.2176856995
7.3673469388 13.7653350830
7.3714285714 0.7269382477
7.3755102041 0.0000000000
7.3795918367 0.0000000000
7.3836734694 0.0000000000
7.3877551020 0.0000000000
7.3918367347 0.0000000000
7.3959183673 0.0000000000
7.4000000000 0.0000000000
7.4040816327 0.0000000000
7.4081632653 0.0000000000
7.4122448980 0.0000000000
7.4163265306 0.0000000000
7.4204081633 0.0000000000
7.4244897959 0.0000000000
7.4285714286 0.0000000000
7.4326530612 0.0000000000
7.4367346939 0.0000000000
7.4408163265 0.0000000000
7.4448979592 0.0000000000
7.4489795918 0.0000000000
7.4530612245 2.9506981373
7.4571428571 4.8919019699
7.4612244898 6.9149732590
7.4653061224 6.2122344971
7.4693877551 1.1498034000
7.4734693878 15.5730094910
7.4775510204 38.2592391968
7.4816326531 46.5222434998
7.4857142857 45.3101997375
7.4897959184 57.3099975586
7.4938775510 55.4785156250
7.4979591837 49.1850051880
7.5020408163 58.5826644897
7.5061224490 44.5308380127
7.5102040816 41.6445732117
7.5142857143 29.7776470184
7.5183673469 18.7244415283
7.5224489796 9.1652870178
7.5265306122 0.1286268234
7.5306122449 0.0000000000
7.5346938776 0.0000000000
7.5387755102 0.0000000000
7.5428571429 0.0000000000
7.5469387755 0.0000000000
7.5510204082 0.0000000000
7.5551020408 0.0000000000
7.5591836735 0.0000000000
7.5632653061 0.0000000000
7.5673469388 0.0000000000
7.5714285714 0.0000000000
7.5755102041 0.0000000000
7.5795918367 0.0000000000
7.5836734694 0.0000000000
7.5877551020 0.0000000000
7.5918367347 0.0000000000
7.5959183673 0.0000000000
7.6000000000 0.0000000000
7.6040816327 0.0000000000
7.6081632653 0.0000000000
7.6122448980 0.0000000000
7.6163265306 0.0000000000
7.6204081633 0.0000000000
7.6244897959 0.0000000000
7.6285714286 0.0000000000
7.6326530612 0.0000000000
7.6367346939 0.0000000000
7.6408163265 0.0000000000
7.6448979592 0.0000000000
7.6489795918 0.0000000000
7.6530612245 0.0000000000
7.6571428571 0.0000000000
7.6612244898 0.0000000000
7.6653061224 0.0000000000
7.6693877551 0.0000000000
7.6734693878 0.0000000000
7.6775510204 0.0000000000
7.6816326531 0.0000000000
7.6857142857 0.0000000000
7.6897959184 0.0000000000
7.6938775510 0.0000000000
7.6979591837 2.0356030464
7.7020408163 0.0000000000
7.7061224490 0.0000000000
7.7102040816 0.0000000000
7.7142857143 4.5171380043
7.7183673469 11.5082569122
7.7224489796 21.3183307648
7.7265306122 42.3035202026
7.7306122449 64.4429168701
7.7346938776 60.4738807678
7.7387755102 63.7447891235
7.7428571429 85.3925323486
7.7469387755 94.8880310059
7.7510204082 100.0120620728
7.7551020408 81.5657348633
7.7591836735 65.3059234619
7.7632653061 50.4590263367
7.7673469388 41.6780090332
7.7714285714 31.3096046448
7.7755102041 18.4622707367
7.7795918367 8.2642440796
7.7836734694 3.6571025848
7.7877551020 3.2937526703
7.7918367347 1.0095834732
7.7959183673 0.0000000000
7.8000000000 0.0000000000
7.8040816327 0.0000000000
7.8081632653 0.0000000000
7.8122448980 0.0000000000
7.8163265306 0.0000000000
7.8204081633 0.0000000000
7.8244897959 0.0000000000
7.8285714286 0.4709362984
7.8326530612 0.0000000000
7.8367346939 0.0000000000
7.8408163265 0.0000000000
7.8448979592 0.0000000000
7.8489795918 0.0000000000
7.8530612245 0.0000000000
7.8571428571 0.0000000000
7.8612244898 0.0000000000
7.8653061224 0.0000000000
7.8693877551 0.0000000000
7.8734693878 0.0000000000
7.8775510204 0.0000000000
7.8816326531 0.0000000000
7.8857142857 12.9361152649
7.8897959184 23.1529464722
7.8938775510 22.3982334137
7.8979591837 19.0906066895
7.9020408163 14.4701604843
7.9061224490 5.4013133049
7.9102040816 1.3382434845
7.9142857143 0.0000000000
7.9183673469 0.0000000000
7.9224489796 0.0000000000
7.9265306122 0.0000000000
7.9306122449 0.0000000000
7.9346938776 5.1566958427
7.9387755102 1.8636584282
7.9428571429 0.0000000000
7.9469387755 0.0000000000
7.9510204082 0.0000000000
7.9551020408 0.0000000000
7.9591836735 0.1009702682
7.9632653061 0.0000000000
7.9673469388 0.0000000000
7.9714285714 0.0000000000
7.9755102041 0.0000000000
7.9795918367 0.0000000000
7.9836734694 0.0000000000
7.9877551020 0.0000000000
7.9918367347 0.0000000000
7.9959183673 0.0000000000
8.0000000000 0.0000000000
8.0040816327 0.0000000000
8.0081632653 0.0000000000
8.0122448980 0.0000000000
8.0163265306 0.0000000000
8.0204081633 0.0000000000
8.0244897959 0.0000000000
8.0285714286 0.0000000000
8.0326530612 0.0000000000
8.0367346939 0.0000000000
8.0408163265 0.0000000000
8.0448979592 0.0000000000
8.0489795918 2.6769638062
8.0530612245 0.0000000000
8.0571428571 0.0000000000
8.0612244898 0.0000000000
8.0653061224 0.0000000000
8.0693877551 0.0000000000
8.0734693878 0.0000000000
8.0775510204 0.0000000000
8.0816326531 0.0000000000
8.0857142857 0.0000000000
8.0897959184 0.0000000000
8.0938775510 0.0000000000
8.0979591837 0.0000000000
8.1020408163 0.0000000000
8.1061224490 0.0000000000
8.1102040816 0.0000000000
8.1142857143 0.0000000000
8.1183673469 0.0000000000
8.1224489796 0.0000000000
8.1265306122 0.0000000000
8.1306122449 0.0000000000
8.1346938776 0.0000000000
8.1387755102 1.7926692963
8.1428571429 27.7638339996
8.1469387755 39.8183174133
8.1510204082 47.1827545166
8.1551020408 52.8334083557
8.1591836735 66.6029663086
8.1632653061 66.9979400635
8.1673469388 60.9282989502
8.1714285714 48.7003021240
8.1755102041 39.4273376465
8.1795918367 30.5146865845
8.1836734694 28.1389656067
8.1877551020 20.3149909973
8.1918367347 16.1155757904
8.1959183673 16.4350280762
8.2000000000 17.0197486877
8.2040816327 16.2782077789
8.2081632653 16.3444576263
8.2122448980 14.3923759460
8.2163265306 11.8985176086
8.2204081633 7.1232614517
8.2244897959 1.2138485909
8.2285714286 0.0000000000
8.2326530612 0.0000000000
8.2367346939 2.0809173584
8.2408163265 2.6438236237
8.2448979592 0.0000000000
8.2489795918 0.0000000000
8.2530612245 0.0000000000
8.2571428571 0.0000000000
8.2612244898 0.0000000000
8.2653061224 0.0000000000
8.2693877551 0.0000000000
8.2734693878 0.0000000000
8.2775510204 0.0000000000
8.2816326531 0.0000000000
8.2857142857 0.0000000000
8.2897959184 0.0000000000
8.2938775510 0.0000000000
8.2979591837 0.0000000000
8.3020408163 7.7839679718
8.3061224490 13.4769229889
8.3102040816 17.0514869690
8.3142857143 18.3779563904
8.3183673469 19.3288135529
8.3224489796 27.4148216248
8.3265306122 27.0387077332
8.3306122449 48.0911369324
8.3346938776 45.5373229980
8.3387755102 51.3735122681
8.3428571429 48.6719741821
8.3469387755 44.0157775879
8.3510204082 42.9867630005
8.3551020408 36.8416328430
8.3591836735 26.4310836792
8.3632653061 15.9806013107
8.3673469388 5.2003860474
8.3714285714 0.0000000000
8.3755102041 0.0000000000
8.3795918367 0.0000000000
8.3836734694 0.0000000000
8.3877551020 0.0000000000
8.3918367347 0.0000000000
8.3959183673 0.0000000000
8.4000000000 0.0000000000
8.4040816327 0.0000000000
8.4081632653 0.0000000000
8.4122448980 0.0000000000
8.4163265306 0.0000000000
8.4204081633 0.0000000000
8.4244897959 0.0000000000
8.4285714286 0.0000000000
8.4326530612 0.0000000000
8.4367346939 0.0000000000
8.4408163265 0.0000000000
8.4448979592 0.0000000000
8.4489795918 0.0000000000
8.4530612245 0.0000000000
8.4571428571 0.0000000000
8.4612244898 0.0000000000
8.4653061224 0.0000000000
8.4693877551 0.0000000000
8.4734693878 0.0000000000
8.4775510204 0.0000000000
8.4816326531 0.0000000000
8.4857142857 0.0000000000
8.4897959184 0.0000000000
8.4938775510 0.0000000000
8.4979591837 0.0000000000
8.5020408163 0.0000000000
8.5061224490 0.0000000000
8.5102040816 0.0000000000
8.5142857143 0.0000000000
8.5183673469 0.0000000000
8.5224489796 0.0000000000
8.5265306122 0.0000000000
8.5306122449 0.0000000000
8.5346938776 0.0000000000
8.5387755102 0.0000000000
8.5428571429 0.0000000000
8.5469387755 0.0000000000
8.5510204082 0.0000000000
8.5551020408 0.0000000000
8.5591836735 0.0000000000
8.5632653061 0.0000000000
8.5673469388 0.0000000000
8.5714285714 0.0000000000
8.5755102041 0.0000000000
8.5795918367 0.0000000000
8.5836734694 0.0000000000
8.5877551020 0.0000000000
8.5918367347 2.7129948139
8.5959183673 2.4133324623
8.6000000000 0.0000000000
8.6040816327 0.0310242176
8.6081632653 0.0000000000
8.6122448980 0.0000000000
8.6163265306 0.0000000000
8.6204081633 0.0000000000
8.6244897959 0.0000000000
8.6285714286 0.0000000000
8.6326530612 0.0000000000
8.6367346939 0.0000000000
8.6408163265 0.0000000000
8.6448979592 0.0000000000
8.6489795918 0.0000000000
8.6530612245 0.0000000000
8.6571428571 0.0000000000
8.6612244898 0.0000000000
8.6653061224 0.6229132414
8.6693877551 0.0000000000
8.6734693878 0.0000000000
8.6775510204 0.0000000000
8.6816326531 0.0000000000
8.6857142857 0.0000000000
8.6897959184 0.0000000000
8.6938775510 0.0000000000
8.6979591837 0.0000000000
8.7020408163 0.0000000000
8.7061224490 0.0000000000
8.7102040816 0.0000000000
8.7142857143 1.5717744827
8.7183673469 5.3774714470
8.7224489796 19.9986400604
8.7265306122 37.3771781921
8.7306122449 51.7926826477
8.7346938776 64.9861145020
8.7387755102 71.2209014893
8.7428571429 73.8709564209
8.7469387755 78.6983795166
8.7510204082 76.3557891846
8.7551020408 59.5566024780
8.7591836735 64.4155731201
8.7632653061 64.7692718506
8.7673469388 62.3925933838
8.7714285714 53.2768936157
8.7755102041 48.2442359924
8.7795918367 45.1624374390
8.7836734694 43.9209938049
8.7877551020 44.7546234131
8.7918367347 43.7861709595
8.7959183673 40.2104873657
8.8000000000 28.8034381866
8.8040816327 33.8679580688
8.8081632653 24.8756408691
8.8122448980 14.2873525620
8.8163265306 7.4576139450
8.8204081633 0.0553131104
8.8244897959 19.4640388489
8.8285714286 31.6964378357
8.8326530612 30.6931724548
8.8367346939 31.4485721588
8.8408163265 45.9119796753
8.8448979592 46.1686401367
8.8489795918 39.6424255371
8.8530612245 30.1362724304
8.8571428571 24.0516662598
8.8612244898 20.4201927185
8.8653061224 16.3924694061
8.8693877551 8.6877346039
8.8734693878 3.2755136490
8.8775510204 3.4083127975
8.8816326531 3.2684504986
8.8857142857 2.0153522491
8.8897959184 0.0000000000
8.8938775510 0.0000000000
8.8979591837 1.2066513300
8.9020408163 0.0000000000
8.9061224490 0.0000000000
8.9102040816 0.0000000000
8.9142857143 0.0000000000
8.9183673469 0.0000000000
8.9224489796 0.0000000000
8.9265306122 0.0000000000
8.9306122449 0.0000000000
8.9346938776 0.0000000000
8.9387755102 1.1031627655
8.9428571429 0.0000000000
8.9469387755 0.0000000000
8.9510204082 0.0000000000
8.9551020408 2.9871463776
8.9591836735 0.0000000000
8.9632653061 0.0000000000
8.9673469388 0.0000000000
8.9714285714 0.0000000000
8.9755102041 0.0000000000
8.9795918367 0.0000000000
8.9836734694 0.0000000000
8.9877551020 0.0000000000
8.9918367347 0.0000000000
8.9959183673 5.8361291885
9.0000000000 4.3971538544
9.0040816327 10.1384525299
9.0081632653 0.4615783691
9.0122448980 0.0000000000
9.0163265306 0.0000000000
9.0204081633 0.0000000000
9.0244897959 0.0000000000
9.0285714286 0.0000000000
9.0326530612 0.0000000000
9.0367346939 0.0000000000
9.0408163265 0.0000000000
9.0448979592 0.0000000000
9.0489795918 0.0000000000
9.0530612245 0.0000000000
9.0571428571 0.0000000000
9.0612244898 0.0000000000
9.0653061224 0.0000000000
9.0693877551 0.0000000000
9.0734693878 0.0000000000
9.0775510204 0.0000000000
9.0816326531 0.0000000000
9.0857142857 0.0000000000
9.0897959184 0.0000000000
9.0938775510 0.0000000000
9.0979591837 0.7462501526
9.1020408163 0.0000000000
9.1061224490 0.0000000000
9.1102040816 0.0000000000
9.1142857143 0.0000000000
9.1183673469 0.0000000000
9.1224489796 0.0000000000
9.1265306122 0.0000000000
9.1306122449 0.0000000000
9.1346938776 0.0000000000
9.1387755102 0.0000000000
9.1428571429 0.0000000000
9.1469387755 0.0000000000
9.1510204082 0.0000000000
9.1551020408 0.0000000000
9.1591836735 0.0000000000
9.1632653061 0.0354051590
9.1673469388 3.1732320786
9.1714285714 3.6158561707
9.1755102041 2.3590326309
9.1795918367 5.7459173203
9.1836734694 13.1375789642
9.1877551020 27.7972373962
9.1918367347 37.4301681519
9.1959183673 49.9329872131
9.2000000000 51.4907836914
9.2040816327 45.8291778564
9.2081632653 48.1014862061
9.2122448980 42.4729156494
9.2163265306 36.0325126648
9.2204081633 28.0291900635
9.2244897959 18.0411033630
9.2285714286 7.7672004700
9.2326530612 0.0000000000
9.2367346939 0.0000000000
9.2408163265 0.0000000000
9.2448979592 0.0000000000
9.2489795918 0.0000000000
9.2530612245 0.0000000000
9.2571428571 0.0000000000
9.2612244898 0.0000000000
9.2653061224 0.0000000000
9.2693877551 0.0000000000
9.2734693878 0.0000000000
9.2775510204 0.0000000000
9.2816326531 0.0000000000
9.2857142857 0.0000000000
9.2897959184 0.0000000000
9.2938775510 0.0000000000
9.2979591837 0.0000000000
9.3020408163 0.0000000000
9.3061224490 0.0000000000
9.3102040816 0.0000000000
9.3142857143 0.0000000000
9.3183673469 0.0000000000
9.3224489796 0.0000000000
9.3265306122 0.0000000000
9.3306122449 0.0000000000
9.3346938776 0.0000000000
9.3387755102 0.0000000000
9.3428571429 0.0000000000
9.3469387755 0.0000000000
9.3510204082 0.0000000000
9.3551020408 0.0000000000
9.3591836735 0.0000000000
9.3632653061 0.0000000000
9.3673469388 0.0000000000
9.3714285714 0.0000000000
9.3755102041 0.0000000000
9.3795918367 0.0000000000
9.3836734694 0.1903772354
9.3877551020 0.5660057068
9.3918367347 0.0000000000
9.3959183673 0.0000000000
9.4000000000 0.0000000000
9.4040816327 0.0000000000
9.4081632653 0.0000000000
9.4122448980 0.0000000000
9.4163265306 0.0000000000
9.4204081633 0.0000000000
9.4244897959 0.0000000000
9.4285714286 0.0000000000
9.4326530612 5.4707527161
9.4367346939 25.0586280823
9.4408163265 29.7880783081
9.4448979592 37.9173774719
9.4489795918 42.7491683960
9.4530612245 43.0887069702
9.4571428571 47.6118316650
9.4612244898 53.7917022705
9.4653061224 56.3435554504
9.4693877551 43.1126937866
9.4734693878 28.7011871338
9.4775510204 22.4411487579
9.4816326531 18.2618503571
9.4857142857 6.3251852989
9.4897959184 1.1450052261
9.4938775510 0.0000000000
9.4979591837 0.0000000000
9.5020408163 0.0000000000
9.5061224490 0.0000000000
9.5102040816 0.0000000000
9.5142857143 0.7693767548
9.5183673469 1.7715692520
9.5224489796 4.9760637283
9.5265306122 1.2955665588
9.5306122449 0.0000000000
9.5346938776 0.0000000000
9.5387755102 0.0000000000
9.5428571429 0.0000000000
9.5469387755 0.0000000000
9.5510204082 0.0000000000
9.5551020408 0.0000000000
9.5591836735 0.0000000000
9.5632653061 0.0000000000
9.5673469388 0.0000000000
9.5714285714 0.0000000000
9.5755102041 0.0000000000
9.5795918367 0.0000000000
9.5836734694 0.0000000000
9.5877551020 0.0000000000
9.5918367347 0.0000000000
9.5959183673 0.0000000000
9.6000000000 2.6469230652
9.6040816327 25.4868488312
9.6081632653 35.0111503601
9.6122448980 41.2772903442
9.6163265306 33.9034957886
9.6204081633 38.4820098877
9.6244897959 42.5201644897
9.6285714286 38.2834587097
9.6326530612 42.7315139771
9.6367346939 38.7470474243
9.6408163265 33.0940322876
9.6448979592 21.0268287659
9.6489795918 9.9811706543
9.6530612245 11.5663709641
9.6571428571 6.8097410202
9.6612244898 4.1626987457
9.6653061224 2.4164915085
9.6693877551 0.0000000000
9.6734693878 0.0000000000
9.6775510204 5.2350759506
9.6816326531 0.0000000000
9.6857142857 0.9739398956
9.6897959184 6.3555836678
9.6938775510 7.5945258141
9.6979591837 12.1358633041
9.7020408163 15.5091876984
9.7061224490 13.2299957275
9.7102040816 10.0589694977
9.7142857143 6.7424478531
9.7183673469 0.0000000000
9.7224489796 0.0000000000
9.7265306122 0.0000000000
9.7306122449 0.0000000000
9.7346938776 0.0000000000
9.7387755102 0.0000000000
9.7428571429 0.0000000000
9.7469387755 0.0000000000
9.7510204082 0.0000000000
9.7551020408 0.0000000000
9.7591836735 0.0000000000
9.7632653061 0.0000000000
9.7673469388 0.0000000000
9.7714285714 0.0000000000
9.7755102041 0.0000000000
9.7795918367 0.0000000000
9.7836734694 0.0000000000
9.7877551020 0.0000000000
9.7918367347 0.0000000000
9.7959183673 0.0000000000
9.8000000000 0.0000000000
9.8040816327 3.3181607723
9.8081632653 0.0000000000
9.8122448980 0.0000000000
9.8163265306 0.0000000000
9.8204081633 0.0000000000
9.8244897959 0.0000000000
9.8285714286 0.0000000000
9.8326530612 0.0000000000
9.8367346939 0.0000000000
9.8408163265 0.0000000000
9.8448979592 0.0000000000
9.8489795918 0.0000000000
9.8530612245 0.0000000000
9.8571428571 0.0000000000
9.8612244898 0.0000000000
9.8653061224 0.0000000000
9.8693877551 6.3673706055
9.8734693878 17.6595745087
9.8775510204 27.3794231415
9.8816326531 30.9899826050
9.8857142857 34.2552795410
9.8897959184 26.2660980225
9.8938775510 13.5770740509
9.8979591837 1.9596219063
9.9020408163 0.0000000000
9.9061224490 0.0000000000
9.9102040816 0.0000000000
9.9142857143 0.0000000000
9.9183673469 0.0000000000
9.9224489796 0.0000000000
9.9265306122 0.0000000000
9.9306122449 0.0000000000
9.9346938776 0.0000000000
9.9387755102 0.0000000000
9.9428571429 0.0000000000
9.9469387755 0.0000000000
9.9510204082 0.0000000000
9.9551020408 0.0000000000
9.9591836735 0.0000000000
9.9632653061 0.0000000000
9.9673469388 0.0000000000
9.9714285714 0.0000000000
9.9755102041 0.0000000000
9.9795918367 0.0000000000
9.9836734694 0.0000000000
9.9877551020 0.0000000000
9.9918367347 0.0000000000
9.9959183673 0.0000000000
10.0000000000 15.2288675308
10.0040816327 25.3620738983
10.0081632653 50.5316276550
10.0122448980 79.8890533447
10.0163265306 115.4246902466
10.0204081633 116.0095367432
10.0244897959 102.9735260010
10.0285714286 84.5370941162
10.0326530612 68.2122116089
10.0367346939 52.7807464600
10.0408163265 43.4107780457
10.0448979592 36.1203346252
10.0489795918 32.2998809814
10.0530612245 33.3542098999
10.0571428571 25.6797370911
10.0612244898 15.8011093140
10.0653061224 6.4531564713
10.0693877551 0.1884698868
10.0734693878 0.0000000000
10.0775510204 0.0000000000
10.0816326531 0.0000000000
10.0857142857 0.0000000000
10.0897959184 0.0000000000
10.0938775510 0.0000000000
10.0979591837 0.0000000000
10.1020408163 0.0000000000
10.1061224490 0.0000000000
10.1102040816 0.0000000000
10.1142857143 0.0000000000
10.1183673469 0.0000000000
10.1224489796 0.0000000000
10.1265306122 0.0000000000
10.1306122449 0.0000000000
10.1346938776 0.0000000000
10.1387755102 0.0000000000
10.1428571429 0.0000000000
10.1469387755 0.0000000000
10.1510204082 0.0000000000
10.1551020408 0.0000000000
10.1591836735 0.0000000000
10.1632653061 0.0000000000
10.1673469388 0.0000000000
10.1714285714 0.0000000000
10.1755102041 0.0000000000
10.1795918367 0.0000000000
10.1836734694 0.0000000000
10.1877551020 0.0000000000
10.1918367347 0.0000000000
10.1959183673 0.0000000000
10.2000000000 0.0000000000
10.2040816327 0.0000000000
10.2081632653 0.0000000000
10.2122448980 0.0000000000
10.2163265306 0.0000000000
10.2204081633 0.0000000000
10.2244897959 0.0000000000
10.2285714286 0.0000000000
10.2326530612 0.0000000000
10.2367346939 0.0000000000
10.2408163265 0.0000000000
10.2448979592 0.0000000000
10.2489795918 0.0000000000
10.2530612245 0.0000000000
10.2571428571 0.0000000000
10.2612244898 0.2980828285
10.2653061224 8.6677074432
10.2693877551 14.5878791809
10.2734693878 12.7561683655
10.2775510204 6.8056879044
10.2816326531 0.6613731384
10.2857142857 0.0000000000
10.2897959184 0.5990266800
10.2938775510 0.0000000000
10.2979591837 0.0000000000
10.3020408163 1.2657642365
10.3061224490 0.0000000000
10.3102040816 0.0000000000
10.3142857143 0.0000000000
10.3183673469 0.0000000000
10.3224489796 5.6439933777
10.3265306122 8.2094669342
10.3306122449 0.8638277650
10.3346938776 13.5715007782
10.3387755102 18.2548179626
10.3428571429 11.8960742950
10.3469387755 13.6761665344
10.3510204082 6.6058039665
10.3551020408 2.5962591171
10.3591836735 0.5867481232
10.3632653061 0.0000000000
10.3673469388 0.8961558342
10.3714285714 4.6056509018
10.3755102041 4.9409532547
10.3795918367 10.3964252472
10.3836734694 8.9375820160
10.3877551020 16.9786148071
10.3918367347 16.5693168640
10.3959183673 7.5034275055
10.4000000000 14.7922334671
10.4040816327 9.7801980972
10.4081632653 10.0647363663
10.4122448980 9.5643997192
10.4163265306 7.6243281364
10.4204081633 13.5156517029
10.4244897959 7.2604417801
10.4285714286 0.0000000000
10.4326530612 0.0000000000
10.4367346939 0.0000000000
10.4408163265 1.3132393360
10.4448979592 36.5245361328
10.4489795918 66.1657180786
10.4530612245 67.5820236206
10.4571428571 84.1132354736
10.4612244898 81.9006805420
10.4653061224 74.4649810791
10.4693877551 75.4810867310
10.4734693878 72.4589538574
10.4775510204 61.7458419800
10.4816326531 57.1711044312
10.4857142857 45.8481292725
10.4897959184 34.7834854126
10.4938775510 26.1592864990
10.4979591837 19.8247432709
10.5020408163 19.6554088593
10.5061224490 21.4783859253
10.5102040816 17.9590911865
10.5142857143 17.9285411835
10.5183673469 11.9393653870
10.5224489796 16.1686668396
10.5265306122 17.6072597504
10.5306122449 15.2519006729
10.5346938776 10.5714797974
10.5387755102 10.3373527527
10.5428571429 5.1903429031
10.5469387755 2.9577016830
10.5510204082 0.0404119492
10.5551020408 0.0000000000
10.5591836735 0.0000000000
10.5632653061 0.6616115570
10.5673469388 0.7208585739
10.5714285714 1.5063285828
10.5755102041 0.1411437988
10.5795918367 0.0000000000
10.5836734694 0.0000000000
10.5877551020 0.0000000000
10.5918367347 0.1612901688
10.5959183673 2.2563934326
10.6000000000 4.1711330414
10.6040816327 0.5469322205
10.6081632653 0.0000000000
10.6122448980 0.2928972244
10.6163265306 0.0000000000
10.6204081633 0.0000000000
10.6244897959 0.0000000000
10.6285714286 0.0000000000
10.6326530612 0.0000000000
10.6367346939 0.0000000000
10.6408163265 0.0000000000
10.6448979592 0.0000000000
10.6489795918 0.0000000000
10.6530612245 0.0000000000
10.6571428571 0.0000000000
10.6612244898 0.0000000000
10.6653061224 0.0000000000
10.6693877551 0.0000000000
10.6734693878 0.0000000000
10.6775510204 0.0000000000
10.6816326531 0.0000000000
10.6857142857 0.0000000000
10.6897959184 0.0000000000
10.6938775510 0.0000000000
10.6979591837 0.0000000000
10.7020408163 0.0000000000
10.7061224490 0.0000000000
10.7102040816 0.0000000000
10.7142857143 0.0000000000
10.7183673469 0.0000000000
10.7224489796 0.0000000000
10.7265306122 0.0000000000
10.7306122449 0.0000000000
10.7346938776 0.0000000000
10.7387755102 0.0000000000
10.7428571429 0.0000000000
10.7469387755 0.0000000000
10.7510204082 0.0000000000
10.7551020408 0.0000000000
10.7591836735 0.0000000000
10.7632653061 0.0000000000
10.7673469388 0.0000000000
10.7714285714 1.0017156601
10.7755102041 0.0000000000
10.7795918367 0.0000000000
10.7836734694 0.0000000000
10.7877551020 1.1643320322
10.7918367347 0.0000000000
10.7959183673 0.0000000000
10.8000000000 0.0000000000
10.8040816327 0.0000000000
10.8081632653 0.0000000000
10.8122448980 0.0000000000
10.8163265306 0.0000000000
10.8204081633 0.0000000000
10.8244897959 0.0000000000
10.8285714286 0.0000000000
10.8326530612 0.0000000000
10.8367346939 0.0000000000
10.8408163265 0.0000000000
10.8448979592 0.0000000000
10.8489795918 0.0000000000
10.8530612245 0.0000000000
10.8571428571 0.0000000000
10.8612244898 0.0000000000
10.8653061224 0.0000000000
10.8693877551 0.0000000000
10.8734693878 0.0000000000
10.8775510204 0.0000000000
10.8816326531 0.0000000000
10.8857142857 0.8819699287
10.8897959184 26.3472785950
10.8938775510 38.4885978699
10.8979591837 49.0528945923
10.9020408163 66.6152191162
10.9061224490 78.7602539062
10.9102040816 72.5423736572
10.9142857143 62.7840156555
10.9183673469 65.1479644775
10.9224489796 76.1621017456
10.9265306122 76.3781051636
10.9306122449 65.5864486694
10.9346938776 48.3303070068
10.9387755102 33.9407653809
10.9428571429 23.5814743042
10.9469387755 14.1787528992
10.9510204082 13.3331718445
10.9551020408 10.6053352356
10.9591836735 7.2052478790
10.9632653061 0.2304315567
10.9673469388 0.7977187634
10.9714285714 0.0000000000
10.9755102041 7.0558786392
10.9795918367 0.3601312637
10.9836734694 0.0000000000
10.9877551020 0.0000000000
10.9918367347 0.0000000000
10.9959183673 0.0000000000
11.0000000000 1.8672943115
11.0040816327 0.0000000000
11.0081632653 0.0000000000
11.0122448980 0.0000000000
11.0163265306 0.0000000000
11.0204081633 0.0000000000
11.0244897959 0.0000000000
11.0285714286 0.0000000000
11.0326530612 0.0000000000
11.0367346939 0.0000000000
11.0408163265 0.0000000000
11.0448979592 0.0000000000
11.0489795918 0.0000000000
11.0530612245 0.0000000000
11.0571428571 0.0000000000
11.0612244898 0.0000000000
11.0653061224 0.0000000000
11.0693877551 0.0000000000
11.0734693878 0.0000000000
11.0775510204 0.0000000000
11.0816326531 0.0000000000
11.0857142857 0.0000000000
11.0897959184 0.0000000000
11.0938775510 0.0000000000
11.0979591837 0.0000000000
11.1020408163 0.0000000000
11.1061224490 0.0000000000
11.1102040816 0.0000000000
11.1142857143 0.0000000000
11.1183673469 0.0000000000
11.1224489796 0.0000000000
11.1265306122 0.0000000000
11.1306122449 0.0000000000
11.1346938776 0.0000000000
11.1387755102 0.0000000000
11.1428571429 0.0000000000
11.1469387755 0.0000000000
11.1510204082 0.0000000000
11.1551020408 8.8003931046
11.1591836735 25.8221454620
11.1632653061 28.8845252991
11.1673469388 29.8815994263
11.1714285714 61.7743568420
11.1755102041 87.8642196655
11.1795918367 120.3916625977
11.1836734694 128.7066955566
11.1877551020 116.8763656616
11.1918367347 94.2461547852
11.1959183673 84.7419509888
11.2000000000 66.7090454102
11.2040816327 49.0632057190
11.2081632653 37.2787704468
11.2122448980 29.3715000153
11.2163265306 25.3513908386
11.2204081633 25.2263107300
11.2244897959 23.3709068298
11.2285714286 19.9138221741
11.2326530612 10.9469890594
11.2367346939 3.4091024399
11.2408163265 4.8040337563
11.2448979592 16.0922889709
11.2489795918 9.6945171356
11.2530612245 0.6917715073
11.2571428571 5.3306818008
11.2612244898 2.9064416885
11.2653061224 6.0758590698
11.2693877551 13.8591232300
11.2734693878 17.1099891663
11.2775510204 8.1985893250
11.2816326531 0.5816221237
11.2857142857 0.0000000000
11.2897959184 0.0000000000
11.2938775510 0.0000000000
11.2979591837 0.0000000000
11.3020408163 0.0000000000
11.3061224490 0.0000000000
11.3102040816 0.0000000000
11.3142857143 0.0000000000
11.3183673469 0.0000000000
11.3224489796 0.0000000000
11.3265306122 0.0000000000
11.3306122449 0.0000000000
11.3346938776 0.0000000000
11.3387755102 0.0000000000
11.3428571429 0.0000000000
11.3469387755 0.0000000000
11.3510204082 0.0000000000
11.3551020408 0.0000000000
11.3591836735 0.0000000000
11.3632653061 0.0000000000
11.3673469388 0.0000000000
11.3714285714 0.0000000000
11.3755102041 0.0000000000
11.3795918367 0.0000000000
11.3836734694 0.0000000000
11.3877551020 0.0000000000
11.3918367347 0.0000000000
11.3959183673 0.0000000000
11.4000000000 0.0000000000
11.4040816327 0.0000000000
11.4081632653 0.0000000000
11.4122448980 0.0000000000
11.4163265306 0.0000000000
11.4204081633 0.0000000000
11.4244897959 0.0000000000
11.4285714286 0.0000000000
11.4326530612 0.0000000000
11.4367346939 0.0000000000
11.4408163265 0.0000000000
11.4448979592 0.0000000000
11.4489795918 0.0000000000
11.4530612245 0.0000000000
11.4571428571 0.0000000000
11.4612244898 0.0000000000
11.4653061224 0.0000000000
11.4693877551 0.0000000000
11.4734693878 0.0000000000
11.4775510204 0.0000000000
11.4816326531 0.0000000000
11.4857142857 0.0000000000
11.4897959184 0.0000000000
11.4938775510 0.0000000000
11.4979591837 0.0000000000
11.5020408163 0.0000000000
11.5061224490 0.0000000000
11.5102040816 0.0000000000
11.5142857143 0.0000000000
11.5183673469 0.0000000000
11.5224489796 0.0000000000
11.5265306122 0.0000000000
11.5306122449 0.0000000000
11.5346938776 0.0000000000
11.5387755102 0.0000000000
11.5428571429 0.0000000000
11.5469387755 0.0000000000
11.5510204082 0.0000000000
11.5551020408 0.0000000000
11.5591836735 0.0000000000
11.5632653061 0.0000000000
11.5673469388 0.0000000000
11.5714285714 0.0000000000
11.5755102041 0.0000000000
11.5795918367 0.8465051651
11.5836734694 1.7975568771
11.5877551020 0.6168484688
11.5918367347 1.8165707588
11.5959183673 19.9358406067
11.6000000000 20.6421318054
11.6040816327 26.3733253479
11.6081632653 29.7660217285
11.6122448980 26.5992889404
11.6163265306 27.1039009094
11.6204081633 25.6854286194
11.6244897959 23.8811225891
11.6285714286 12.6699810028
11.6326530612 2.1800174713
11.6367346939 0.4462823272
11.6408163265 0.3508329391
11.6448979592 0.0000000000
11.6489795918 0.0000000000
11.6530612245 0.0000000000
11.6571428571 0.0000000000
11.6612244898 0.0000000000
11.6653061224 0.0000000000
11.6693877551 0.0000000000
11.6734693878 0.0000000000
11.6775510204 0.0000000000
11.6816326531 0.0000000000
11.6857142857 0.0000000000
11.6897959184 0.0000000000
11.6938775510 0.0000000000
11.6979591837 0.0000000000
11.7020408163 0.0000000000
11.7061224490 0.0000000000
11.7102040816 0.0000000000
11.7142857143 0.0000000000
11.7183673469 1.3410001993
11.7224489796 2.9603838921
11.7265306122 2.8958320618
11.7306122449 4.1464118958
11.7346938776 9.9874134064
11.7387755102 24.1872978210
11.7428571429 27.2039165497
11.7469387755 31.5360870361
11.7510204082 37.0132980347
11.7551020408 39.8773422241
11.7591836735 34.7884140015
11.7632653061 26.2236862183
11.7673469388 15.7856283188
11.7714285714 9.8735847473
11.7755102041 6.2923302650
11.7795918367 0.0000000000
11.7836734694 0.0000000000
11.7877551020 0.0000000000
11.7918367347 0.0000000000
11.7959183673 0.0000000000
11.8000000000 0.0000000000
11.8040816327 0.0000000000
11.8081632653 0.0000000000
11.8122448980 0.0000000000
11.8163265306 0.0000000000
11.8204081633 0.0000000000
11.8244897959 0.0000000000
11.8285714286 0.0000000000
11.8326530612 0.0000000000
11.8367346939 0.0000000000
11.8408163265 0.0000000000
11.8448979592 0.0000000000
11.8489795918 0.0000000000
11.8530612245 0.0000000000
11.8571428571 0.0000000000
11.8612244898 0.0000000000
11.8653061224 8.8074798584
11.8693877551 14.4680728912
11.8734693878 12.3272533417
11.8775510204 12.4326496124
11.8816326531 6.8660821915
11.8857142857 3.3873617649
11.8897959184 2.7215182781
11.8938775510 0.9818673134
11.8979591837 0.0000000000
11.9020408163 0.0000000000
11.9061224490 0.0000000000
11.9102040816 0.0000000000
11.9142857143 0.0000000000
11.9183673469 0.0000000000
11.9224489796 0.5865097046
11.9265306122 0.0000000000
11.9306122449 0.0000000000
11.9346938776 1.5893578529
11.9387755102 0.0074505806
11.9428571429 0.0000000000
11.9469387755 0.0000000000
11.9510204082 0.0000000000
11.9551020408 0.3608465195
11.9591836735 0.0000000000
11.9632653061 0.0000000000
11.9673469388 0.0000000000
11.9714285714 0.0000000000
11.9755102041 0.0000000000
11.9795918367 2.5151371956
11.9836734694 9.2744979858
11.9877551020 6.6960453987
11.9918367347 10.3044509888
11.9959183673 11.8902921677
12.0000000000 18.9909629822
12.0040816327 19.1084442139
12.0081632653 18.4751167297
12.0122448980 20.4353942871
12.0163265306 24.0028190613
12.0204081633 31.6071796417
12.0244897959 25.7093315125
12.0285714286 13.2068996429
12.0326530612 10.9236984253
12.0367346939 20.2046318054
12.0408163265 27.7593135834
12.0448979592 33.3765449524
12.0489795918 26.7682380676
12.0530612245 31.4932632446
12.0571428571 29.7347297668
12.0612244898 26.5048446655
12.0653061224 13.0882415771
12.0693877551 7.8248829842
12.0734693878 2.7824342251
12.0775510204 1.3751238585
12.0816326531 0.8062422276
12.0857142857 0.0000000000
12.0897959184 0.0000000000
12.0938775510 0.0000000000
12.0979591837 0.0000000000
12.1020408163 0.0000000000
12.1061224490 0.0000000000
12.1102040816 0.0000000000
12.1142857143 0.0000000000
12.1183673469 0.0000000000
12.1224489796 0.0000000000
12.1265306122 0.0000000000
12.1306122449 0.0000000000
12.1346938776 3.4577846527
12.1387755102 10.7047557831
12.1428571429 55.8843002319
12.1469387755 94.0229034424
12.1510204082 124.1840896606
12.1551020408 125.9143371582
12.1591836735 105.8944091797
12.1632653061 101.0475616455
12.1673469388 99.6023406982
12.1714285714 87.2875442505
12.1755102041 75.9544372559
12.1795918367 69.8974151611
12.1836734694 60.6741828918
12.1877551020 47.7948684692
12.1918367347 41.7033309937
12.1959183673 36.6171531677
12.2000000000 31.2081127167
12.2040816327 20.8081169128
12.2081632653 11.3752031326
12.2122448980 3.6176741123
12.2163265306 0.0000000000
12.2204081633 0.0000000000
12.2244897959 1.5614628792
12.2285714286 2.3986399174
12.2326530612 4.3704805374
12.2367346939 2.3102760315
12.2408163265 0.4438459873
12.2448979592 0.0000000000
12.2489795918 0.0000000000
12.2530612245 0.0000000000
12.2571428571 0.0000000000
12.2612244898 0.0000000000
12.2653061224 0.0000000000
12.2693877551 0.0000000000
12.2734693878 0.0000000000
12.2775510204 0.0000000000
12.2816326531 0.0000000000
12.2857142857 0.0000000000
12.2897959184 0.0000000000
12.2938775510 0.0000000000
12.2979591837 0.0000000000
12.3020408163 0.0000000000
12.3061224490 0.0000000000
12.3102040816 0.0000000000
12.3142857143 0.0000000000
12.3183673469 0.0000000000
12.3224489796 0.0000000000
12.3265306122 0.0000000000
12.3306122449 0.0000000000
12.3346938776 0.0000000000
12.3387755102 0.0000000000
12.3428571429 0.0000000000
12.3469387755 0.0000000000
12.3510204082 0.0000000000
12.3551020408 0.0000000000
12.3591836735 0.0000000000
12.3632653061 0.0000000000
12.3673469388 0.0000000000
12.3714285714 0.0000000000
12.3755102041 0.0000000000
12.3795918367 0.0000000000
12.3836734694 0.0000000000
12.3877551020 0.0000000000
12.3918367347 0.0000000000
12.3959183673 0.0000000000
12.4000000000 0.0000000000
12.4040816327 0.0000000000
12.4081632653 0.7779747248
12.4122448980 2.7576982975
12.4163265306 4.4420804977
12.4204081633 7.6051950455
12.4244897959 4.5894680023
12.4285714286 2.7418136597
12.4326530612 0.0000000000
12.4367346939 0.0000000000
12.4408163265 0.0000000000
12.4448979592 0.9815692902
12.4489795918 3.4204721451
12.4530612245 1.4475584030
12.4571428571 0.0000000000
12.4612244898 0.0000000000
12.4653061224 0.0000000000
12.4693877551 0.0000000000
12.4734693878 0.0000000000
12.4775510204 0.0000000000
12.4816326531 0.0000000000
12.4857142857 0.0000000000
12.4897959184 0.0000000000
12.4938775510 0.0000000000
12.4979591837 0.0000000000
12.5020408163 0.0000000000
12.5061224490 0.0000000000
12.5102040816 0.0000000000
12.5142857143 0.0000000000
12.5183673469 0.0000000000
12.5224489796 0.0000000000
12.5265306122 0.0000000000
12.5306122449 0.0000000000
12.5346938776 0.0000000000
12.5387755102 1.5107393265
12.5428571429 0.0000000000
12.5469387755 0.0000000000
12.5510204082 0.0000000000
12.5551020408 3.9532780647
12.5591836735 16.2349929810
12.5632653061 34.8521499634
12.5673469388 29.9723148346
12.5714285714 26.7264251709
12.5755102041 25.2599716187
12.5795918367 41.2946777344
12.5836734694 54.4195175171
12.5877551020 64.6586151123
12.5918367347 66.1352691650
12.5959183673 60.5260467529
12.6000000000 54.1712341309
12.6040816327 60.6277961731
12.6081632653 68.4843597412
12.6122448980 62.7507095337
12.6163265306 54.2233123779
12.6204081633 44.8386688232
12.6244897959 39.2199745178
12.6285714286 34.1615142822
12.6326530612 29.5110969543
12.6367346939 16.7720718384
12.6408163265 10.1041202545
12.6448979592 0.0000000000
12.6489795918 0.0000000000
12.6530612245 0.0000000000
12.6571428571 0.0000000000
12.6612244898 0.0000000000
12.6653061224 0.0000000000
12.6693877551 0.0000000000
12.6734693878 0.0000000000
12.6775510204 0.0000000000
12.6816326531 0.0000000000
12.6857142857 0.0000000000
12.6897959184 0.0000000000
12.6938775510 0.0000000000
12.6979591837 0.0000000000
12.7020408163 0.0000000000
12.7061224490 0.0000000000
12.7102040816 0.0000000000
12.7142857143 0.0000000000
12.7183673469 0.0000000000
12.7224489796 0.0000000000
12.7265306122 0.0000000000
12.7306122449 0.0000000000
12.7346938776 0.0000000000
12.7387755102 0.0000000000
12.7428571429 0.0000000000
12.7469387755 0.0000000000
12.7510204082 0.0000000000
12.7551020408 0.0000000000
12.7591836735 0.0000000000
12.7632653061 0.0000000000
12.7673469388 0.0000000000
12.7714285714 0.0000000000
12.7755102041 0.0000000000
12.7795918367 0.0000000000
12.7836734694 0.0000000000
12.7877551020 0.0000000000
12.7918367347 18.5312538147
12.7959183673 23.3468132019
12.8000000000 17.6473560333
12.8040816327 10.8107337952
12.8081632653 15.4063405991
12.8122448980 24.6376323700
12.8163265306 28.7201099396
12.8204081633 22.5065040588
12.8244897959 17.0188541412
12.8285714286 9.6879749298
12.8326530612 25.1314926147
12.8367346939 36.0957756042
12.8408163265 52.2467346191
12.8448979592 58.1641540527
12.8489795918 79.0376052856
12.8530612245 96.7430114746
12.8571428571 108.1812057495
12.8612244898 115.2814331055
12.8653061224 116.6032867432
12.8693877551 117.7290649414
12.8734693878 111.9709625244
12.8775510204 105.2781982422
12.8816326531 98.1359481812
12.8857142857 83.6266937256
12.8897959184 70.6231307983
12.8938775510 61.6440200806
12.8979591837 46.8488922119
12.9020408163 31.3103199005
12.9061224490 17.2693729401
12.9102040816 7.0749521255
12.9142857143 4.5943260193
12.9183673469 7.7342987061
12.9224489796 4.1739940643
12.9265306122 0.0000000000
12.9306122449 0.0000000000
12.9346938776 0.0000000000
12.9387755102 0.0000000000
12.9428571429 0.0000000000
12.9469387755 1.7835497856
12.9510204082 0.0000000000
12.9551020408 0.2139806747
12.9591836735 0.0000000000
12.9632653061 0.0000000000
12.9673469388 0.0000000000
12.9714285714 0.0000000000
12.9755102041 0.0000000000
12.9795918367 0.0000000000
12.9836734694 0.0000000000
12.9877551020 0.0000000000
12.9918367347 0.0000000000
12.9959183673 0.0000000000
13.0000000000 0.0000000000
13.0040816327 0.0000000000
13.0081632653 0.0000000000
13.0122448980 0.0000000000
13.0163265306 0.0000000000
13.0204081633 0.0000000000
13.0244897959 0.0000000000
13.0285714286 0.0000000000
13.0326530612 0.0000000000
13.0367346939 0.0000000000
13.0408163265 0.0000000000
13.0448979592 0.0000000000
13.0489795918 0.0000000000
13.0530612245 0.0000000000
13.0571428571 0.0000000000
13.0612244898 0.0000000000
13.0653061224 0.0000000000
13.0693877551 0.0000000000
13.0734693878 0.0000000000
13.0775510204 2.0394921303
13.0816326531 2.9985308647
13.0857142857 1.0635852814
13.0897959184 0.0000000000
13.0938775510 0.0000000000
13.0979591837 0.0000000000
13.1020408163 0.0000000000
13.1061224490 0.0000000000
13.1102040816 0.0000000000
13.1142857143 0.0000000000
13.1183673469 0.0000000000
13.1224489796 0.0000000000
13.1265306122 0.0000000000
13.1306122449 0.0000000000
13.1346938776 0.0000000000
13.1387755102 0.0000000000
13.1428571429 0.0000000000
13.1469387755 0.0000000000
13.1510204082 0.0000000000
13.1551020408 0.0000000000
13.1591836735 0.0000000000
13.1632653061 0.0000000000
13.1673469388 0.4443898797
13.1714285714 3.9588809013
13.1755102041 1.5565901995
13.1795918367 0.0000000000
13.1836734694 0.0000000000
13.1877551020 0.0000000000
13.1918367347 0.0000000000
13.1959183673 0.0000000000
13.2000000000 0.0000000000
13.2040816327 0.0000000000
13.2081632653 0.0000000000
13.2122448980 0.0000000000
13.2163265306 4.6473445892
13.2204081633 1.9013881683
13.2244897959 0.0000000000
13.2285714286 0.0000000000
13.2326530612 0.0000000000
13.2367346939 0.0000000000
13.2408163265 0.0000000000
13.2448979592 0.0000000000
13.2489795918 0.0000000000
13.2530612245 0.0000000000
13.2571428571 2.6543288231
13.2612244898 8.0188922882
13.2653061224 25.9921398163
13.2693877551 34.5864868164
13.2734693878 42.8168945312
13.2775510204 51.5847778320
13.2816326531 67.7992553711
13.2857142857 72.5420150757
13.2897959184 79.8861236572
13.2938775510 67.9986114502
13.2979591837 61.8137855530
13.3020408163 58.2116851807
13.3061224490 38.7949371338
13.3102040816 40.0174865723
13.3142857143 30.8012962341
13.3183673469 24.2036571503
13.3224489796 20.1019058228
13.3265306122 12.3814344406
13.3306122449 5.3372383118
13.3346938776 6.6203474998
13.3387755102 8.0268383026
13.3428571429 3.6053657532
13.3469387755 0.0000000000
13.3510204082 0.0000000000
13.3551020408 0.0000000000
13.3591836735 0.0000000000
13.3632653061 0.0000000000
13.3673469388 0.0000000000
13.3714285714 0.0000000000
13.3755102041 0.0000000000
13.3795918367 0.0000000000
13.3836734694 0.0000000000
13.3877551020 0.0000000000
13.3918367347 0.0000000000
13.3959183673 0.0000000000
13.4000000000 0.0000000000
13.4040816327 0.0000000000
13.4081632653 0.0000000000
13.4122448980 0.0000000000
13.4163265306 1.4815330505
13.4204081633 14.1908817291
13.4244897959 28.6181278229
13.4285714286 18.6850128174
13.4326530612 25.2928733826
13.4367346939 29.6330966949
13.4408163265 30.4663257599
13.4448979592 25.8202514648
13.4489795918 19.6790237427
13.4530612245 24.5961990356
13.4571428571 22.8151092529
13.4612244898 13.5143995285
13.4653061224 12.2049446106
13.4693877551 6.2562227249
13.4734693878 2.4356842041
13.4775510204 0.0000000000
13.4816326531 0.0000000000
13.4857142857 0.0000000000
13.4897959184 0.0000000000
13.4938775510 0.0000000000
13.4979591837 0.0000000000
13.5020408163 0.0000000000
13.5061224490 0.0000000000
13.5102040816 0.0000000000
13.5142857143 0.0000000000
13.5183673469 0.0000000000
13.5224489796 0.0000000000
13.5265306122 0.0000000000
13.5306122449 0.0000000000
13.5346938776 0.0000000000
13.5387755102 0.0000000000
13.5428571429 0.0000000000
13.5469387755 0.0000000000
13.5510204082 0.0000000000
13.5551020408 0.0000000000
13.5591836735 0.0000000000
13.5632653061 0.0000000000
13.5673469388 0.0000000000
13.5714285714 0.0000000000
13.5755102041 0.0000000000
13.5795918367 0.0000000000
13.5836734694 0.0000000000
13.5877551020 0.0000000000
13.5918367347 0.0000000000
13.5959183673 0.0000000000
13.6000000000 0.0000000000
13.6040816327 0.0000000000
13.6081632653 0.0000000000
13.6122448980 0.0000000000
13.6163265306 0.0000000000
13.6204081633 0.0000000000
13.6244897959 0.0000000000
13.6285714286 0.0000000000
13.6326530612 0.0000000000
13.6367346939 0.0000000000
13.6408163265 0.0000000000
13.6448979592 0.0000000000
13.6489795918 0.0000000000
13.6530612245 0.0000000000
13.6571428571 0.3942996264
13.6612244898 0.0000000000
13.6653061224 0.0000000000
13.6693877551 0.0000000000
13.6734693878 0.0000000000
13.6775510204 0.8403658867
13.6816326531 9.6949338913
13.6857142857 14.9338102341
13.6897959184 25.2071609497
13.6938775510 31.4704189301
13.6979591837 30.6741294861
13.7020408163 41.1871070862
13.7061224490 41.3129348755
13.7102040816 40.7274360657
13.7142857143 43.9767684937
13.7183673469 51.8134536743
13.7224489796 57.9648017883
13.7265306122 49.3132858276
13.7306122449 34.6820373535
13.7346938776 23.7726860046
13.7387755102 17.4588031769
13.7428571429 14.0341520309
13.7469387755 7.9141707420
13.7510204082 2.4308190346
13.7551020408 0.0000000000
13.7591836735 0.0000000000
13.7632653061 0.0000000000
13.7673469388 0.0000000000
13.7714285714 0.0000000000
13.7755102041 0.0000000000
13.7795918367 0.0000000000
13.7836734694 0.0000000000
13.7877551020 0.0000000000
13.7918367347 0.0000000000
13.7959183673 0.0000000000
13.8000000000 0.2380609512
13.8040816327 0.7044076920
13.8081632653 0.2761781216
13.8122448980 13.1844463348
13.8163265306 14.5156087875
13.8204081633 16.5420169830
13.8244897959 34.3088531494
13.8285714286 60.2612380981
13.8326530612 96.5497512817
13.8367346939 120.7117004395
13.8408163265 159.6328735352
13.8448979592 169.6031188965
13.8489795918 150.7634582520
13.8530612245 133.7086181641
13.8571428571 107.5510406494
13.8612244898 84.5928802490
13.8653061224 71.0690002441
13.8693877551 58.1758003235
13.8734693878 37.4261131287
13.8775510204 29.3880691528
13.8816326531 26.5527954102
13.8857142857 27.9150753021
13.8897959184 27.8483200073
13.8938775510 30.7482948303
13.8979591837 27.4492645264
13.9020408163 23.9266891479
13.9061224490 18.0718898773
13.9102040816 16.1523208618
13.9142857143 17.9128494263
13.9183673469 15.6392154694
13.9224489796 13.5357971191
13.9265306122 6.4924955368
13.9306122449 0.2908110619
13.9346938776 0.0000000000
13.9387755102 0.0000000000
13.9428571429 0.0000000000
13.9469387755 0.0000000000
13.9510204082 0.0000000000
13.9551020408 0.0000000000
13.9591836735 0.0000000000
13.9632653061 0.0000000000
13.9673469388 0.0000000000
13.9714285714 0.0000000000
13.9755102041 0.0000000000
13.9795918367 0.0000000000
13.9836734694 0.0000000000
13.9877551020 0.0000000000
13.9918367347 0.0000000000
13.9959183673 0.0000000000
14.0000000000 0.0000000000
14.0040816327 0.0000000000
14.0081632653 0.0000000000
14.0122448980 0.0000000000
14.0163265306 0.0000000000
14.0204081633 0.0000000000
14.0244897959 0.0000000000
14.0285714286 0.0000000000
14.0326530612 0.0000000000
14.0367346939 0.0000000000
14.0408163265 0.0000000000
14.0448979592 0.0000000000
14.0489795918 0.0000000000
14.0530612245 0.0000000000
14.0571428571 0.0000000000
14.0612244898 0.0000000000
14.0653061224 0.0000000000
14.0693877551 0.0000000000
14.0734693878 0.0000000000
14.0775510204 0.0000000000
14.0816326531 0.0000000000
14.0857142857 0.0000000000
14.0897959184 0.0000000000
14.0938775510 0.0000000000
14.0979591837 0.0000000000
14.1020408163 3.6687254906
14.1061224490 9.9353790283
14.1102040816 16.0919132233
14.1142857143 15.5142841339
14.1183673469 15.4049692154
14.1224489796 20.6792068481
14.1265306122 23.5019340515
14.1306122449 21.6086807251
14.1346938776 21.4427108765
14.1387755102 18.9611320496
14.1428571429 18.7364807129
14.1469387755 23.4315376282
14.1510204082 24.6459236145
14.1551020408 23.2259025574
14.1591836735 12.4898548126
14.1632653061 5.1792860031
14.1673469388 0.0000000000
14.1714285714 0.0000000000
14.1755102041 0.0000000000
14.1795918367 0.0000000000
14.1836734694 0.0000000000
14.1877551020 0.0000000000
14.1918367347 0.0000000000
14.1959183673 0.0000000000
14.2000000000 0.0000000000
14.2040816327 0.0000000000
14.2081632653 0.0000000000
14.2122448980 0.0000000000
14.2163265306 0.0000000000
14.2204081633 0.0000000000
14.2244897959 0.0000000000
14.2285714286 0.0000000000
14.2326530612 0.0000000000
14.2367346939 0.0000000000
14.2408163265 0.0000000000
14.2448979592 10.7468957901
14.2489795918 24.7439441681
14.2530612245 35.4850311279
14.2571428571 40.3701667786
14.2612244898 56.1519165039
14.2653061224 75.6587066650
14.2693877551 78.1750640869
14.2734693878 77.0686340332
14.2775510204 63.8165168762
14.2816326531 52.2599525452
14.2857142857 48.5616455078
14.2897959184 41.6456146240
14.2938775510 34.5084075928
14.2979591837 19.7250843048
14.3020408163 7.6286196709
14.3061224490 2.5588274002
14.3102040816 3.6146044731
14.3142857143 14.6907567978
14.3183673469 25.6012973785
14.3224489796 33.9695816040
14.3265306122 32.6164665222
14.3306122449 27.3562088013
14.3346938776 20.6770305634
14.3387755102 13.4738683701
14.3428571429 5.1965713501
14.3469387755 7.8051686287
14.3510204082 1.4432072639
14.3551020408 0.0000000000
14.3591836735 0.0000000000
14.3632653061 0.0000000000
14.3673469388 0.0000000000
14.3714285714 0.0000000000
14.3755102041 0.0000000000
14.3795918367 0.0000000000
14.3836734694 0.0000000000
14.3877551020 0.0000000000
14.3918367347 0.0000000000
14.3959183673 0.0000000000
14.4000000000 0.0000000000
14.4040816327 0.0000000000
14.4081632653 0.0000000000
14.4122448980 0.0000000000
14.4163265306 0.0000000000
14.4204081633 0.0000000000
14.4244897959 0.0000000000
14.4285714286 0.0000000000
14.4326530612 0.0000000000
14.4367346939 0.0000000000
14.4408163265 0.0000000000
14.4448979592 0.0000000000
14.4489795918 0.0000000000
14.4530612245 0.0000000000
14.4571428571 0.0000000000
14.4612244898 0.0000000000
14.4653061224 0.0000000000
14.4693877551 0.0000000000
14.4734693878 0.0000000000
14.4775510204 0.0000000000
14.4816326531 3.4894049168
14.4857142857 14.3197917938
14.4897959184 23.2198829651
14.4938775510 34.7776641846
14.4979591837 43.5971069336
14.5020408163 48.6853103638
14.5061224490 59.8120079041
14.5102040816 61.7457656860
14.5142857143 67.6713562012
14.5183673469 85.1561431885
14.5224489796 98.8334960938
14.5265306122 124.9678726196
14.5306122449 139.3690643311
14.5346938776 143.5965576172
14.5387755102 135.7542266846
14.5428571429 121.0623931885
14.5469387755 99.9487609863
14.5510204082 84.6419830322
14.5551020408 69.7792816162
14.5591836735 51.8990745544
14.5632653061 35.8299331665
14.5673469388 33.4077911377
14.5714285714 21.8392162323
14.5755102041 11.7579250336
14.5795918367 14.1066312790
14.5836734694 21.7019309998
14.5877551020 17.5234069824
14.5918367347 8.7674856186
14.5959183673 8.7063312531
14.6000000000 4.9842596054
14.6040816327 6.1399936676
14.6081632653 0.0000000000
14.6122448980 0.0000000000
14.6163265306 0.0000000000
14.6204081633 0.0000000000
14.6244897959 0.0000000000
14.6285714286 0.0000000000
14.6326530612 0.0000000000
14.6367346939 0.0000000000
14.6408163265 0.0000000000
14.6448979592 0.0000000000
14.6489795918 0.0000000000
14.6530612245 0.0790953636
14.6571428571 0.0000000000
14.6612244898 0.0000000000
14.6653061224 0.0000000000
14.6693877551 0.0000000000
14.6734693878 0.3058910370
14.6775510204 0.0000000000
14.6816326531 2.2572278976
14.6857142857 2.8522014618
14.6897959184 0.0000000000
14.6938775510 0.0000000000
14.6979591837 0.0000000000
14.7020408163 0.0000000000
14.7061224490 0.0000000000
14.7102040816 0.0000000000
14.7142857143 0.0000000000
14.7183673469 0.0000000000
14.7224489796 0.0000000000
14.7265306122 3.8519353867
14.7306122449 1.8420517445
14.7346938776 8.1856250763
14.7387755102 11.5699768066
14.7428571429 6.5571069717
14.7469387755 0.0000000000
14.7510204082 0.0000000000
14.7551020408 0.0000000000
14.7591836735 0.0000000000
14.7632653061 0.0000000000
14.7673469388 0.0000000000
14.7714285714 0.0000000000
14.7755102041 0.0000000000
14.7795918367 0.0000000000
14.7836734694 0.0000000000
14.7877551020 0.0000000000
14.7918367347 0.0000000000
14.7959183673 0.0000000000
14.8000000000 0.0000000000
14.8040816327 0.0000000000
14.8081632653 0.0000000000
14.8122448980 0.0321865082
14.8163265306 1.9550547600
14.8204081633 0.0000000000
14.8244897959 0.0000000000
14.8285714286 0.0000000000
14.8326530612 0.0000000000
14.8367346939 0.0000000000
14.8408163265 0.0000000000
14.8448979592 0.0000000000
14.8489795918 0.0000000000
14.8530612245 0.0000000000
14.8571428571 0.0000000000
14.8612244898 0.0000000000
14.8653061224 0.0000000000
14.8693877551 0.0000000000
14.8734693878 0.0000000000
14.8775510204 0.0000000000
14.8816326531 0.0000000000
14.8857142857 0.0000000000
14.8897959184 0.0000000000
14.8938775510 0.0000000000
14.8979591837 0.0000000000
14.9020408163 0.0000000000
14.9061224490 0.0000000000
14.9102040816 0.0000000000
14.9142857143 0.0000000000
14.9183673469 0.0000000000
14.9224489796 0.0000000000
14.9265306122 2.1688640118
14.9306122449 18.1243801117
14.9346938776 21.2804069519
14.9387755102 24.4294242859
14.9428571429 26.1954288483
14.9469387755 24.4132881165
14.9510204082 17.3523139954
14.9551020408 6.1305465698
14.9591836735 0.0000000000
14.9632653061 0.0000000000
14.9673469388 0.0000000000
14.9714285714 0.0000000000
14.9755102041 0.0000000000
