0.0040816327 2.9159784317
0.0081632653 0.0000000000
0.0122448980 0.0000000000
0.0163265306 0.0000000000
0.0204081633 0.0000000000
0.0244897959 0.0000000000
0.0285714286 0.0000000000
0.0326530612 0.0000000000
0.0367346939 0.0000000000
0.0408163265 0.0000000000
0.0448979592 0.0000000000
0.0489795918 0.0000000000
0.0530612245 0.0000000000
0.0571428571 0.0000000000
0.0612244898 0.0000000000
0.0653061224 2.4797320366
0.0693877551 1.1492967606
0.0734693878 13.8877258301
0.0775510204 25.5323200226
0.0816326531 30.0724201202
0.0857142857 45.2208824158
0.0897959184 70.7204284668
0.0938775510 68.4096069336
0.0979591837 75.1506042480
0.1020408163 90.6490173340
0.1061224490 90.6131744385
0.1102040816 86.3884124756
0.1142857143 76.7490844727
0.1183673469 68.2122650146
0.1224489796 59.9636993408
0.1265306122 49.1410484314
0.1306122449 34.6658248901
0.1346938776 20.8810577393
0.1387755102 10.0802183151
0.1428571429 8.2383155823
0.1469387755 0.8164346218
0.1510204082 0.0000000000
0.1551020408 0.0000000000
0.1591836735 0.0000000000
0.1632653061 0.0000000000
0.1673469388 0.0000000000
0.1714285714 0.0000000000
0.1755102041 0.0000000000
0.1795918367 0.0000000000
0.1836734694 0.0000000000
0.1877551020 0.0000000000
0.1918367347 0.0000000000
0.1959183673 0.0000000000
0.2000000000 0.0000000000
0.2040816327 0.0000000000
0.2081632653 0.0000000000
0.2122448980 0.0000000000
0.2163265306 0.0000000000
0.2204081633 0.0000000000
0.2244897959 0.0000000000
0.2285714286 0.0000000000
0.2326530612 0.7093101740
0.2367346939 5.5589675903
0.2408163265 11.1271438599
0.2448979592 13.7898769379
0.2489795918 24.4224357605
0.2530612245 32.9764099121
0.2571428571 43.0746078491
0.2612244898 54.3128814697
0.2653061224 74.5504760742
0.2693877551 83.3020477295
0.2734693878 78.5529632568
0.2775510204 69.0610122681
0.2816326531 60.1301803589
0.2857142857 42.4129943848
0.2897959184 24.1076393127
0.2938775510 10.5705299377
0.2979591837 3.5114736557
0.3020408163 0.0000000000
0.3061224490 0.0000000000
0.3102040816 0.0000000000
0.3142857143 0.0000000000
0.3183673469 0.0000000000
0.3224489796 0.0000000000
0.3265306122 0.0000000000
0.3306122449 0.0000000000
0.3346938776 0.0000000000
0.3387755102 0.0000000000
0.3428571429 0.0000000000
0.3469387755 0.0000000000
0.3510204082 0.0000000000
0.3551020408 0.0000000000
0.3591836735 0.0000000000
0.3632653061 0.0000000000
0.3673469388 0.0000000000
0.3714285714 0.0000000000
0.3755102041 0.0000000000
0.3795918367 0.0000000000
0.3836734694 0.0000000000
0.3877551020 0.0000000000
0.3918367347 0.0000000000
0.3959183673 0.0000000000
0.4000000000 0.0000000000
0.4040816327 0.0000000000
0.4081632653 0.0000000000
0.4122448980 0.0000000000
0.4163265306 0.0000000000
0.4204081633 0.0000000000
0.4244897959 0.0000000000
0.4285714286 0.0000000000
0.4326530612 0.0000000000
0.4367346939 0.0000000000
0.4408163265 0.0000000000
0.4448979592 2.3478269577
0.4489795918 8.1986188889
0.4530612245 13.1233930588
0.4571428571 22.8915290833
0.4612244898 26.6296863556
0.4653061224 39.9522171021
0.4693877551 35.2190742493
0.4734693878 36.1495323181
0.4775510204 32.8818855286
0.4816326531 26.9371566772
0.4857142857 38.2260971069
0.4897959184 34.3507843018
0.4938775510 22.1650600433
0.4979591837 17.0334587097
0.5020408163 14.1551971436
0.5061224490 3.2494962215
0.5102040816 0.0000000000
0.5142857143 0.0000000000
0.5183673469 0.0000000000
0.5224489796 0.0000000000
0.5265306122 0.0000000000
0.5306122449 0.0000000000
0.5346938776 0.0000000000
0.5387755102 0.0000000000
0.5428571429 0.0000000000
0.5469387755 0.0000000000
0.5510204082 0.0000000000
0.5551020408 0.0000000000
0.5591836735 0.0000000000
0.5632653061 0.0000000000
0.5673469388 0.0000000000
0.5714285714 0.0000000000
0.5755102041 0.0000000000
0.5795918367 0.0000000000
0.5836734694 0.0000000000
0.5877551020 0.0000000000
0.5918367347 0.0000000000
0.5959183673 0.0000000000
0.6000000000 0.0000000000
0.6040816327 0.0000000000
0.6081632653 0.0000000000
0.6122448980 7.5731873512
0.6163265306 27.4761962891
0.6204081633 91.7124938965
0.6244897959 141.7840881348
0.6285714286 161.1251068115
0.6326530612 160.5853576660
0.6367346939 150.0309753418
0.6408163265 140.1676330566
0.6448979592 118.0381164551
0.6489795918 107.5979461670
0.6530612245 86.8025970459
0.6571428571 67.3951644897
0.6612244898 56.7863616943
0.6653061224 49.9970016479
0.6693877551 39.8353347778
0.6734693878 33.6002120972
0.6775510204 30.3634414673
0.6816326531 11.6286573410
0.6857142857 4.3205318451
0.6897959184 1.2124180794
0.6938775510 0.0000000000
0.6979591837 0.0000000000
0.7020408163 0.0000000000
0.7061224490 0.0000000000
0.7102040816 0.0000000000
0.7142857143 0.0000000000
0.7183673469 0.0000000000
0.7224489796 0.0000000000
0.7265306122 0.0000000000
0.7306122449 0.0000000000
0.7346938776 0.0000000000
0.7387755102 0.0000000000
0.7428571429 0.0000000000
0.7469387755 0.0000000000
0.7510204082 0.0000000000
0.7551020408 0.0000000000
0.7591836735 0.0000000000
0.7632653061 0.0000000000
0.7673469388 0.0000000000
0.7714285714 0.0000000000
0.7755102041 0.0000000000
0.7795918367 0.0000000000
0.7836734694 0.0000000000
0.7877551020 0.0000000000
0.7918367347 0.0000000000
0.7959183673 0.0000000000
0.8000000000 0.0000000000
0.8040816327 0.0000000000
0.8081632653 0.0000000000
0.8122448980 0.0000000000
0.8163265306 0.0000000000
0.8204081633 0.0000000000
0.8244897959 1.6633272171
0.8285714286 16.9141883850
0.8326530612 39.3292312622
0.8367346939 51.7259826660
0.8408163265 58.3180160522
0.8448979592 64.5277481079
0.8489795918 66.2168121338
0.8530612245 55.3161506653
0.8571428571 48.3823547363
0.8612244898 41.8071136475
0.8653061224 26.0819091797
0.8693877551 20.4559040070
0.8734693878 17.8985538483
0.8775510204 5.3165850639
0.8816326531 0.0000000000
0.8857142857 0.0000000000
0.8897959184 0.0000000000
0.8938775510 0.0000000000
0.8979591837 0.0000000000
0.9020408163 0.0000000000
0.9061224490 0.0000000000
0.9102040816 0.0000000000
0.9142857143 0.0000000000
0.9183673469 0.0000000000
0.9224489796 0.0000000000
0.9265306122 0.0000000000
0.9306122449 0.0000000000
0.9346938776 0.0000000000
0.9387755102 0.0000000000
0.9428571429 0.0000000000
0.9469387755 0.0000000000
0.9510204082 0.0000000000
0.9551020408 0.0000000000
0.9591836735 0.0000000000
0.9632653061 0.0000000000
0.9673469388 0.0000000000
0.9714285714 0.0000000000
0.9755102041 0.0000000000
0.9795918367 0.0000000000
0.9836734694 0.0000000000
0.9877551020 0.0000000000
0.9918367347 0.0000000000
0.9959183673 1.2845396996
1.0000000000 1.4652609825
1.0040816327 1.6690492630
1.0081632653 5.8902502060
1.0122448980 17.2999496460
1.0163265306 44.5746765137
1.0204081633 67.9560928345
1.0244897959 80.2015533447
1.0285714286 68.3827056885
1.0326530612 65.5674362183
1.0367346939 68.3338012695
1.0408163265 82.3720092773
1.0448979592 81.0204162598
1.0489795918 73.9328308105
1.0530612245 62.1106414795
1.0571428571 49.0806388855
1.0612244898 30.9117736816
1.0653061224 20.2460289001
1.0693877551 12.1216468811
1.0734693878 0.0000000000
1.0775510204 0.0000000000
1.0816326531 0.0000000000
1.0857142857 0.0000000000
1.0897959184 0.0000000000
1.0938775510 0.0000000000
1.0979591837 0.0000000000
1.1020408163 0.0000000000
1.1061224490 0.0000000000
1.1102040816 0.0000000000
1.1142857143 0.0000000000
1.1183673469 0.0000000000
1.1224489796 0.0000000000
1.1265306122 0.0000000000
1.1306122449 0.0000000000
1.1346938776 0.0000000000
1.1387755102 0.0000000000
1.1428571429 0.0000000000
1.1469387755 0.0000000000
1.1510204082 0.0000000000
1.1551020408 0.0000000000
1.1591836735 0.0000000000
1.1632653061 0.0000000000
1.1673469388 0.0000000000
1.1714285714 0.0000000000
1.1755102041 0.0000000000
1.1795918367 0.0000000000
1.1836734694 0.0000000000
1.1877551020 0.0000000000
1.1918367347 0.0000000000
1.1959183673 0.0000000000
1.2000000000 0.0000000000
1.2040816327 3.2405257225
1.2081632653 9.9968910217
1.2122448980 7.9671144485
1.2163265306 18.1789398193
1.2204081633 25.5343017578
1.2244897959 29.1079864502
1.2285714286 28.8553237915
1.2326530612 38.4950790405
1.2367346939 36.7609367371
1.2408163265 24.8823699951
1.2448979592 15.0807647705
1.2489795918 6.3234682083
1.2530612245 2.2616591454
1.2571428571 0.0000000000
1.2612244898 0.0000000000
1.2653061224 0.0000000000
1.2693877551 0.0000000000
1.2734693878 0.0000000000
1.2775510204 0.0000000000
1.2816326531 0.0000000000
1.2857142857 0.0000000000
1.2897959184 0.0000000000
1.2938775510 0.0000000000
1.2979591837 0.0000000000
1.3020408163 0.0000000000
1.3061224490 0.0000000000
1.3102040816 0.0000000000
1.3142857143 0.0000000000
1.3183673469 0.0000000000
1.3224489796 0.0000000000
1.3265306122 0.0000000000
1.3306122449 0.0000000000
1.3346938776 0.0000000000
1.3387755102 0.0000000000
1.3428571429 0.0000000000
1.3469387755 0.0000000000
1.3510204082 2.2794306278
1.3551020408 3.2829642296
1.3591836735 5.1044821739
1.3632653061 6.3610672951
1.3673469388 8.8709259033
1.3714285714 22.3214817047
1.3755102041 46.8710060120
1.3795918367 103.2366790771
1.3836734694 118.9389495850
1.3877551020 122.3882675171
1.3918367347 120.3346328735
1.3959183673 122.7991027832
1.4000000000 109.4267730713
1.4040816327 93.0485076904
1.4081632653 75.8070983887
1.4122448980 55.1357269287
1.4163265306 42.4012527466
1.4204081633 27.1220207214
1.4244897959 13.0815505981
1.4285714286 3.9848833084
1.4326530612 0.0000000000
1.4367346939 0.0000000000
1.4408163265 0.0000000000
1.4448979592 0.0000000000
1.4489795918 0.0000000000
1.4530612245 0.0000000000
1.4571428571 0.0000000000
1.4612244898 0.0000000000
1.4653061224 0.0000000000
1.4693877551 0.0000000000
1.4734693878 0.0000000000
1.4775510204 0.0000000000
1.4816326531 0.0000000000
1.4857142857 0.0000000000
1.4897959184 0.0000000000
1.4938775510 0.0000000000
1.4979591837 0.0000000000
1.5020408163 0.0000000000
1.5061224490 0.0000000000
1.5102040816 0.0000000000
1.5142857143 1.5222430229
1.5183673469 0.0000000000
1.5224489796 0.0000000000
1.5265306122 0.0000000000
1.5306122449 0.0000000000
1.5346938776 0.0000000000
1.5387755102 0.0000000000
1.5428571429 0.0000000000
1.5469387755 0.0000000000
1.5510204082 0.0000000000
1.5551020408 0.0000000000
1.5591836735 0.0000000000
1.5632653061 0.0000000000
1.5673469388 0.0000000000
1.5714285714 0.0000000000
1.5755102041 0.0000000000
1.5795918367 0.0000000000
1.5836734694 0.0000000000
1.5877551020 0.0000000000
1.5918367347 2.2646970749
1.5959183673 6.3840446472
1.6000000000 43.0186386108
1.6040816327 62.2906570435
1.6081632653 67.8806686401
1.6122448980 67.9344787598
1.6163265306 69.3182678223
1.6204081633 72.5043182373
1.6244897959 87.0752944946
1.6285714286 93.6447372437
1.6326530612 83.9587097168
1.6367346939 73.4457092285
1.6408163265 58.9621086121
1.6448979592 42.0900573730
1.6489795918 26.3003120422
1.6530612245 12.5938053131
1.6571428571 6.2465071678
1.6612244898 1.8622875214
1.6653061224 0.0000000000
1.6693877551 0.0000000000
1.6734693878 0.0000000000
1.6775510204 0.0000000000
1.6816326531 0.0000000000
1.6857142857 0.0000000000
1.6897959184 0.0000000000
1.6938775510 0.0000000000
1.6979591837 0.0000000000
1.7020408163 0.0000000000
1.7061224490 0.0000000000
1.7102040816 0.0000000000
1.7142857143 0.0000000000
1.7183673469 0.0000000000
1.7224489796 0.0000000000
1.7265306122 0.0000000000
1.7306122449 0.0000000000
1.7346938776 0.0000000000
1.7387755102 0.0000000000
1.7428571429 0.0000000000
1.7469387755 0.0000000000
1.7510204082 0.0000000000
1.7551020408 0.0000000000
1.7591836735 0.0000000000
1.7632653061 0.0000000000
1.7673469388 9.9746885300
1.7714285714 29.4106597900
1.7755102041 39.6637916565
1.7795918367 56.7983398438
1.7836734694 75.0638580322
1.7877551020 81.7219848633
1.7918367347 78.3279266357
1.7959183673 67.3093185425
1.8000000000 55.2208557129
1.8040816327 46.2642135620
1.8081632653 40.9548759460
1.8122448980 32.7966156006
1.8163265306 22.8426589966
1.8204081633 7.6022744179
1.8244897959 0.0000000000
1.8285714286 0.0000000000
1.8326530612 0.0000000000
1.8367346939 0.0000000000
1.8408163265 0.0000000000
1.8448979592 0.0000000000
1.8489795918 0.0000000000
1.8530612245 0.0000000000
1.8571428571 0.0000000000
1.8612244898 0.0000000000
1.8653061224 0.0000000000
1.8693877551 0.0000000000
1.8734693878 0.0000000000
1.8775510204 0.0000000000
1.8816326531 0.0000000000
1.8857142857 0.0000000000
1.8897959184 0.0000000000
1.8938775510 0.0000000000
1.8979591837 0.0000000000
1.9020408163 0.0000000000
1.9061224490 0.0000000000
1.9102040816 0.0000000000
1.9142857143 0.0000000000
1.9183673469 0.0000000000
1.9224489796 0.0000000000
1.9265306122 0.0000000000
1.9306122449 0.0000000000
1.9346938776 0.0000000000
1.9387755102 0.0000000000
1.9428571429 0.0000000000
1.9469387755 0.0000000000
1.9510204082 0.0000000000
1.9551020408 0.0000000000
1.9591836735 5.0782337189
1.9632653061 10.2821369171
1.9673469388 45.4142074585
1.9714285714 70.9968795776
1.9755102041 91.0340270996
1.9795918367 108.4033203125
1.9836734694 122.0606994629
1.9877551020 126.2358856201
1.9918367347 138.0513916016
1.9959183673 127.6607513428
2.0000000000 103.7952880859
2.0040816327 90.4040374756
2.0081632653 70.9140319824
2.0122448980 44.5244293213
2.0163265306 20.1492309570
2.0204081633 2.2783875465
2.0244897959 0.0000000000
2.0285714286 0.0000000000
2.0326530612 0.0000000000
2.0367346939 0.0000000000
2.0408163265 0.0000000000
2.0448979592 0.0000000000
2.0489795918 0.0000000000
2.0530612245 0.0000000000
2.0571428571 0.0000000000
2.0612244898 0.0000000000
2.0653061224 0.0000000000
2.0693877551 0.0000000000
2.0734693878 0.0000000000
2.0775510204 0.0000000000
2.0816326531 0.0000000000
2.0857142857 0.0000000000
2.0897959184 0.0000000000
2.0938775510 0.0000000000
2.0979591837 0.0000000000
2.1020408163 0.0000000000
2.1061224490 0.0000000000
2.1102040816 0.7362663746
2.1142857143 7.3744397163
2.1183673469 17.3474998474
2.1224489796 37.7304534912
2.1265306122 60.6792907715
2.1306122449 92.2256164551
2.1346938776 139.3968200684
2.1387755102 177.9681701660
2.1428571429 180.5088195801
2.1469387755 158.4837036133
2.1510204082 133.1590270996
2.1551020408 114.1864624023
2.1591836735 113.3468780518
2.1632653061 88.1744384766
2.1673469388 63.9621315002
2.1714285714 45.6035156250
2.1755102041 26.8558845520
2.1795918367 8.3939132690
2.1836734694 2.7204155922
2.1877551020 0.0000000000
2.1918367347 0.0000000000
2.1959183673 0.0000000000
2.2000000000 0.0000000000
2.2040816327 0.0000000000
2.2081632653 0.0000000000
2.2122448980 0.0000000000
2.2163265306 0.0000000000
2.2204081633 0.0000000000
2.2244897959 0.0000000000
2.2285714286 0.0000000000
2.2326530612 0.0000000000
2.2367346939 0.0000000000
2.2408163265 0.0000000000
2.2448979592 0.0000000000
2.2489795918 0.0000000000
2.2530612245 0.0000000000
2.2571428571 0.0000000000
2.2612244898 0.0000000000
2.2653061224 0.0000000000
2.2693877551 0.0000000000
2.2734693878 0.0000000000
2.2775510204 0.0000000000
2.2816326531 0.0000000000
2.2857142857 0.0000000000
2.2897959184 0.0000000000
2.2938775510 0.0000000000
2.2979591837 0.0000000000
2.3020408163 0.0000000000
2.3061224490 0.0000000000
2.3102040816 0.0000000000
2.3142857143 0.0000000000
2.3183673469 0.0000000000
2.3224489796 0.0000000000
2.3265306122 0.0000000000
2.3306122449 0.0000000000
2.3346938776 0.0000000000
2.3387755102 0.0000000000
2.3428571429 0.0000000000
2.3469387755 0.0000000000
2.3510204082 0.0000000000
2.3551020408 0.0000000000
2.3591836735 0.0000000000
2.3632653061 0.0000000000
2.3673469388 0.0000000000
2.3714285714 0.0000000000
2.3755102041 0.0000000000
2.3795918367 0.0000000000
2.3836734694 11.0995178223
2.3877551020 9.5803146362
2.3918367347 6.6902341843
2.3959183673 18.1501197815
2.4000000000 37.8522262573
2.4040816327 57.5876846313
2.4081632653 52.0317573547
2.4122448980 33.4344482422
2.4163265306 24.1129398346
2.4204081633 13.0951995850
2.4244897959 2.7897953987
2.4285714286 0.0000000000
2.4326530612 0.0000000000
2.4367346939 0.0000000000
2.4408163265 0.0000000000
2.4448979592 0.0000000000
2.4489795918 0.0000000000
2.4530612245 0.0000000000
2.4571428571 0.0000000000
2.4612244898 0.0000000000
2.4653061224 0.0000000000
2.4693877551 4.9014687538
2.4734693878 11.8963127136
2.4775510204 11.8448143005
2.4816326531 11.1995639801
2.4857142857 19.8751678467
2.4897959184 34.4461936951
2.4938775510 42.6917839050
2.4979591837 51.8166427612
2.5020408163 61.3221511841
2.5061224490 57.8266372681
2.5102040816 48.5304603577
2.5142857143 39.6692428589
2.5183673469 31.7204895020
2.5224489796 27.1222896576
2.5265306122 25.3064041138
2.5306122449 25.0471973419
2.5346938776 32.9985160828
2.5387755102 44.7383499146
2.5428571429 76.3314361572
2.5469387755 121.8592758179
2.5510204082 119.3073577881
2.5551020408 114.1998443604
2.5591836735 125.1760025024
2.5632653061 105.3414077759
2.5673469388 85.5809783936
2.5714285714 81.6410522461
2.5755102041 72.3322296143
2.5795918367 52.0950241089
2.5836734694 38.9459724426
2.5877551020 29.1947422028
2.5918367347 12.7459468842
2.5959183673 0.0000000000
2.6000000000 0.0000000000
2.6040816327 0.0000000000
2.6081632653 0.0000000000
2.6122448980 0.0000000000
2.6163265306 0.0000000000
2.6204081633 0.0000000000
2.6244897959 0.0000000000
2.6285714286 0.0000000000
2.6326530612 0.0000000000
2.6367346939 0.0000000000
2.6408163265 0.0000000000
2.6448979592 0.0000000000
2.6489795918 0.0000000000
2.6530612245 0.0000000000
2.6571428571 0.0000000000
2.6612244898 0.0000000000
2.6653061224 0.0000000000
2.6693877551 0.0000000000
2.6734693878 0.0000000000
2.6775510204 0.0000000000
2.6816326531 0.0000000000
2.6857142857 0.0000000000
2.6897959184 0.0000000000
2.6938775510 0.0000000000
2.6979591837 0.0000000000
2.7020408163 0.0000000000
2.7061224490 0.0000000000
2.7102040816 0.0000000000
2.7142857143 0.0000000000
2.7183673469 0.0000000000
2.7224489796 0.0000000000
2.7265306122 0.0000000000
2.7306122449 0.0000000000
2.7346938776 0.0000000000
2.7387755102 0.0000000000
2.7428571429 0.0000000000
2.7469387755 0.0000000000
2.7510204082 0.0000000000
2.7551020408 7.8902244568
2.7591836735 9.7719430923
2.7632653061 24.9311332703
2.7673469388 18.4503784180
2.7714285714 11.1473798752
2.7755102041 13.1544475555
2.7795918367 7.3945894241
2.7836734694 0.2405643463
2.7877551020 0.0000000000
2.7918367347 0.0000000000
2.7959183673 0.0000000000
2.8000000000 0.0000000000
2.8040816327 0.0000000000
2.8081632653 0.0000000000
2.8122448980 0.0000000000
2.8163265306 0.0000000000
2.8204081633 0.0000000000
2.8244897959 0.0000000000
2.8285714286 0.0000000000
2.8326530612 0.0000000000
2.8367346939 0.0000000000
2.8408163265 0.0000000000
2.8448979592 0.0000000000
2.8489795918 0.0000000000
2.8530612245 0.0000000000
2.8571428571 0.0000000000
2.8612244898 0.0000000000
2.8653061224 0.0000000000
2.8693877551 0.0000000000
2.8734693878 0.0000000000
2.8775510204 0.0000000000
2.8816326531 24.9015083313
2.8857142857 96.4957046509
2.8897959184 121.3338546753
2.8938775510 151.7335205078
2.8979591837 163.9634399414
2.9020408163 155.7330017090
2.9061224490 137.4936218262
2.9102040816 129.3653259277
2.9142857143 107.6054229736
2.9183673469 101.5254211426
2.9224489796 84.5175399780
2.9265306122 63.5552978516
2.9306122449 48.0869140625
2.9346938776 46.5664596558
2.9387755102 32.3708076477
2.9428571429 21.7600765228
2.9469387755 13.6420135498
2.9510204082 0.1680850983
2.9551020408 0.0000000000
2.9591836735 0.0000000000
2.9632653061 0.0000000000
2.9673469388 0.0000000000
2.9714285714 0.0000000000
2.9755102041 0.0000000000
2.9795918367 0.0000000000
2.9836734694 0.0000000000
2.9877551020 0.0000000000
2.9918367347 0.0000000000
2.9959183673 0.0000000000
3.0000000000 0.0000000000
3.0040816327 0.0000000000
3.0081632653 0.0000000000
3.0122448980 0.0000000000
3.0163265306 0.0000000000
3.0204081633 0.0000000000
3.0244897959 0.0000000000
3.0285714286 0.0000000000
3.0326530612 0.0000000000
3.0367346939 8.6325111389
3.0408163265 7.6932907104
3.0448979592 1.5362501144
3.0489795918 0.0000000000
3.0530612245 0.1231431961
3.0571428571 0.0000000000
3.0612244898 0.0000000000
3.0653061224 0.0000000000
3.0693877551 0.0000000000
3.0734693878 0.0000000000
3.0775510204 0.0000000000
3.0816326531 0.0000000000
3.0857142857 0.0000000000
3.0897959184 0.0000000000
3.0938775510 0.0000000000
3.0979591837 0.0000000000
3.1020408163 0.0000000000
3.1061224490 0.0000000000
3.1102040816 0.0000000000
3.1142857143 0.0000000000
3.1183673469 0.7539987564
3.1224489796 11.7819309235
3.1265306122 38.6252708435
3.1306122449 71.3440780640
3.1346938776 92.6512832642
3.1387755102 86.8423309326
3.1428571429 68.7148132324
3.1469387755 46.8166923523
3.1510204082 28.3875598907
3.1551020408 19.2154655457
3.1591836735 11.4935092926
3.1632653061 12.9426269531
3.1673469388 2.3361444473
3.1714285714 0.0000000000
3.1755102041 0.0000000000
3.1795918367 0.0000000000
3.1836734694 0.0000000000
3.1877551020 0.0000000000
3.1918367347 0.0000000000
3.1959183673 0.0000000000
3.2000000000 0.0000000000
3.2040816327 0.0000000000
3.2081632653 0.0000000000
3.2122448980 0.0000000000
3.2163265306 0.0000000000
3.2204081633 0.0000000000
3.2244897959 0.0000000000
3.2285714286 0.0000000000
3.2326530612 0.0000000000
3.2367346939 0.0000000000
3.2408163265 0.0000000000
3.2448979592 0.0000000000
3.2489795918 0.0000000000
3.2530612245 0.0000000000
3.2571428571 0.0000000000
3.2612244898 0.1219511032
3.2653061224 10.1296901703
3.2693877551 13.5412445068
3.2734693878 28.4816131592
3.2775510204 43.7396163940
3.2816326531 75.0142364502
3.2857142857 94.6447525024
3.2897959184 147.8475036621
3.2938775510 157.3734741211
3.2979591837 154.6666717529
3.3020408163 140.2953796387
3.3061224490 127.0720367432
3.3102040816 106.6450805664
3.3142857143 88.3933868408
3.3183673469 74.2124328613
3.3224489796 53.1346206665
3.3265306122 35.3628997803
3.3306122449 16.3563499451
3.3346938776 0.6272792816
3.3387755102 0.0000000000
3.3428571429 0.0000000000
3.3469387755 0.0000000000
3.3510204082 0.0000000000
3.3551020408 0.0000000000
3.3591836735 0.0000000000
3.3632653061 0.0000000000
3.3673469388 0.0000000000
3.3714285714 0.0000000000
3.3755102041 0.0000000000
3.3795918367 0.0000000000
3.3836734694 0.0000000000
3.3877551020 0.0000000000
3.3918367347 0.0000000000
3.3959183673 0.0000000000
3.4000000000 0.0000000000
3.4040816327 0.0000000000
3.4081632653 0.0000000000
3.4122448980 0.0000000000
3.4163265306 0.0000000000
3.4204081633 0.0000000000
3.4244897959 0.0000000000
3.4285714286 0.0000000000
3.4326530612 0.0000000000
3.4367346939 0.0000000000
3.4408163265 0.0000000000
3.4448979592 0.0000000000
3.4489795918 0.0000000000
3.4530612245 0.0000000000
3.4571428571 0.0000000000
3.4612244898 0.0000000000
3.4653061224 0.0000000000
3.4693877551 0.0000000000
3.4734693878 0.0000000000
3.4775510204 0.0000000000
3.4816326531 0.0000000000
3.4857142857 0.0000000000
3.4897959184 0.0000000000
3.4938775510 0.0000000000
3.4979591837 0.0000000000
3.5020408163 0.0000000000
3.5061224490 0.0000000000
3.5102040816 0.0000000000
3.5142857143 0.0000000000
3.5183673469 0.0507831573
3.5224489796 4.1948556900
3.5265306122 5.0346851349
3.5306122449 0.0000000000
3.5346938776 0.0000000000
3.5387755102 0.0000000000
3.5428571429 0.0000000000
3.5469387755 0.0000000000
3.5510204082 0.0000000000
3.5551020408 0.0000000000
3.5591836735 0.0000000000
3.5632653061 0.0000000000
3.5673469388 0.0000000000
3.5714285714 0.0000000000
3.5755102041 0.0000000000
3.5795918367 0.0000000000
3.5836734694 0.0000000000
3.5877551020 0.0000000000
3.5918367347 0.0000000000
3.5959183673 0.0000000000
3.6000000000 0.0000000000
3.6040816327 0.0000000000
3.6081632653 0.0000000000
3.6122448980 0.0000000000
3.6163265306 0.0000000000
3.6204081633 0.0000000000
3.6244897959 0.0000000000
3.6285714286 0.0000000000
3.6326530612 0.0000000000
3.6367346939 0.0000000000
3.6408163265 0.0000000000
3.6448979592 0.5788207054
3.6489795918 4.5256242752
3.6530612245 14.1611394882
3.6571428571 41.0315780640
3.6612244898 75.3702850342
3.6653061224 114.0868835449
3.6693877551 142.0459747314
3.6734693878 156.6250457764
3.6775510204 160.0307922363
3.6816326531 152.1619873047
3.6857142857 153.3200225830
3.6897959184 138.6998901367
3.6938775510 124.0026931763
3.6979591837 103.9024047852
3.7020408163 82.3949584961
3.7061224490 59.9494857788
3.7102040816 44.4286460876
3.7142857143 27.6395072937
3.7183673469 17.0235328674
3.7224489796 1.4517605305
3.7265306122 0.0000000000
3.7306122449 0.0000000000
3.7346938776 0.0000000000
3.7387755102 0.0000000000
3.7428571429 0.0000000000
3.7469387755 0.0000000000
3.7510204082 0.0000000000
3.7551020408 0.0000000000
3.7591836735 0.0000000000
3.7632653061 0.0000000000
3.7673469388 0.0000000000
3.7714285714 0.0000000000
3.7755102041 0.0000000000
3.7795918367 0.0000000000
3.7836734694 0.0000000000
3.7877551020 0.0000000000
3.7918367347 0.0000000000
3.7959183673 0.0000000000
3.8000000000 0.0000000000
3.8040816327 0.0000000000
3.8081632653 0.0000000000
3.8122448980 0.0000000000
3.8163265306 0.0000000000
3.8204081633 0.0000000000
3.8244897959 0.0000000000
3.8285714286 0.0000000000
3.8326530612 0.0000000000
3.8367346939 0.0000000000
3.8408163265 0.0000000000
3.8448979592 0.0000000000
3.8489795918 0.0000000000
3.8530612245 0.0000000000
3.8571428571 0.5131959915
3.8612244898 0.0000000000
3.8653061224 0.0000000000
3.8693877551 8.1185102463
3.8734693878 17.7452125549
3.8775510204 17.8908424377
3.8816326531 33.5956802368
3.8857142857 37.1380882263
3.8897959184 41.3990478516
3.8938775510 39.8613052368
3.8979591837 38.8668403625
3.9020408163 32.6152114868
3.9061224490 29.3109054565
3.9102040816 31.2725906372
3.9142857143 30.3759574890
3.9183673469 14.2714977264
3.9224489796 0.3212690353
3.9265306122 0.0000000000
3.9306122449 0.0000000000
3.9346938776 0.0000000000
3.9387755102 0.0000000000
3.9428571429 0.0000000000
3.9469387755 0.0000000000
3.9510204082 0.0000000000
3.9551020408 0.0000000000
3.9591836735 0.0000000000
3.9632653061 0.0000000000
3.9673469388 0.0000000000
3.9714285714 0.0000000000
3.9755102041 0.0000000000
3.9795918367 0.0000000000
3.9836734694 0.0000000000
3.9877551020 0.0000000000
3.9918367347 0.0000000000
3.9959183673 0.0000000000
4.0000000000 0.0000000000
4.0040816327 1.3779997826
4.0081632653 0.1885294914
4.0122448980 0.0000000000
4.0163265306 0.0000000000
4.0204081633 0.0000000000
4.0244897959 0.5459189415
4.0285714286 3.0426979065
4.0326530612 13.6708021164
4.0367346939 51.6998176575
4.0408163265 112.3224792480
4.0448979592 176.2648010254
4.0489795918 192.3879547119
4.0530612245 193.9278869629
4.0571428571 176.5058898926
4.0612244898 160.5730590820
4.0653061224 137.2338867188
4.0693877551 112.3498687744
4.0734693878 96.6099853516
4.0775510204 78.2413482666
4.0816326531 58.7506256104
4.0857142857 35.9268188477
4.0897959184 14.0998363495
4.0938775510 1.2310743332
4.0979591837 0.0000000000
4.1020408163 0.0000000000
4.1061224490 0.0000000000
4.1102040816 0.0000000000
4.1142857143 0.0000000000
4.1183673469 0.0000000000
4.1224489796 0.0000000000
4.1265306122 0.0000000000
4.1306122449 0.0000000000
4.1346938776 0.0000000000
4.1387755102 0.0000000000
4.1428571429 0.0000000000
4.1469387755 0.0000000000
4.1510204082 0.0000000000
4.1551020408 0.0000000000
4.1591836735 0.0000000000
4.1632653061 0.0000000000
4.1673469388 0.0000000000
4.1714285714 0.0000000000
4.1755102041 0.0000000000
4.1795918367 0.0000000000
4.1836734694 0.0000000000
4.1877551020 0.0000000000
4.1918367347 0.0000000000
4.1959183673 0.0000000000
4.2000000000 0.0000000000
4.2040816327 0.0000000000
4.2081632653 0.0000000000
4.2122448980 0.0000000000
4.2163265306 0.0000000000
4.2204081633 0.0000000000
4.2244897959 0.0000000000
4.2285714286 0.0000000000
4.2326530612 0.0000000000
4.2367346939 0.0000000000
4.2408163265 0.0000000000
4.2448979592 0.0000000000
4.2489795918 6.1623454094
4.2530612245 7.4232220650
4.2571428571 13.6741104126
4.2612244898 17.1753158569
4.2653061224 20.7649478912
4.2693877551 25.8473491669
4.2734693878 34.0148582458
4.2775510204 30.8265094757
4.2816326531 24.6772174835
4.2857142857 20.6410884857
4.2897959184 11.4826860428
4.2938775510 10.7838211060
4.2979591837 13.6439199448
4.3020408163 14.4075756073
4.3061224490 6.4936280251
4.3102040816 0.0000000000
4.3142857143 0.0000000000
4.3183673469 0.0000000000
4.3224489796 0.0000000000
4.3265306122 0.0000000000
4.3306122449 0.0000000000
4.3346938776 0.0000000000
4.3387755102 0.0000000000
4.3428571429 0.0000000000
4.3469387755 0.0000000000
4.3510204082 0.0000000000
4.3551020408 0.0000000000
4.3591836735 0.0000000000
4.3632653061 0.0000000000
4.3673469388 0.0000000000
4.3714285714 0.0000000000
4.3755102041 0.0000000000
4.3795918367 0.0000000000
4.3836734694 0.0000000000
4.3877551020 0.0000000000
4.3918367347 0.0000000000
4.3959183673 0.0000000000
4.4000000000 0.0000000000
4.4040816327 0.0000000000
4.4081632653 0.0000000000
4.4122448980 0.0000000000
4.4163265306 3.1874179840
4.4204081633 23.7943458557
4.4244897959 56.7591629028
4.4285714286 95.4456024170
4.4326530612 133.2017059326
4.4367346939 175.9674530029
4.4408163265 170.1881103516
4.4448979592 148.1197967529
4.4489795918 125.8642807007
4.4530612245 105.5697784424
4.4571428571 83.5568847656
4.4612244898 61.8787994385
4.4653061224 41.5316543579
4.4693877551 20.6620101929
4.4734693878 4.3863654137
4.4775510204 0.0000000000
4.4816326531 0.0000000000
4.4857142857 0.0000000000
4.4897959184 0.0000000000
4.4938775510 0.0000000000
4.4979591837 0.0000000000
4.5020408163 0.0000000000
4.5061224490 0.0000000000
4.5102040816 0.0000000000
4.5142857143 0.0000000000
4.5183673469 0.0000000000
4.5224489796 0.0000000000
4.5265306122 0.0000000000
4.5306122449 0.0000000000
4.5346938776 0.0000000000
4.5387755102 0.0000000000
4.5428571429 0.0000000000
4.5469387755 0.0000000000
4.5510204082 0.0000000000
4.5551020408 0.0000000000
4.5591836735 0.0000000000
4.5632653061 0.0000000000
4.5673469388 0.0000000000
4.5714285714 0.0000000000
4.5755102041 0.0000000000
4.5795918367 0.0000000000
4.5836734694 0.0000000000
4.5877551020 0.0000000000
4.5918367347 0.0000000000
4.5959183673 0.0000000000
4.6000000000 0.0000000000
4.6040816327 0.0000000000
4.6081632653 0.0000000000
4.6122448980 0.0000000000
4.6163265306 0.0000000000
4.6204081633 1.0823607445
4.6244897959 5.5376143456
4.6285714286 12.8236865997
4.6326530612 24.8635253906
4.6367346939 41.4093742371
4.6408163265 68.6637115479
4.6448979592 88.8007278442
4.6489795918 85.3496780396
4.6530612245 78.2928466797
4.6571428571 72.5897827148
4.6612244898 67.2307281494
4.6653061224 60.5915794373
4.6693877551 45.6712265015
4.6734693878 33.9684791565
4.6775510204 25.6551513672
4.6816326531 13.0439996719
4.6857142857 0.3104209900
4.6897959184 0.0000000000
4.6938775510 0.0000000000
4.6979591837 0.0000000000
4.7020408163 0.0000000000
4.7061224490 0.0000000000
4.7102040816 0.0000000000
4.7142857143 0.0000000000
4.7183673469 0.0000000000
4.7224489796 0.0000000000
4.7265306122 0.0000000000
4.7306122449 0.0000000000
4.7346938776 0.0000000000
4.7387755102 0.0000000000
4.7428571429 0.0000000000
4.7469387755 0.0000000000
4.7510204082 0.0000000000
4.7551020408 0.0000000000
4.7591836735 0.0000000000
4.7632653061 0.0000000000
4.7673469388 0.0000000000
4.7714285714 0.0000000000
4.7755102041 0.0000000000
4.7795918367 17.9616508484
4.7836734694 29.1029357910
4.7877551020 75.0541687012
4.7918367347 78.1587371826
4.7959183673 91.1576156616
4.8000000000 123.3021011353
4.8040816327 135.9790039062
4.8081632653 128.6151428223
4.8122448980 122.4201354980
4.8163265306 110.1166000366
4.8204081633 100.9903564453
4.8244897959 84.5866699219
4.8285714286 67.5622558594
4.8326530612 50.9885711670
4.8367346939 29.1505756378
4.8408163265 10.8631105423
4.8448979592 0.9663105011
4.8489795918 0.0000000000
4.8530612245 0.0000000000
4.8571428571 0.0000000000
4.8612244898 0.0000000000
4.8653061224 0.0000000000
4.8693877551 0.0000000000
4.8734693878 0.0000000000
4.8775510204 0.0000000000
4.8816326531 0.0000000000
4.8857142857 0.0000000000
4.8897959184 0.0000000000
4.8938775510 0.0000000000
4.8979591837 0.0000000000
4.9020408163 0.0000000000
4.9061224490 0.0000000000
4.9102040816 0.0000000000
4.9142857143 0.0000000000
4.9183673469 0.0000000000
4.9224489796 0.0000000000
4.9265306122 0.0000000000
4.9306122449 0.0000000000
4.9346938776 0.0000000000
4.9387755102 0.0000000000
4.9428571429 0.0000000000
4.9469387755 0.0000000000
4.9510204082 0.0000000000
4.9551020408 0.0000000000
4.9591836735 0.0000000000
4.9632653061 0.0000000000
4.9673469388 0.0000000000
4.9714285714 0.0000000000
4.9755102041 0.0000000000
4.9795918367 0.0000000000
4.9836734694 0.0000000000
4.9877551020 0.0000000000
4.9918367347 0.0000000000
4.9959183673 0.0000000000
5.0000000000 0.0000000000
5.0040816327 0.0000000000
5.0081632653 0.0000000000
5.0122448980 23.9002113342
5.0163265306 41.9581832886
5.0204081633 65.7252655029
5.0244897959 78.8529663086
5.0285714286 82.2969894409
5.0326530612 82.0685272217
5.0367346939 74.9042358398
5.0408163265 64.9028701782
5.0448979592 60.1547660828
5.0489795918 53.0195846558
5.0530612245 49.6809196472
5.0571428571 46.0844345093
5.0612244898 32.7715873718
5.0653061224 14.4331455231
5.0693877551 4.7835111618
5.0734693878 0.0000000000
5.0775510204 0.0000000000
5.0816326531 0.0000000000
5.0857142857 0.0000000000
5.0897959184 0.0000000000
5.0938775510 0.0000000000
5.0979591837 0.0000000000
5.1020408163 0.0000000000
5.1061224490 0.0000000000
5.1102040816 0.0000000000
5.1142857143 0.0000000000
5.1183673469 0.0000000000
5.1224489796 0.0000000000
5.1265306122 0.0000000000
5.1306122449 0.0000000000
5.1346938776 0.0000000000
5.1387755102 0.0000000000
5.1428571429 0.0000000000
5.1469387755 0.0000000000
5.1510204082 0.9198915362
5.1551020408 0.5822777748
5.1591836735 1.6304850578
5.1632653061 1.3641119003
5.1673469388 0.0000000000
5.1714285714 0.0000000000
5.1755102041 15.5040016174
5.1795918367 37.7842330933
5.1836734694 83.3312225342
5.1877551020 103.9577331543
5.1918367347 153.8171386719
5.1959183673 157.7880249023
5.2000000000 134.5889434814
5.2040816327 112.5531768799
5.2081632653 92.5879516602
5.2122448980 74.0059661865
5.2163265306 60.7449417114
5.2204081633 47.2032432556
5.2244897959 33.0546493530
5.2285714286 22.4677925110
5.2326530612 9.9424123764
5.2367346939 0.4460811615
5.2408163265 0.0000000000
5.2448979592 0.0000000000
5.2489795918 0.0000000000
5.2530612245 0.0000000000
5.2571428571 0.0000000000
5.2612244898 0.0000000000
5.2653061224 0.0000000000
5.2693877551 0.0000000000
5.2734693878 0.0000000000
5.2775510204 0.0000000000
5.2816326531 0.0000000000
5.2857142857 0.0000000000
5.2897959184 0.0000000000
5.2938775510 0.0000000000
5.2979591837 0.0000000000
5.3020408163 0.0000000000
5.3061224490 0.0000000000
5.3102040816 0.0000000000
5.3142857143 0.0000000000
5.3183673469 0.0000000000
5.3224489796 0.0000000000
5.3265306122 0.0000000000
5.3306122449 0.0000000000
5.3346938776 0.0000000000
5.3387755102 0.0000000000
5.3428571429 0.0000000000
5.3469387755 0.0000000000
5.3510204082 0.0000000000
5.3551020408 0.0000000000
5.3591836735 0.0000000000
5.3632653061 0.0000000000
5.3673469388 0.0000000000
5.3714285714 0.0000000000
5.3755102041 0.0000000000
5.3795918367 0.0000000000
5.3836734694 0.0000000000
5.3877551020 0.0000000000
5.3918367347 0.0000000000
5.3959183673 3.9715991020
5.4000000000 21.1827754974
5.4040816327 36.9945907593
5.4081632653 49.7103919983
5.4122448980 56.3657264709
5.4163265306 63.0532646179
5.4204081633 76.5232543945
5.4244897959 96.2201995850
5.4285714286 99.3306045532
5.4326530612 90.3434143066
5.4367346939 72.0764999390
5.4408163265 54.3058547974
5.4448979592 41.0140762329
5.4489795918 23.0581760406
5.4530612245 5.7731866837
5.4571428571 0.0000000000
5.4612244898 0.0000000000
5.4653061224 0.0000000000
5.4693877551 0.0000000000
5.4734693878 0.0000000000
5.4775510204 0.0000000000
5.4816326531 0.0000000000
5.4857142857 0.0000000000
5.4897959184 0.0000000000
5.4938775510 0.0000000000
5.4979591837 0.0000000000
5.5020408163 0.0000000000
5.5061224490 0.0000000000
5.5102040816 0.0000000000
5.5142857143 0.0000000000
5.5183673469 0.0000000000
5.5224489796 0.0000000000
5.5265306122 0.0000000000
5.5306122449 0.0000000000
5.5346938776 5.9321784973
5.5387755102 7.1993918419
5.5428571429 10.3204402924
5.5469387755 16.4010963440
5.5510204082 19.4263763428
5.5551020408 20.7958068848
5.5591836735 21.3578338623
5.5632653061 19.6459884644
5.5673469388 39.6069259644
5.5714285714 60.4299316406
5.5755102041 69.4170913696
5.5795918367 96.3001861572
5.5836734694 106.5294189453
5.5877551020 115.2708740234
5.5918367347 108.0163116455
5.5959183673 108.5173492432
5.6000000000 97.7371978760
5.6040816327 85.4940414429
5.6081632653 74.9025344849
5.6122448980 53.9787979126
5.6163265306 31.0384025574
5.6204081633 12.9783153534
5.6244897959 0.0000000000
5.6285714286 0.0000000000
5.6326530612 0.0000000000
5.6367346939 0.0000000000
5.6408163265 0.0000000000
5.6448979592 0.0000000000
5.6489795918 0.0000000000
5.6530612245 0.0000000000
5.6571428571 0.0000000000
5.6612244898 0.0000000000
5.6653061224 0.0000000000
5.6693877551 0.0000000000
5.6734693878 0.0000000000
5.6775510204 0.0000000000
5.6816326531 0.0000000000
5.6857142857 0.0000000000
5.6897959184 0.0000000000
5.6938775510 0.0000000000
5.6979591837 0.0000000000
5.7020408163 0.0000000000
5.7061224490 0.0000000000
5.7102040816 0.0000000000
5.7142857143 0.0000000000
5.7183673469 0.0000000000
5.7224489796 0.0000000000
5.7265306122 0.0000000000
5.7306122449 0.0000000000
5.7346938776 0.0000000000
5.7387755102 0.0000000000
5.7428571429 0.0000000000
5.7469387755 0.0000000000
5.7510204082 0.0000000000
5.7551020408 0.0000000000
5.7591836735 0.0000000000
5.7632653061 0.0000000000
5.7673469388 0.0000000000
5.7714285714 0.0000000000
5.7755102041 6.6211967468
5.7795918367 26.7326545715
5.7836734694 45.2017211914
5.7877551020 67.2959976196
5.7918367347 81.8654022217
5.7959183673 88.1540832520
5.8000000000 87.9225158691
5.8040816327 72.5328903198
5.8081632653 55.0739746094
5.8122448980 35.2214279175
5.8163265306 18.2591381073
5.8204081633 13.4804553986
5.8244897959 9.4363689423
5.8285714286 1.8951892853
5.8326530612 0.0000000000
5.8367346939 0.0000000000
5.8408163265 0.0000000000
5.8448979592 0.0000000000
5.8489795918 0.0000000000
5.8530612245 0.0000000000
5.8571428571 0.0000000000
5.8612244898 0.0000000000
5.8653061224 0.0000000000
5.8693877551 0.0000000000
5.8734693878 0.0000000000
5.8775510204 0.0000000000
5.8816326531 0.0000000000
5.8857142857 0.0000000000
5.8897959184 0.0000000000
5.8938775510 0.0000000000
5.8979591837 0.0000000000
5.9020408163 0.0000000000
5.9061224490 0.0000000000
5.9102040816 11.6389389038
5.9142857143 12.6312971115
5.9183673469 12.9520893097
5.9224489796 16.8548221588
5.9265306122 60.7089996338
5.9306122449 59.2608146667
5.9346938776 60.0586547852
5.9387755102 63.9083175659
5.9428571429 64.9767456055
5.9469387755 65.3415298462
5.9510204082 71.8157577515
5.9551020408 97.5224380493
5.9591836735 94.7904586792
5.9632653061 94.8587646484
5.9673469388 114.1678085327
5.9714285714 113.3470535278
5.9755102041 111.9561157227
5.9795918367 85.2534790039
5.9836734694 59.6023788452
5.9877551020 37.0279541016
5.9918367347 24.1655712128
5.9959183673 7.1398019791
6.0000000000 0.0000000000
6.0040816327 0.0000000000
6.0081632653 0.0000000000
6.0122448980 0.0000000000
6.0163265306 0.0000000000
6.0204081633 0.0000000000
6.0244897959 0.0000000000
6.0285714286 0.0000000000
6.0326530612 0.0000000000
6.0367346939 0.0000000000
6.0408163265 0.0000000000
6.0448979592 0.0000000000
6.0489795918 0.0000000000
6.0530612245 0.0000000000
6.0571428571 0.0000000000
6.0612244898 0.0000000000
6.0653061224 0.0000000000
6.0693877551 0.0000000000
6.0734693878 0.0000000000
6.0775510204 0.0000000000
6.0816326531 0.0000000000
6.0857142857 0.0000000000
6.0897959184 0.0000000000
6.0938775510 0.0000000000
6.0979591837 0.0000000000
6.1020408163 0.0000000000
6.1061224490 0.0000000000
6.1102040816 0.0000000000
6.1142857143 0.0000000000
6.1183673469 0.0000000000
6.1224489796 0.0000000000
6.1265306122 0.0000000000
6.1306122449 0.0000000000
6.1346938776 0.0000000000
6.1387755102 0.0000000000
6.1428571429 0.0000000000
6.1469387755 0.4627108574
6.1510204082 19.6064720154
6.1551020408 38.9292831421
6.1591836735 56.1907081604
6.1632653061 71.8449020386
6.1673469388 68.7808380127
6.1714285714 67.5361175537
6.1755102041 63.0222549438
6.1795918367 55.2759780884
6.1836734694 41.3614501953
6.1877551020 23.1870422363
6.1918367347 13.4964437485
6.1959183673 11.4418048859
6.2000000000 3.8146972656
6.2040816327 0.0000000000
6.2081632653 0.0000000000
6.2122448980 0.0000000000
6.2163265306 0.0000000000
6.2204081633 0.0000000000
6.2244897959 0.0000000000
6.2285714286 0.0000000000
6.2326530612 0.0000000000
6.2367346939 0.0000000000
6.2408163265 0.0000000000
6.2448979592 0.0000000000
6.2489795918 0.0000000000
6.2530612245 0.0000000000
6.2571428571 0.0000000000
6.2612244898 0.0000000000
6.2653061224 0.0000000000
6.2693877551 0.0000000000
6.2734693878 0.0000000000
6.2775510204 0.0000000000
6.2816326531 0.0000000000
6.2857142857 0.0000000000
6.2897959184 0.0000000000
6.2938775510 0.0000000000
6.2979591837 3.4330189228
6.3020408163 13.9411544800
6.3061224490 31.4511661530
6.3102040816 56.6546249390
6.3142857143 66.3939132690
6.3183673469 76.9505996704
6.3224489796 88.8002624512
6.3265306122 86.0959167480
6.3306122449 82.7762145996
6.3346938776 91.2323303223
6.3387755102 92.1593017578
6.3428571429 105.7601623535
6.3469387755 95.4678649902
6.3510204082 77.9512481689
6.3551020408 62.0538024902
6.3591836735 48.8624877930
6.3632653061 34.3327522278
6.3673469388 20.0834884644
6.3714285714 6.4790844917
6.3755102041 0.0000000000
6.3795918367 0.0000000000
6.3836734694 0.0000000000
6.3877551020 0.0000000000
6.3918367347 0.0000000000
6.3959183673 0.0000000000
6.4000000000 0.0000000000
6.4040816327 0.0000000000
6.4081632653 0.0000000000
6.4122448980 0.0000000000
6.4163265306 0.0000000000
6.4204081633 0.0000000000
6.4244897959 0.0000000000
6.4285714286 0.0000000000
6.4326530612 0.0000000000
6.4367346939 0.0000000000
6.4408163265 0.0000000000
6.4448979592 0.0000000000
6.4489795918 0.0000000000
6.4530612245 0.0000000000
6.4571428571 0.0000000000
6.4612244898 0.0000000000
6.4653061224 0.0000000000
6.4693877551 0.0000000000
6.4734693878 0.0000000000
6.4775510204 0.0000000000
6.4816326531 0.0000000000
6.4857142857 0.0000000000
6.4897959184 0.0000000000
6.4938775510 0.0000000000
6.4979591837 0.0000000000
6.5020408163 0.0000000000
6.5061224490 0.0000000000
6.5102040816 0.0000000000
6.5142857143 0.0000000000
6.5183673469 0.0000000000
6.5224489796 0.0000000000
6.5265306122 0.0000000000
6.5306122449 1.2637748718
6.5346938776 0.0000000000
6.5387755102 16.4019832611
6.5428571429 33.3840866089
6.5469387755 49.4194793701
6.5510204082 55.7298049927
6.5551020408 52.1907806396
6.5591836735 54.2050170898
6.5632653061 55.3834991455
6.5673469388 48.2260665894
6.5714285714 40.0023384094
6.5755102041 31.6098098755
6.5795918367 22.3267059326
6.5836734694 14.9185657501
6.5877551020 5.3047237396
6.5918367347 0.0000000000
6.5959183673 0.0000000000
6.6000000000 0.0000000000
6.6040816327 0.0000000000
6.6081632653 0.0000000000
6.6122448980 0.0000000000
6.6163265306 0.0000000000
6.6204081633 0.0000000000
6.6244897959 0.0000000000
6.6285714286 0.0000000000
6.6326530612 0.0000000000
6.6367346939 0.0000000000
6.6408163265 0.0000000000
6.6448979592 0.0000000000
6.6489795918 0.0000000000
6.6530612245 0.0000000000
6.6571428571 0.0000000000
6.6612244898 0.0000000000
6.6653061224 0.0000000000
6.6693877551 0.0000000000
6.6734693878 0.0000000000
6.6775510204 0.0000000000
6.6816326531 1.4845430851
6.6857142857 8.6454753876
6.6897959184 16.7460441589
6.6938775510 37.8816146851
6.6979591837 81.8212890625
6.7020408163 90.8984222412
6.7061224490 89.3049087524
6.7102040816 75.7736740112
6.7142857143 76.1560211182
6.7183673469 71.7970733643
6.7224489796 61.8893508911
6.7265306122 51.4612045288
6.7306122449 40.2127037048
6.7346938776 22.2389850616
6.7387755102 2.1655559540
6.7428571429 0.0000000000
6.7469387755 0.0000000000
6.7510204082 0.0000000000
6.7551020408 0.0000000000
6.7591836735 0.0000000000
6.7632653061 0.0000000000
6.7673469388 0.0000000000
6.7714285714 0.0000000000
6.7755102041 0.0000000000
6.7795918367 0.0000000000
6.7836734694 0.0000000000
6.7877551020 0.0000000000
6.7918367347 0.0000000000
6.7959183673 0.0000000000
6.8000000000 0.0000000000
6.8040816327 0.0000000000
6.8081632653 0.0000000000
6.8122448980 0.0000000000
6.8163265306 0.0000000000
6.8204081633 0.0000000000
6.8244897959 0.0000000000
6.8285714286 0.0000000000
6.8326530612 0.0000000000
6.8367346939 0.0000000000
6.8408163265 0.0000000000
6.8448979592 0.0000000000
6.8489795918 0.0000000000
6.8530612245 0.0000000000
6.8571428571 0.0000000000
6.8612244898 0.0000000000
6.8653061224 0.0000000000
6.8693877551 0.0000000000
6.8734693878 0.0000000000
6.8775510204 0.0000000000
6.8816326531 0.0000000000
6.8857142857 0.0000000000
6.8897959184 0.0000000000
6.8938775510 1.2151002884
6.8979591837 15.9933862686
6.9020408163 30.6017913818
6.9061224490 72.1119384766
6.9102040816 97.6642913818
6.9142857143 135.1189575195
6.9183673469 146.0338897705
6.9224489796 131.1691589355
6.9265306122 107.8689117432
6.9306122449 86.7964477539
6.9346938776 68.0156250000
6.9387755102 56.5233459473
6.9428571429 46.1843338013
6.9469387755 37.0059432983
6.9510204082 26.2940864563
6.9551020408 16.5004539490
6.9591836735 2.6639699936
6.9632653061 0.0000000000
6.9673469388 0.0000000000
6.9714285714 0.0000000000
6.9755102041 0.0000000000
6.9795918367 0.0000000000
6.9836734694 0.0000000000
6.9877551020 0.0000000000
6.9918367347 0.0000000000
6.9959183673 0.0000000000
7.0000000000 0.0000000000
7.0040816327 0.0000000000
7.0081632653 0.0000000000
7.0122448980 0.0000000000
7.0163265306 0.0000000000
7.0204081633 0.0000000000
7.0244897959 0.0000000000
7.0285714286 0.0000000000
7.0326530612 0.0000000000
7.0367346939 0.0000000000
7.0408163265 0.0000000000
7.0448979592 0.0000000000
7.0489795918 0.0000000000
7.0530612245 0.0000000000
7.0571428571 3.4154653549
7.0612244898 18.0533218384
7.0653061224 36.7332382202
7.0693877551 46.9566612244
7.0734693878 55.0394058228
7.0775510204 64.6916656494
7.0816326531 68.3421630859
7.0857142857 69.8904724121
7.0897959184 62.9811172485
7.0938775510 56.3771133423
7.0979591837 55.6497955322
7.1020408163 58.7474975586
7.1061224490 57.0492744446
7.1102040816 48.8874931335
7.1142857143 38.6459808350
7.1183673469 26.6411304474
7.1224489796 17.3972244263
7.1265306122 9.0543775558
7.1306122449 0.6536990404
7.1346938776 0.0000000000
7.1387755102 0.0000000000
7.1428571429 0.0000000000
7.1469387755 0.0000000000
7.1510204082 0.0000000000
7.1551020408 0.0000000000
7.1591836735 0.0000000000
7.1632653061 0.0000000000
7.1673469388 0.0000000000
7.1714285714 0.0000000000
7.1755102041 0.0000000000
7.1795918367 0.0000000000
7.1836734694 0.8734166622
7.1877551020 0.0000000000
7.1918367347 0.0000000000
7.1959183673 0.0000000000
7.2000000000 0.0000000000
7.2040816327 0.0000000000
7.2081632653 0.0000000000
7.2122448980 0.0000000000
7.2163265306 0.0000000000
7.2204081633 0.0000000000
7.2244897959 0.0000000000
7.2285714286 0.0000000000
7.2326530612 0.0000000000
7.2367346939 0.0000000000
7.2408163265 0.0000000000
7.2448979592 0.4052519798
7.2489795918 0.0000000000
7.2530612245 0.0000000000
7.2571428571 0.0000000000
7.2612244898 0.0000000000
7.2653061224 0.0000000000
7.2693877551 0.0000000000
7.2734693878 0.0000000000
7.2775510204 0.0000000000
7.2816326531 0.0000000000
7.2857142857 0.0000000000
7.2897959184 0.0000000000
7.2938775510 12.0999813080
7.2979591837 17.9030895233
7.3020408163 23.9123115540
7.3061224490 32.5789489746
7.3102040816 38.8991088867
7.3142857143 41.3300933838
7.3183673469 31.0652046204
7.3224489796 12.3692150116
7.3265306122 4.4595503807
7.3306122449 0.0000000000
7.3346938776 0.0000000000
7.3387755102 0.0000000000
7.3428571429 0.0000000000
7.3469387755 0.0000000000
7.3510204082 0.0000000000
7.3551020408 0.0000000000
7.3591836735 0.0000000000
7.3632653061 0.0000000000
7.3673469388 0.0000000000
7.3714285714 0.0000000000
7.3755102041 0.0000000000
7.3795918367 0.0000000000
7.3836734694 0.0000000000
7.3877551020 0.0000000000
7.3918367347 0.0000000000
7.3959183673 0.0000000000
7.4000000000 0.0000000000
7.4040816327 0.0000000000
7.4081632653 16.7706317902
7.4122448980 36.7946472168
7.4163265306 51.5285110474
7.4204081633 62.8384933472
7.4244897959 71.4623718262
7.4285714286 70.3494186401
7.4326530612 63.2534637451
7.4367346939 58.9389877319
7.4408163265 50.3734893799
7.4448979592 39.7572746277
7.4489795918 25.9767551422
7.4530612245 14.8902835846
7.4571428571 19.5866813660
7.4612244898 27.6119117737
7.4653061224 34.6542282104
7.4693877551 43.8962554932
7.4734693878 62.0717391968
7.4775510204 66.3447265625
7.4816326531 70.3615570068
7.4857142857 69.4954986572
7.4897959184 62.2649612427
7.4938775510 49.2425842285
7.4979591837 32.5088806152
7.5020408163 17.3273391724
7.5061224490 1.7381310463
7.5102040816 0.0000000000
7.5142857143 0.0000000000
7.5183673469 0.0000000000
7.5224489796 0.0000000000
7.5265306122 0.0000000000
7.5306122449 0.0000000000
7.5346938776 0.0000000000
7.5387755102 0.0000000000
7.5428571429 0.0000000000
7.5469387755 0.0000000000
7.5510204082 0.0000000000
7.5551020408 0.0000000000
7.5591836735 0.0000000000
7.5632653061 0.0000000000
7.5673469388 0.0000000000
7.5714285714 0.0000000000
7.5755102041 0.0000000000
7.5795918367 0.0000000000
7.5836734694 0.0000000000
7.5877551020 0.0000000000
7.5918367347 0.0000000000
7.5959183673 0.0000000000
7.6000000000 0.0000000000
7.6040816327 0.0000000000
7.6081632653 0.0000000000
7.6122448980 0.0000000000
7.6163265306 0.0000000000
7.6204081633 0.0000000000
7.6244897959 0.0000000000
7.6285714286 0.0000000000
7.6326530612 0.0000000000
7.6367346939 0.0000000000
7.6408163265 0.0000000000
7.6448979592 0.0000000000
7.6489795918 0.0000000000
7.6530612245 0.0000000000
7.6571428571 0.0000000000
7.6612244898 0.0000000000
7.6653061224 0.0000000000
7.6693877551 0.0000000000
7.6734693878 0.3435611725
7.6775510204 0.3061741590
7.6816326531 0.0000000000
7.6857142857 0.0000000000
7.6897959184 0.0000000000
7.6938775510 0.0000000000
7.6979591837 0.0000000000
7.7020408163 0.0000000000
7.7061224490 0.0000000000
7.7102040816 0.0000000000
7.7142857143 0.0000000000
7.7183673469 0.0000000000
7.7224489796 0.0000000000
7.7265306122 0.0000000000
7.7306122449 0.0000000000
7.7346938776 0.0000000000
7.7387755102 0.0000000000
7.7428571429 0.0000000000
7.7469387755 0.0000000000
7.7510204082 2.9994249344
7.7551020408 3.4446716309
7.7591836735 11.4248399734
7.7632653061 16.7540912628
7.7673469388 13.2651624680
7.7714285714 10.0549459457
7.7755102041 9.6959476471
7.7795918367 7.6427459717
7.7836734694 0.5813241005
7.7877551020 0.0000000000
7.7918367347 0.0000000000
7.7959183673 0.0000000000
7.8000000000 0.0000000000
7.8040816327 8.4453678131
7.8081632653 32.6929397583
7.8122448980 47.0105133057
7.8163265306 74.1446914673
7.8204081633 95.0069580078
7.8244897959 102.4483184814
7.8285714286 110.2717514038
7.8326530612 118.8861694336
7.8367346939 114.9962539673
7.8408163265 98.5162200928
7.8448979592 91.2797698975
7.8489795918 67.5767059326
7.8530612245 44.9434509277
7.8571428571 25.5398750305
7.8612244898 9.2909927368
7.8653061224 3.6939978600
7.8693877551 0.0000000000
7.8734693878 0.0000000000
7.8775510204 0.0000000000
7.8816326531 0.0000000000
7.8857142857 0.0000000000
7.8897959184 0.0000000000
7.8938775510 0.0000000000
7.8979591837 0.0000000000
7.9020408163 0.0000000000
7.9061224490 0.0000000000
7.9102040816 0.0000000000
7.9142857143 0.0000000000
7.9183673469 0.0000000000
7.9224489796 0.0000000000
7.9265306122 0.0000000000
7.9306122449 0.0000000000
7.9346938776 0.0000000000
7.9387755102 0.0000000000
7.9428571429 0.0000000000
7.9469387755 0.0000000000
7.9510204082 0.0000000000
7.9551020408 0.0000000000
7.9591836735 0.0000000000
7.9632653061 0.0000000000
7.9673469388 0.0000000000
7.9714285714 0.0000000000
7.9755102041 0.0000000000
7.9795918367 0.0000000000
7.9836734694 0.0000000000
7.9877551020 0.0000000000
7.9918367347 0.0000000000
7.9959183673 0.0000000000
8.0000000000 0.0000000000
8.0040816327 0.0000000000
8.0081632653 0.0000000000
8.0122448980 1.0475516319
8.0163265306 9.2766876221
8.0204081633 22.6558303833
8.0244897959 32.1385421753
8.0285714286 34.8038101196
8.0326530612 38.6084938049
8.0367346939 33.7399787903
8.0408163265 22.6148147583
8.0448979592 9.4476861954
8.0489795918 0.4624128342
8.0530612245 0.0000000000
8.0571428571 0.0000000000
8.0612244898 0.0000000000
8.0653061224 0.0000000000
8.0693877551 0.0000000000
8.0734693878 0.0000000000
8.0775510204 0.0000000000
8.0816326531 0.0000000000
8.0857142857 0.0000000000
8.0897959184 0.0000000000
8.0938775510 0.0000000000
8.0979591837 0.0000000000
8.1020408163 0.0000000000
8.1061224490 0.0000000000
8.1102040816 0.0000000000
8.1142857143 0.0000000000
8.1183673469 0.0000000000
8.1224489796 0.0000000000
8.1265306122 0.0000000000
8.1306122449 0.0000000000
8.1346938776 0.0000000000
8.1387755102 0.0000000000
8.1428571429 0.0000000000
8.1469387755 0.0000000000
8.1510204082 0.0000000000
8.1551020408 0.0000000000
8.1591836735 0.0000000000
8.1632653061 21.0093193054
8.1673469388 68.6590576172
8.1714285714 130.3734741211
8.1755102041 176.2552795410
8.1795918367 173.4827423096
8.1836734694 175.2212677002
8.1877551020 170.9155731201
8.1918367347 154.2012634277
8.1959183673 133.6918487549
8.2000000000 106.1806106567
8.2040816327 82.7698364258
8.2081632653 66.1638107300
8.2122448980 52.0721969604
8.2163265306 45.0496520996
8.2204081633 29.7925796509
8.2244897959 12.2209787369
8.2285714286 3.9729216099
8.2326530612 0.2660639584
8.2367346939 5.0859451294
8.2408163265 12.0406150818
8.2448979592 12.5730857849
8.2489795918 10.1774816513
8.2530612245 10.4943513870
8.2571428571 10.2616729736
8.2612244898 7.6931715012
8.2653061224 5.7814717293
8.2693877551 2.6230514050
8.2734693878 0.2699494362
8.2775510204 0.0000000000
8.2816326531 0.0000000000
8.2857142857 0.0000000000
8.2897959184 0.0000000000
8.2938775510 0.0000000000
8.2979591837 0.0000000000
8.3020408163 0.0000000000
8.3061224490 0.0000000000
8.3102040816 0.0000000000
8.3142857143 0.0000000000
8.3183673469 0.0000000000
8.3224489796 0.0000000000
8.3265306122 0.0000000000
8.3306122449 0.0000000000
8.3346938776 0.0000000000
8.3387755102 0.0000000000
8.3428571429 0.0000000000
8.3469387755 0.0000000000
8.3510204082 0.0000000000
8.3551020408 0.0000000000
8.3591836735 0.0000000000
8.3632653061 0.0000000000
8.3673469388 0.0000000000
8.3714285714 0.0000000000
8.3755102041 0.0000000000
8.3795918367 0.0000000000
8.3836734694 0.0000000000
8.3877551020 0.0000000000
8.3918367347 0.0000000000
8.3959183673 0.0000000000
8.4000000000 13.2476243973
8.4040816327 12.6565694809
8.4081632653 8.8964099884
8.4122448980 6.9986076355
8.4163265306 10.9292221069
8.4204081633 16.8792152405
8.4244897959 25.2469291687
8.4285714286 36.0131835938
8.4326530612 37.3847503662
8.4367346939 33.2495803833
8.4408163265 17.8626785278
8.4448979592 1.8105506897
8.4489795918 0.0000000000
8.4530612245 0.0000000000
8.4571428571 0.0000000000
8.4612244898 0.0000000000
8.4653061224 0.0000000000
8.4693877551 0.0000000000
8.4734693878 0.0000000000
8.4775510204 0.0000000000
8.4816326531 0.0000000000
8.4857142857 0.0000000000
8.4897959184 0.0000000000
8.4938775510 0.0000000000
8.4979591837 0.0000000000
8.5020408163 0.0000000000
8.5061224490 0.0000000000
8.5102040816 0.0000000000
8.5142857143 0.0000000000
8.5183673469 0.0000000000
8.5224489796 0.0000000000
8.5265306122 0.0000000000
8.5306122449 0.0000000000
8.5346938776 0.0000000000
8.5387755102 0.0000000000
8.5428571429 15.8864116669
8.5469387755 81.5168151855
8.5510204082 146.6041564941
8.5551020408 205.7468261719
8.5591836735 199.9425964355
8.5632653061 172.0519714355
8.5673469388 139.2542724609
8.5714285714 105.4140930176
8.5755102041 82.0872192383
8.5795918367 73.5302581787
8.5836734694 53.1999473572
8.5877551020 30.4325809479
8.5918367347 10.0057716370
8.5959183673 0.0000000000
8.6000000000 0.0000000000
8.6040816327 0.0000000000
8.6081632653 0.0000000000
8.6122448980 0.0000000000
8.6163265306 0.0000000000
8.6204081633 0.0000000000
8.6244897959 0.0000000000
8.6285714286 0.0000000000
8.6326530612 0.0000000000
8.6367346939 0.0000000000
8.6408163265 0.0000000000
8.6448979592 0.0000000000
8.6489795918 0.0000000000
8.6530612245 0.0000000000
8.6571428571 0.0000000000
8.6612244898 0.0000000000
8.6653061224 0.0000000000
8.6693877551 0.0000000000
8.6734693878 0.2469420433
8.6775510204 7.6027212143
8.6816326531 19.8069801331
8.6857142857 17.2894592285
8.6897959184 14.1287145615
8.6938775510 5.4542121887
8.6979591837 0.0000000000
8.7020408163 0.0000000000
8.7061224490 0.0000000000
8.7102040816 0.0000000000
8.7142857143 0.0000000000
8.7183673469 0.0000000000
8.7224489796 0.0000000000
8.7265306122 0.0000000000
8.7306122449 0.0000000000
8.7346938776 0.0000000000
8.7387755102 0.0000000000
8.7428571429 0.0000000000
8.7469387755 7.2724819183
8.7510204082 15.5227184296
8.7551020408 29.6823692322
8.7591836735 37.4899520874
8.7632653061 57.9294586182
8.7673469388 65.3983383179
8.7714285714 44.7991790771
8.7755102041 49.3728942871
8.7795918367 54.7191505432
8.7836734694 50.9638557434
8.7877551020 37.6296615601
8.7918367347 28.0504302979
8.7959183673 13.1778268814
8.8000000000 4.1625499725
8.8040816327 0.7380545139
8.8081632653 0.0000000000
8.8122448980 0.0000000000
8.8163265306 0.0000000000
8.8204081633 0.0000000000
8.8244897959 0.0000000000
8.8285714286 0.0000000000
8.8326530612 0.0000000000
8.8367346939 0.0000000000
8.8408163265 0.0000000000
8.8448979592 2.0266027451
8.8489795918 2.2452621460
8.8530612245 0.0281333923
8.8571428571 2.4706721306
8.8612244898 2.8510689735
8.8653061224 0.8072257042
8.8693877551 1.9600987434
8.8734693878 0.6421804428
8.8775510204 0.0000000000
8.8816326531 0.0000000000
8.8857142857 0.0000000000
8.8897959184 0.0000000000
8.8938775510 0.0000000000
8.8979591837 0.0000000000
8.9020408163 0.0000000000
8.9061224490 0.0000000000
8.9102040816 0.0000000000
8.9142857143 0.0000000000
8.9183673469 0.0000000000
8.9224489796 0.0000000000
8.9265306122 0.0000000000
8.9306122449 0.0000000000
8.9346938776 0.0000000000
8.9387755102 0.0000000000
8.9428571429 1.8763542175
8.9469387755 7.7178478241
8.9510204082 17.8083381653
8.9551020408 20.8812255859
8.9591836735 7.6526165009
8.9632653061 2.1882188320
8.9673469388 0.0000000000
8.9714285714 4.1822195053
8.9755102041 0.0000000000
8.9795918367 1.5536732674
8.9836734694 5.1505193710
8.9877551020 4.0024967194
8.9918367347 7.8503746986
8.9959183673 5.9734025002
9.0000000000 4.2447075844
9.0040816327 3.2462029457
9.0081632653 0.0000000000
9.0122448980 0.0000000000
9.0163265306 0.0000000000
9.0204081633 0.0000000000
9.0244897959 0.0000000000
9.0285714286 0.0000000000
9.0326530612 2.0442008972
9.0367346939 10.6724500656
9.0408163265 15.9351825714
9.0448979592 20.5256042480
9.0489795918 25.1693420410
9.0530612245 34.7926712036
9.0571428571 37.3056831360
9.0612244898 30.8953208923
9.0653061224 23.0394611359
9.0693877551 14.2248859406
9.0734693878 7.6363086700
9.0775510204 2.9246211052
9.0816326531 0.0000000000
9.0857142857 0.0000000000
9.0897959184 0.0000000000
9.0938775510 0.0000000000
9.0979591837 0.0000000000
9.1020408163 0.0000000000
9.1061224490 0.0000000000
9.1102040816 0.0000000000
9.1142857143 0.1323223114
9.1183673469 3.4260749817
9.1224489796 6.9128274918
9.1265306122 10.0696382523
9.1306122449 33.2768249512
9.1346938776 90.8167572021
9.1387755102 110.5135040283
9.1428571429 117.4000091553
9.1469387755 102.7555541992
9.1510204082 73.8736419678
9.1551020408 53.5433578491
9.1591836735 51.1110725403
9.1632653061 45.8214302063
9.1673469388 34.5068588257
9.1714285714 29.9181785583
9.1755102041 15.3101978302
9.1795918367 5.9791803360
9.1836734694 1.7896890640
9.1877551020 0.0000000000
9.1918367347 0.0000000000
9.1959183673 0.0000000000
9.2000000000 0.0000000000
9.2040816327 0.0000000000
9.2081632653 0.0000000000
9.2122448980 0.0000000000
9.2163265306 0.0000000000
9.2204081633 0.0000000000
9.2244897959 0.0000000000
9.2285714286 0.0000000000
9.2326530612 0.0000000000
9.2367346939 0.0000000000
9.2408163265 0.0000000000
9.2448979592 0.0000000000
9.2489795918 0.0000000000
9.2530612245 1.5233755112
9.2571428571 2.1401047707
9.2612244898 1.8693357706
9.2653061224 1.1782646179
9.2693877551 0.0000000000
9.2734693878 0.0000000000
9.2775510204 0.0000000000
9.2816326531 0.0000000000
9.2857142857 0.0000000000
9.2897959184 0.0000000000
9.2938775510 0.0000000000
9.2979591837 1.9993484020
9.3020408163 9.9857006073
9.3061224490 28.7870445251
9.3102040816 39.0620384216
9.3142857143 46.0732574463
9.3183673469 49.8018264771
9.3224489796 57.7234039307
9.3265306122 64.2179870605
9.3306122449 61.8456573486
9.3346938776 45.8173370361
9.3387755102 25.9233627319
9.3428571429 5.7166814804
9.3469387755 0.0000000000
9.3510204082 0.0000000000
9.3551020408 0.0000000000
9.3591836735 0.0000000000
9.3632653061 0.0000000000
9.3673469388 0.0000000000
9.3714285714 0.0000000000
9.3755102041 0.0000000000
9.3795918367 0.0000000000
9.3836734694 0.0000000000
9.3877551020 0.0000000000
9.3918367347 0.0000000000
9.3959183673 0.0000000000
9.4000000000 0.0000000000
9.4040816327 0.0000000000
9.4081632653 0.0000000000
9.4122448980 0.0000000000
9.4163265306 0.0000000000
9.4204081633 0.0000000000
9.4244897959 0.0000000000
9.4285714286 0.0000000000
9.4326530612 0.0000000000
9.4367346939 0.0000000000
9.4408163265 0.0000000000
9.4448979592 0.0000000000
9.4489795918 0.0000000000
9.4530612245 0.0000000000
9.4571428571 0.0000000000
9.4612244898 0.0000000000
9.4653061224 0.0000000000
9.4693877551 0.0000000000
9.4734693878 0.0000000000
9.4775510204 0.0000000000
9.4816326531 0.0000000000
9.4857142857 0.0000000000
9.4897959184 0.0000000000
9.4938775510 0.0000000000
9.4979591837 0.0000000000
9.5020408163 0.0000000000
9.5061224490 0.0000000000
9.5102040816 0.0000000000
9.5142857143 0.0000000000
9.5183673469 0.0000000000
9.5224489796 0.0000000000
9.5265306122 0.0000000000
9.5306122449 19.8045673370
9.5346938776 26.8288173676
9.5387755102 28.7045745850
9.5428571429 24.8549137115
9.5469387755 18.3460998535
9.5510204082 13.4785957336
9.5551020408 0.5505979061
9.5591836735 1.7545819283
9.5632653061 0.0000000000
9.5673469388 0.0000000000
9.5714285714 0.0000000000
9.5755102041 0.0000000000
9.5795918367 0.0000000000
9.5836734694 0.0000000000
9.5877551020 0.0000000000
9.5918367347 0.0000000000
9.5959183673 2.0589232445
9.6000000000 11.6203126907
9.6040816327 3.3914744854
9.6081632653 3.0650496483
9.6122448980 2.4321079254
9.6163265306 3.2920837402
9.6204081633 0.0000000000
9.6244897959 0.0000000000
9.6285714286 0.0000000000
9.6326530612 0.0000000000
9.6367346939 0.0000000000
9.6408163265 0.0000000000
9.6448979592 0.0000000000
9.6489795918 0.0000000000
9.6530612245 0.0000000000
9.6571428571 0.0000000000
9.6612244898 0.0000000000
9.6653061224 0.0000000000
9.6693877551 43.8869590759
9.6734693878 116.5119400024
9.6775510204 166.7020568848
9.6816326531 177.1873474121
9.6857142857 166.6568603516
9.6897959184 161.8273010254
9.6938775510 162.2444000244
9.6979591837 137.6428833008
9.7020408163 119.6908950806
9.7061224490 99.9909667969
9.7102040816 77.3645172119
9.7142857143 56.7903594971
9.7183673469 37.0233497620
9.7224489796 15.0127410889
9.7265306122 3.6287307739
9.7306122449 0.0000000000
9.7346938776 0.0000000000
9.7387755102 0.0000000000
9.7428571429 0.0000000000
9.7469387755 0.0000000000
9.7510204082 0.0000000000
9.7551020408 0.0000000000
9.7591836735 0.0000000000
9.7632653061 11.8064880371
9.7673469388 2.9058456421
9.7714285714 0.0000000000
9.7755102041 0.0000000000
9.7795918367 0.0000000000
9.7836734694 0.0000000000
9.7877551020 0.0000000000
9.7918367347 0.0000000000
9.7959183673 0.0000000000
9.8000000000 0.0000000000
9.8040816327 0.0000000000
9.8081632653 0.0000000000
9.8122448980 0.0000000000
9.8163265306 0.0000000000
9.8204081633 0.0000000000
9.8244897959 0.0000000000
9.8285714286 0.0000000000
9.8326530612 0.0000000000
9.8367346939 0.0000000000
9.8408163265 0.0000000000
9.8448979592 0.0000000000
9.8489795918 0.0000000000
9.8530612245 0.0000000000
9.8571428571 0.0000000000
9.8612244898 0.0000000000
9.8653061224 0.0000000000
9.8693877551 0.0000000000
9.8734693878 0.0000000000
9.8775510204 8.0044565201
9.8816326531 18.5651035309
9.8857142857 20.5162582397
9.8897959184 19.2865257263
9.8938775510 21.8349189758
9.8979591837 23.9237785339
9.9020408163 21.9668235779
9.9061224490 12.0248947144
9.9102040816 9.5046157837
9.9142857143 6.4033493996
9.9183673469 12.1408481598
9.9224489796 26.8732814789
9.9265306122 23.3300018311
9.9306122449 23.3670177460
9.9346938776 34.1294097900
9.9387755102 35.2633285522
9.9428571429 26.0010356903
9.9469387755 18.3855285645
9.9510204082 10.6650590897
9.9551020408 0.0000000000
9.9591836735 0.0000000000
9.9632653061 0.0000000000
9.9673469388 0.0000000000
9.9714285714 0.0000000000
9.9755102041 0.0000000000
9.9795918367 0.0000000000
9.9836734694 0.0000000000
9.9877551020 0.0000000000
9.9918367347 0.0000000000
9.9959183673 0.0000000000
10.0000000000 0.0000000000
10.0040816327 0.0000000000
10.0081632653 0.0000000000
10.0122448980 0.0000000000
10.0163265306 0.0000000000
10.0204081633 0.0000000000
10.0244897959 0.0000000000
10.0285714286 0.0000000000
10.0326530612 0.0000000000
10.0367346939 0.0000000000
10.0408163265 0.0000000000
10.0448979592 0.0000000000
10.0489795918 0.0000000000
10.0530612245 13.1517648697
10.0571428571 25.6108055115
10.0612244898 52.3010482788
10.0653061224 116.5603408813
10.0693877551 166.8308715820
10.0734693878 172.7955322266
10.0775510204 161.9746246338
10.0816326531 147.2319488525
10.0857142857 126.3743362427
10.0897959184 103.5323791504
10.0938775510 79.6173782349
10.0979591837 64.1249389648
10.1020408163 46.4155349731
10.1061224490 32.6838188171
10.1102040816 14.0309925079
10.1142857143 0.1009702682
10.1183673469 0.0000000000
10.1224489796 0.0000000000
10.1265306122 0.0000000000
10.1306122449 0.0000000000
10.1346938776 0.0000000000
10.1387755102 0.0000000000
10.1428571429 0.0000000000
10.1469387755 0.0000000000
10.1510204082 0.0000000000
10.1551020408 0.0000000000
10.1591836735 0.0000000000
10.1632653061 0.0000000000
10.1673469388 0.0000000000
10.1714285714 0.0000000000
10.1755102041 0.0000000000
10.1795918367 0.0000000000
10.1836734694 0.0000000000
10.1877551020 0.0000000000
10.1918367347 0.0000000000
10.1959183673 0.0000000000
10.2000000000 0.0000000000
10.2040816327 0.0000000000
10.2081632653 0.0000000000
10.2122448980 0.0000000000
10.2163265306 0.0000000000
10.2204081633 0.0000000000
10.2244897959 0.0000000000
10.2285714286 0.0000000000
10.2326530612 0.0000000000
10.2367346939 0.0000000000
10.2408163265 0.0000000000
10.2448979592 0.0000000000
10.2489795918 0.0000000000
10.2530612245 0.0000000000
10.2571428571 7.5267219543
10.2612244898 28.1141395569
10.2653061224 42.1625976562
10.2693877551 64.0656585693
10.2734693878 73.0221939087
10.2775510204 85.9981002808
10.2816326531 90.1760177612
10.2857142857 80.5119857788
10.2897959184 82.1850891113
10.2938775510 78.4700622559
10.2979591837 65.6839904785
10.3020408163 52.0659675598
10.3061224490 36.6076545715
10.3102040816 22.8103351593
10.3142857143 16.3620452881
10.3183673469 9.5016822815
10.3224489796 10.3714466095
10.3265306122 0.0000000000
10.3306122449 0.0000000000
10.3346938776 0.0000000000
10.3387755102 0.0000000000
10.3428571429 0.0000000000
10.3469387755 0.0000000000
10.3510204082 0.0000000000
10.3551020408 0.0000000000
10.3591836735 0.0000000000
10.3632653061 0.0000000000
10.3673469388 0.0000000000
10.3714285714 0.0000000000
10.3755102041 0.0000000000
10.3795918367 0.0000000000
10.3836734694 0.0000000000
10.3877551020 0.0000000000
10.3918367347 0.0000000000
10.3959183673 0.0000000000
10.4000000000 0.0000000000
10.4040816327 0.0000000000
10.4081632653 0.0000000000
10.4122448980 0.0000000000
10.4163265306 0.0000000000
10.4204081633 0.0088810921
10.4244897959 0.0000000000
10.4285714286 0.0000000000
10.4326530612 1.3511283398
10.4367346939 40.0895156860
10.4408163265 58.0107727051
10.4448979592 90.9976043701
10.4489795918 90.8080368042
10.4530612245 79.3358383179
10.4571428571 64.3570709229
10.4612244898 47.4171066284
10.4653061224 34.8099174500
10.4693877551 15.4814720154
10.4734693878 3.9525480270
10.4775510204 1.2104213238
10.4816326531 0.0000000000
10.4857142857 0.0000000000
10.4897959184 0.0000000000
10.4938775510 0.0000000000
10.4979591837 0.0000000000
10.5020408163 0.0000000000
10.5061224490 0.0000000000
10.5102040816 0.0000000000
10.5142857143 0.0000000000
10.5183673469 0.0000000000
10.5224489796 0.0000000000
10.5265306122 0.0000000000
10.5306122449 0.0000000000
10.5346938776 0.0000000000
10.5387755102 0.0000000000
10.5428571429 0.0000000000
10.5469387755 0.0000000000
10.5510204082 0.0000000000
10.5551020408 0.0000000000
10.5591836735 0.0000000000
10.5632653061 0.0000000000
10.5673469388 0.0000000000
10.5714285714 0.0000000000
10.5755102041 0.0000000000
10.5795918367 0.0000000000
10.5836734694 0.0000000000
10.5877551020 0.0000000000
10.5918367347 0.0000000000
10.5959183673 0.0000000000
10.6000000000 0.0000000000
10.6040816327 0.0000000000
10.6081632653 0.0000000000
10.6122448980 0.0000000000
10.6163265306 0.0000000000
10.6204081633 0.0000000000
10.6244897959 0.0000000000
10.6285714286 0.1125931740
10.6326530612 6.3918228149
10.6367346939 45.7557868958
10.6408163265 78.7370376587
10.6448979592 122.2847976685
10.6489795918 130.5741271973
10.6530612245 117.7516174316
10.6571428571 111.9977264404
10.6612244898 98.2730331421
10.6653061224 83.0926971436
10.6693877551 66.3733520508
10.6734693878 50.4146804810
10.6775510204 33.5172424316
10.6816326531 18.5946521759
10.6857142857 1.5650689602
10.6897959184 0.0000000000
10.6938775510 0.0000000000
10.6979591837 0.0000000000
10.7020408163 0.0000000000
10.7061224490 0.0000000000
10.7102040816 0.0000000000
10.7142857143 0.0000000000
10.7183673469 4.6421289444
10.7224489796 8.4657821655
10.7265306122 3.9803981781
10.7306122449 1.3197660446
10.7346938776 0.0000000000
10.7387755102 0.0000000000
10.7428571429 0.0000000000
10.7469387755 0.0000000000
10.7510204082 0.0000000000
10.7551020408 0.0000000000
10.7591836735 0.0000000000
10.7632653061 0.0000000000
10.7673469388 0.0000000000
10.7714285714 0.0000000000
10.7755102041 0.0000000000
10.7795918367 0.0000000000
10.7836734694 0.0000000000
10.7877551020 0.0000000000
10.7918367347 0.0000000000
10.7959183673 0.0000000000
10.8000000000 14.7956609726
10.8040816327 54.1785049438
10.8081632653 103.6927642822
10.8122448980 110.8337554932
10.8163265306 104.5347442627
10.8204081633 98.2988739014
10.8244897959 98.9951477051
10.8285714286 84.8326110840
10.8326530612 66.3829498291
10.8367346939 52.4181137085
10.8408163265 42.5752983093
10.8448979592 30.9526329041
10.8489795918 17.2520866394
10.8530612245 5.5662689209
10.8571428571 2.5390088558
10.8612244898 1.9580125809
10.8653061224 0.0000000000
10.8693877551 0.0000000000
10.8734693878 0.0000000000
10.8775510204 0.0000000000
10.8816326531 0.0000000000
10.8857142857 0.0000000000
10.8897959184 0.0000000000
10.8938775510 0.0000000000
10.8979591837 0.0000000000
10.9020408163 0.0000000000
10.9061224490 0.0000000000
10.9102040816 0.0000000000
10.9142857143 0.0000000000
10.9183673469 0.0000000000
10.9224489796 0.0000000000
10.9265306122 0.0000000000
10.9306122449 0.0000000000
10.9346938776 0.0000000000
10.9387755102 0.0000000000
10.9428571429 0.0000000000
10.9469387755 0.0000000000
10.9510204082 0.0000000000
10.9551020408 0.0000000000
10.9591836735 0.0000000000
10.9632653061 0.0000000000
10.9673469388 0.0000000000
10.9714285714 0.0000000000
10.9755102041 0.0000000000
10.9795918367 0.0000000000
10.9836734694 0.0000000000
10.9877551020 0.0000000000
10.9918367347 0.0000000000
10.9959183673 0.0000000000
11.0000000000 0.0000000000
11.0040816327 0.0000000000
11.0081632653 0.0000000000
11.0122448980 0.0000000000
11.0163265306 0.0000000000
11.0204081633 0.0000000000
11.0244897959 7.9624652863
11.0285714286 27.6741371155
11.0326530612 48.0470657349
11.0367346939 65.6899795532
11.0408163265 74.4463806152
11.0448979592 73.5456390381
11.0489795918 60.2128372192
11.0530612245 44.7642822266
11.0571428571 24.9580154419
11.0612244898 7.0417523384
11.0653061224 0.0000000000
11.0693877551 0.0000000000
11.0734693878 0.0000000000
11.0775510204 0.0000000000
11.0816326531 0.0000000000
11.0857142857 0.0000000000
11.0897959184 0.0000000000
11.0938775510 0.0000000000
11.0979591837 0.0000000000
11.1020408163 0.0000000000
11.1061224490 0.0000000000
11.1102040816 0.0000000000
11.1142857143 0.0000000000
11.1183673469 0.0000000000
11.1224489796 0.0000000000
11.1265306122 0.0000000000
11.1306122449 0.0000000000
11.1346938776 0.0000000000
11.1387755102 0.0000000000
11.1428571429 0.0000000000
11.1469387755 0.0000000000
11.1510204082 0.0000000000
11.1551020408 0.0000000000
11.1591836735 0.0000000000
11.1632653061 23.0597457886
11.1673469388 62.7818222046
11.1714285714 84.3134384155
11.1755102041 102.9885864258
11.1795918367 133.1250305176
11.1836734694 138.7113037109
11.1877551020 126.3666915894
11.1918367347 121.6786499023
11.1959183673 106.5787048340
11.2000000000 89.0673370361
11.2040816327 67.6379241943
11.2081632653 52.0573272705
11.2122448980 40.5647735596
11.2163265306 29.8362007141
11.2204081633 22.3721122742
11.2244897959 17.1367683411
11.2285714286 8.3465576172
11.2326530612 2.9516220093
11.2367346939 0.0000000000
11.2408163265 0.0000000000
11.2448979592 0.0000000000
11.2489795918 7.8992843628
11.2530612245 6.7496299744
11.2571428571 3.7599802017
11.2612244898 2.4374723434
11.2653061224 6.2342286110
11.2693877551 3.9215981960
11.2734693878 2.3400783539
11.2775510204 0.7574260235
11.2816326531 0.0000000000
11.2857142857 0.0000000000
11.2897959184 0.0000000000
11.2938775510 0.0000000000
11.2979591837 0.0000000000
11.3020408163 0.0000000000
11.3061224490 0.0000000000
11.3102040816 0.0000000000
11.3142857143 0.0000000000
11.3183673469 0.0000000000
11.3224489796 0.0000000000
11.3265306122 0.0000000000
11.3306122449 0.0000000000
11.3346938776 0.0000000000
11.3387755102 0.0000000000
11.3428571429 0.0000000000
11.3469387755 0.0000000000
11.3510204082 0.0000000000
11.3551020408 0.0000000000
11.3591836735 0.0000000000
11.3632653061 0.0000000000
11.3673469388 0.0000000000
11.3714285714 0.0000000000
11.3755102041 0.0000000000
11.3795918367 0.0000000000
11.3836734694 0.0000000000
11.3877551020 0.0000000000
11.3918367347 0.0000000000
11.3959183673 7.6650977135
11.4000000000 1.1210143566
11.4040816327 0.5319118500
11.4081632653 0.0000000000
11.4122448980 0.0000000000
11.4163265306 0.0000000000
11.4204081633 2.5794506073
11.4244897959 8.5297822952
11.4285714286 11.7535591125
11.4326530612 11.8979215622
11.4367346939 9.3797445297
11.4408163265 5.3142309189
11.4448979592 0.3188252449
11.4489795918 0.0000000000
11.4530612245 0.0000000000
11.4571428571 0.0000000000
11.4612244898 0.0000000000
11.4653061224 0.0000000000
11.4693877551 0.0000000000
11.4734693878 0.0000000000
11.4775510204 0.0000000000
11.4816326531 0.0000000000
11.4857142857 0.0000000000
11.4897959184 0.0000000000
11.4938775510 0.0000000000
11.4979591837 0.0000000000
11.5020408163 0.0000000000
11.5061224490 0.0000000000
11.5102040816 0.0000000000
11.5142857143 0.0000000000
11.5183673469 0.0000000000
11.5224489796 1.0289549828
11.5265306122 7.1514844894
11.5306122449 16.4347000122
11.5346938776 12.9849910736
11.5387755102 2.2170245647
11.5428571429 9.9698896408
11.5469387755 17.3332691193
11.5510204082 29.2232627869
11.5551020408 39.8433952332
11.5591836735 44.6249084473
11.5632653061 48.8276481628
11.5673469388 56.5053367615
11.5714285714 60.6996002197
11.5755102041 55.5660209656
11.5795918367 47.4404296875
11.5836734694 37.6203956604
11.5877551020 31.6306648254
11.5918367347 46.2860908508
11.5959183673 71.3070449829
11.6000000000 86.1411132812
11.6040816327 76.7061767578
11.6081632653 62.8588523865
11.6122448980 55.2667961121
11.6163265306 47.8239059448
11.6204081633 41.2576217651
11.6244897959 33.9306602478
11.6285714286 24.5591697693
11.6326530612 11.1048812866
11.6367346939 0.0000000000
11.6408163265 0.0000000000
11.6448979592 0.0000000000
11.6489795918 0.0000000000
11.6530612245 0.0000000000
11.6571428571 0.0000000000
11.6612244898 0.0000000000
11.6653061224 0.0000000000
11.6693877551 0.0000000000
11.6734693878 0.0000000000
11.6775510204 0.0000000000
11.6816326531 0.0000000000
11.6857142857 0.0000000000
11.6897959184 0.0000000000
11.6938775510 0.0000000000
11.6979591837 0.0000000000
11.7020408163 0.0000000000
11.7061224490 0.0000000000
11.7102040816 0.0000000000
11.7142857143 0.0000000000
11.7183673469 0.0000000000
11.7224489796 0.0000000000
11.7265306122 0.0000000000
11.7306122449 0.0000000000
11.7346938776 0.0000000000
11.7387755102 0.0000000000
11.7428571429 0.0000000000
11.7469387755 0.0000000000
11.7510204082 0.0000000000
11.7551020408 0.0000000000
11.7591836735 0.0000000000
11.7632653061 0.0000000000
11.7673469388 0.0000000000
11.7714285714 0.9327530861
11.7755102041 10.6632709503
11.7795918367 20.4434165955
11.7836734694 31.2640666962
11.7877551020 49.8910484314
11.7918367347 42.7122497559
11.7959183673 37.6279335022
11.8000000000 35.1441497803
11.8040816327 30.0033092499
11.8081632653 20.3592777252
11.8122448980 14.4722461700
11.8163265306 5.8889389038
11.8204081633 0.0000000000
11.8244897959 2.1904854774
11.8285714286 3.7717075348
11.8326530612 2.7829408646
11.8367346939 0.1582950354
11.8408163265 0.0000000000
11.8448979592 0.0000000000
11.8489795918 0.0000000000
11.8530612245 0.0000000000
11.8571428571 0.0000000000
11.8612244898 0.0000000000
11.8653061224 0.0000000000
11.8693877551 0.0000000000
11.8734693878 0.0000000000
11.8775510204 0.0000000000
11.8816326531 0.0000000000
11.8857142857 0.0000000000
11.8897959184 0.0000000000
11.8938775510 0.0000000000
11.8979591837 0.0000000000
11.9020408163 0.0000000000
11.9061224490 0.0000000000
11.9102040816 0.0000000000
11.9142857143 0.0000000000
11.9183673469 0.0000000000
11.9224489796 0.0000000000
11.9265306122 0.0000000000
11.9306122449 0.0000000000
11.9346938776 1.8472075462
11.9387755102 24.8808116913
11.9428571429 42.9812774658
11.9469387755 83.3944702148
11.9510204082 82.7956542969
11.9551020408 88.6666183472
11.9591836735 93.6251525879
11.9632653061 95.0085067749
11.9673469388 91.5154190063
11.9714285714 85.4341430664
11.9755102041 71.2137222290
11.9795918367 51.5460968018
11.9836734694 26.8101692200
11.9877551020 7.3953866959
11.9918367347 1.6911029816
11.9959183673 0.0000000000
12.0000000000 0.0000000000
12.0040816327 0.0000000000
12.0081632653 0.0000000000
12.0122448980 0.0000000000
12.0163265306 0.0000000000
12.0204081633 0.0000000000
12.0244897959 0.0000000000
12.0285714286 0.0000000000
12.0326530612 0.0000000000
12.0367346939 0.0000000000
12.0408163265 0.0000000000
12.0448979592 0.0000000000
12.0489795918 0.0000000000
12.0530612245 0.0000000000
12.0571428571 0.0000000000
12.0612244898 0.0000000000
12.0653061224 0.0000000000
12.0693877551 0.0000000000
12.0734693878 0.0000000000
12.0775510204 0.0000000000
12.0816326531 0.0000000000
12.0857142857 0.0000000000
12.0897959184 0.0000000000
12.0938775510 0.0000000000
12.0979591837 0.0000000000
12.1020408163 0.0000000000
12.1061224490 0.0000000000
12.1102040816 0.0000000000
12.1142857143 0.0000000000
12.1183673469 0.0000000000
12.1224489796 0.0000000000
12.1265306122 0.0000000000
12.1306122449 0.0000000000
12.1346938776 0.0000000000
12.1387755102 0.0000000000
12.1428571429 22.3361110687
12.1469387755 58.8105850220
12.1510204082 105.4313812256
12.1551020408 121.3298950195
12.1591836735 139.7598724365
12.1632653061 127.3959426880
12.1673469388 119.3270111084
12.1714285714 109.5372619629
12.1755102041 97.5643081665
12.1795918367 84.3509979248
12.1836734694 65.6740646362
12.1877551020 41.1839485168
12.1918367347 19.3438529968
12.1959183673 1.7397403717
12.2000000000 0.0000000000
12.2040816327 0.0000000000
12.2081632653 0.0000000000
12.2122448980 0.0000000000
12.2163265306 0.0000000000
12.2204081633 0.0000000000
12.2244897959 0.0000000000
12.2285714286 0.0000000000
12.2326530612 0.0000000000
12.2367346939 0.0000000000
12.2408163265 3.7626028061
12.2448979592 3.7183761597
12.2489795918 1.3215541840
12.2530612245 2.6262998581
12.2571428571 0.0000000000
12.2612244898 0.0000000000
12.2653061224 0.0000000000
12.2693877551 0.0000000000
12.2734693878 0.0000000000
12.2775510204 0.0000000000
12.2816326531 0.0000000000
12.2857142857 0.0000000000
12.2897959184 0.0000000000
12.2938775510 0.0000000000
12.2979591837 0.0000000000
12.3020408163 0.0000000000
12.3061224490 0.0000000000
12.3102040816 0.0000000000
12.3142857143 0.0000000000
12.3183673469 0.0000000000
12.3224489796 0.3225803375
12.3265306122 8.4209442139
12.3306122449 25.5323638916
12.3346938776 24.0505332947
12.3387755102 16.3124122620
12.3428571429 8.2848520279
12.3469387755 0.4800111055
12.3510204082 3.4187436104
12.3551020408 3.5289525986
12.3591836735 5.7361125946
12.3632653061 0.1128911972
12.3673469388 0.0000000000
12.3714285714 0.0000000000
12.3755102041 0.0000000000
12.3795918367 0.0000000000
12.3836734694 0.0000000000
12.3877551020 0.0000000000
12.3918367347 0.0000000000
12.3959183673 0.0000000000
12.4000000000 0.0000000000
12.4040816327 0.0000000000
12.4081632653 0.0000000000
12.4122448980 1.6243457794
12.4163265306 0.0000000000
12.4204081633 0.0000000000
12.4244897959 0.0000000000
12.4285714286 0.0000000000
12.4326530612 0.0000000000
12.4367346939 0.0000000000
12.4408163265 0.0000000000
12.4448979592 0.0000000000
12.4489795918 0.0000000000
12.4530612245 0.0000000000
12.4571428571 0.0000000000
12.4612244898 0.0000000000
12.4653061224 0.0000000000
12.4693877551 0.0000000000
12.4734693878 0.0000000000
12.4775510204 0.0000000000
12.4816326531 0.0000000000
12.4857142857 0.0000000000
12.4897959184 0.0000000000
12.4938775510 0.0000000000
12.4979591837 0.0000000000
12.5020408163 0.0000000000
12.5061224490 0.0000000000
12.5102040816 0.0000000000
12.5142857143 2.9419064522
12.5183673469 21.4585647583
12.5224489796 65.1548461914
12.5265306122 76.4316329956
12.5306122449 104.6451797485
12.5346938776 139.1306610107
12.5387755102 148.1310729980
12.5428571429 143.3044281006
12.5469387755 119.3865966797
12.5510204082 98.5795898438
12.5551020408 97.1525573730
12.5591836735 85.4129714966
12.5632653061 77.1044158936
12.5673469388 62.2627182007
12.5714285714 41.3424949646
12.5755102041 21.7161769867
12.5795918367 4.2644739151
12.5836734694 2.6431083679
12.5877551020 2.2970139980
12.5918367347 0.0000000000
12.5959183673 0.0000000000
12.6000000000 0.0000000000
12.6040816327 0.0000000000
12.6081632653 0.0000000000
12.6122448980 0.0000000000
12.6163265306 0.0000000000
12.6204081633 0.0000000000
12.6244897959 0.0000000000
12.6285714286 0.0000000000
12.6326530612 0.0000000000
12.6367346939 0.0000000000
12.6408163265 0.0000000000
12.6448979592 0.0000000000
12.6489795918 0.0000000000
12.6530612245 0.0000000000
12.6571428571 0.0000000000
12.6612244898 0.0000000000
12.6653061224 0.0000000000
12.6693877551 0.0000000000
12.6734693878 0.0000000000
12.6775510204 0.0000000000
12.6816326531 0.0000000000
12.6857142857 0.0000000000
12.6897959184 0.0000000000
12.6938775510 0.0000000000
12.6979591837 1.6725510359
12.7020408163 28.5993080139
12.7061224490 71.8876113892
12.7102040816 112.3431167603
12.7142857143 117.1870269775
12.7183673469 129.2644042969
12.7224489796 111.2614898682
12.7265306122 94.4744338989
12.7306122449 72.6255340576
12.7346938776 57.1861495972
12.7387755102 40.5105934143
12.7428571429 31.3834323883
12.7469387755 19.7282791138
12.7510204082 9.2585525513
12.7551020408 7.8097877502
12.7591836735 3.6092400551
12.7632653061 0.0000000000
12.7673469388 0.0000000000
12.7714285714 0.0000000000
12.7755102041 0.0000000000
12.7795918367 0.0000000000
12.7836734694 0.0000000000
12.7877551020 1.2370944023
12.7918367347 3.6501288414
12.7959183673 1.7197430134
12.8000000000 0.1517981291
12.8040816327 0.0786781311
12.8081632653 0.0000000000
12.8122448980 0.0000000000
12.8163265306 0.0000000000
12.8204081633 0.0000000000
12.8244897959 0.0000000000
12.8285714286 0.0000000000
12.8326530612 0.0000000000
12.8367346939 0.0000000000
12.8408163265 0.0000000000
12.8448979592 0.0000000000
12.8489795918 0.0000000000
12.8530612245 0.0000000000
12.8571428571 0.0000000000
12.8612244898 0.0000000000
12.8653061224 0.0000000000
12.8693877551 0.0000000000
12.8734693878 0.0000000000
12.8775510204 0.2968013287
12.8816326531 5.6519804001
12.8857142857 12.7932729721
12.8897959184 21.9778709412
12.8938775510 28.7765579224
12.8979591837 26.2703895569
12.9020408163 27.8718757629
12.9061224490 31.0775947571
12.9102040816 30.1704101562
12.9142857143 25.5918502808
12.9183673469 24.7965297699
12.9224489796 20.9463539124
12.9265306122 20.0816078186
12.9306122449 22.9573841095
12.9346938776 18.4889736176
12.9387755102 12.2286081314
12.9428571429 6.0602426529
12.9469387755 13.5709943771
12.9510204082 10.1507902145
12.9551020408 3.6525726318
12.9591836735 0.0000000000
12.9632653061 1.6926527023
12.9673469388 0.0000000000
12.9714285714 0.0000000000
12.9755102041 0.0000000000
12.9795918367 0.0000000000
12.9836734694 0.0000000000
12.9877551020 0.0000000000
12.9918367347 0.0000000000
12.9959183673 0.0000000000
13.0000000000 0.0000000000
13.0040816327 0.0000000000
13.0081632653 0.0000000000
13.0122448980 0.0000000000
13.0163265306 0.0000000000
13.0204081633 0.0000000000
13.0244897959 0.0000000000
13.0285714286 0.0000000000
13.0326530612 0.0000000000
13.0367346939 0.0000000000
13.0408163265 0.0000000000
13.0448979592 0.0000000000
13.0489795918 0.0000000000
13.0530612245 0.0000000000
13.0571428571 0.0000000000
13.0612244898 0.0000000000
13.0653061224 0.0000000000
13.0693877551 0.0000000000
13.0734693878 14.0064353943
13.0775510204 55.6521415710
13.0816326531 87.3125762939
13.0857142857 99.2024536133
13.0897959184 92.8271179199
13.0938775510 89.3941040039
13.0979591837 87.2053833008
13.1020408163 72.2666397095
13.1061224490 55.4649810791
13.1102040816 41.4298782349
13.1142857143 24.4828453064
13.1183673469 13.4717445374
13.1224489796 4.3873338699
13.1265306122 0.8660554886
13.1306122449 0.0000000000
13.1346938776 0.0000000000
13.1387755102 0.0000000000
13.1428571429 0.0000000000
13.1469387755 0.0000000000
13.1510204082 0.0000000000
13.1551020408 0.0000000000
13.1591836735 0.0000000000
13.1632653061 0.0000000000
13.1673469388 0.0000000000
13.1714285714 0.6933212280
13.1755102041 0.0000000000
13.1795918367 0.0000000000
13.1836734694 1.9968748093
13.1877551020 2.8285682201
13.1918367347 0.0000000000
13.1959183673 0.0000000000
13.2000000000 0.0000000000
13.2040816327 0.0000000000
13.2081632653 0.0000000000
13.2122448980 0.0000000000
13.2163265306 0.0000000000
13.2204081633 0.0000000000
13.2244897959 0.0000000000
13.2285714286 0.0000000000
13.2326530612 0.0000000000
13.2367346939 0.0000000000
13.2408163265 0.0000000000
13.2448979592 0.0000000000
13.2489795918 0.0000000000
13.2530612245 0.0000000000
13.2571428571 0.0000000000
13.2612244898 0.0000000000
13.2653061224 0.0000000000
13.2693877551 0.0000000000
13.2734693878 0.0000000000
13.2775510204 0.0000000000
13.2816326531 2.7980766296
13.2857142857 48.0169906616
13.2897959184 76.3962936401
13.2938775510 77.9077758789
13.2979591837 72.9380569458
13.3020408163 62.1942596436
13.3061224490 48.2542915344
13.3102040816 37.3921813965
13.3142857143 23.4954071045
13.3183673469 7.9938840866
13.3224489796 0.1545548439
13.3265306122 0.0000000000
13.3306122449 0.0000000000
13.3346938776 0.0000000000
13.3387755102 0.0000000000
13.3428571429 0.0000000000
13.3469387755 0.0000000000
13.3510204082 0.0000000000
13.3551020408 0.0000000000
13.3591836735 0.0000000000
13.3632653061 0.0000000000
13.3673469388 0.0000000000
13.3714285714 0.0000000000
13.3755102041 0.0000000000
13.3795918367 1.5872716904
13.3836734694 1.0931789875
13.3877551020 4.7909021378
13.3918367347 8.8235740662
13.3959183673 7.7555179596
13.4000000000 5.6364612579
13.4040816327 5.6631269455
13.4081632653 4.7089810371
13.4122448980 2.7844011784
13.4163265306 0.7445216179
13.4204081633 0.0000000000
13.4244897959 0.0000000000
13.4285714286 0.0000000000
13.4326530612 0.0000000000
13.4367346939 10.8168449402
13.4408163265 25.2729911804
13.4448979592 50.9021530151
13.4489795918 105.8926544189
13.4530612245 151.1130065918
13.4571428571 173.0539855957
13.4612244898 163.5248107910
13.4653061224 161.8388977051
13.4693877551 153.3703918457
13.4734693878 128.8818054199
13.4775510204 103.1801681519
13.4816326531 76.5093536377
13.4857142857 51.2337684631
13.4897959184 33.6770095825
13.4938775510 14.8495731354
13.4979591837 0.1076459885
13.5020408163 0.0000000000
13.5061224490 0.0000000000
13.5102040816 0.0000000000
13.5142857143 0.0000000000
13.5183673469 0.0000000000
13.5224489796 0.0000000000
13.5265306122 0.0000000000
13.5306122449 0.0000000000
13.5346938776 0.0000000000
13.5387755102 0.0000000000
13.5428571429 0.0000000000
13.5469387755 0.0000000000
13.5510204082 0.0000000000
13.5551020408 0.0000000000
13.5591836735 0.0000000000
13.5632653061 0.0000000000
13.5673469388 2.5266408920
13.5714285714 0.0979602337
13.5755102041 0.0000000000
13.5795918367 0.0000000000
13.5836734694 0.0000000000
13.5877551020 0.0000000000
13.5918367347 0.0000000000
13.5959183673 0.0000000000
13.6000000000 0.0000000000
13.6040816327 0.0000000000
13.6081632653 0.0000000000
13.6122448980 0.0000000000
13.6163265306 0.0000000000
13.6204081633 0.0000000000
13.6244897959 0.0000000000
13.6285714286 0.0000000000
13.6326530612 0.0000000000
13.6367346939 0.0000000000
13.6408163265 0.0000000000
13.6448979592 0.0000000000
13.6489795918 0.0000000000
13.6530612245 0.0000000000
13.6571428571 0.0000000000
13.6612244898 0.8786367178
13.6653061224 11.8516683578
13.6693877551 12.9774808884
13.6734693878 9.2777614594
13.6775510204 4.7535896301
13.6816326531 22.2412338257
13.6857142857 31.8762054443
13.6897959184 25.8524875641
13.6938775510 20.4568881989
13.6979591837 13.7011470795
13.7020408163 7.1091651917
13.7061224490 0.1979470253
13.7102040816 0.0000000000
13.7142857143 0.0000000000
13.7183673469 0.0000000000
13.7224489796 0.0000000000
13.7265306122 0.0000000000
13.7306122449 0.0000000000
13.7346938776 0.0000000000
13.7387755102 0.0000000000
13.7428571429 0.0000000000
13.7469387755 0.0000000000
13.7510204082 0.0000000000
13.7551020408 0.0000000000
13.7591836735 0.0000000000
13.7632653061 0.0000000000
13.7673469388 0.0000000000
13.7714285714 0.0000000000
13.7755102041 0.0000000000
13.7795918367 0.0000000000
13.7836734694 0.0000000000
13.7877551020 0.0000000000
13.7918367347 0.0000000000
13.7959183673 0.0000000000
13.8000000000 0.0000000000
13.8040816327 2.9602646828
13.8081632653 0.0000000000
13.8122448980 3.8740634918
13.8163265306 11.8420124054
13.8204081633 26.5297279358
13.8244897959 32.7059631348
13.8285714286 53.8492355347
13.8326530612 50.6778640747
13.8367346939 53.1501388550
13.8408163265 44.2457351685
13.8448979592 47.7462615967
13.8489795918 41.2110671997
13.8530612245 46.1176605225
13.8571428571 51.6612510681
13.8612244898 65.3460083008
13.8653061224 57.7498664856
13.8693877551 35.1491928101
13.8734693878 23.8613929749
13.8775510204 11.8010044098
13.8816326531 2.6816129684
13.8857142857 0.0000000000
13.8897959184 0.0000000000
13.8938775510 0.0000000000
13.8979591837 0.0000000000
13.9020408163 0.0000000000
13.9061224490 0.0000000000
13.9102040816 0.0000000000
13.9142857143 0.0000000000
13.9183673469 0.0000000000
13.9224489796 0.0000000000
13.9265306122 0.0000000000
13.9306122449 0.0000000000
13.9346938776 0.0000000000
13.9387755102 0.0000000000
13.9428571429 0.0000000000
13.9469387755 0.0000000000
13.9510204082 0.0000000000
13.9551020408 0.0000000000
13.9591836735 0.0000000000
13.9632653061 0.0000000000
13.9673469388 0.0000000000
13.9714285714 0.0000000000
13.9755102041 0.0000000000
13.9795918367 0.0000000000
13.9836734694 0.0000000000
13.9877551020 0.0000000000
13.9918367347 0.0000000000
13.9959183673 0.0000000000
14.0000000000 0.0000000000
14.0040816327 0.0000000000
14.0081632653 0.0000000000
14.0122448980 0.0000000000
14.0163265306 0.0000000000
14.0204081633 2.5538206100
14.0244897959 1.3563632965
14.0285714286 9.4960632324
14.0326530612 34.9552040100
14.0367346939 48.8761291504
14.0408163265 54.3882675171
14.0448979592 55.3267898560
14.0489795918 67.3863296509
14.0530612245 76.0427856445
14.0571428571 60.7051010132
14.0612244898 52.0401611328
14.0653061224 43.4339714050
14.0693877551 33.0339050293
14.0734693878 23.7463111877
14.0775510204 16.7773075104
14.0816326531 11.8095283508
14.0857142857 6.5525622368
14.0897959184 1.4811903238
14.0938775510 0.0000000000
14.0979591837 0.0000000000
14.1020408163 0.0000000000
14.1061224490 0.0000000000
14.1102040816 0.0000000000
14.1142857143 0.0000000000
14.1183673469 0.0000000000
14.1224489796 0.0000000000
14.1265306122 0.0000000000
14.1306122449 0.0000000000
14.1346938776 0.0000000000
14.1387755102 0.0000000000
14.1428571429 0.0000000000
14.1469387755 0.0000000000
14.1510204082 0.0000000000
14.1551020408 0.0000000000
14.1591836735 0.0000000000
14.1632653061 0.0000000000
14.1673469388 0.0000000000
14.1714285714 0.0000000000
14.1755102041 0.0000000000
14.1795918367 51.6322555542
14.1836734694 113.9196929932
14.1877551020 152.8758239746
14.1918367347 175.7351989746
14.1959183673 175.0986328125
14.2000000000 171.0403137207
14.2040816327 150.6544799805
14.2081632653 119.6896743774
14.2122448980 88.3938064575
14.2163265306 60.2513580322
14.2204081633 46.7751007080
14.2244897959 24.1259346008
14.2285714286 3.1508207321
14.2326530612 0.0000000000
14.2367346939 0.0000000000
14.2408163265 0.0000000000
14.2448979592 0.0000000000
14.2489795918 0.0000000000
14.2530612245 0.0000000000
14.2571428571 0.0000000000
14.2612244898 0.0000000000
14.2653061224 0.0000000000
14.2693877551 0.0000000000
14.2734693878 0.0000000000
14.2775510204 0.0000000000
14.2816326531 0.0000000000
14.2857142857 0.0000000000
14.2897959184 0.0000000000
14.2938775510 0.0000000000
14.2979591837 0.0000000000
14.3020408163 3.4776926041
14.3061224490 1.6373991966
14.3102040816 0.0000000000
14.3142857143 0.0000000000
14.3183673469 0.0000000000
14.3224489796 6.7974328995
14.3265306122 3.1088590622
14.3306122449 0.8435249329
14.3346938776 0.0000000000
14.3387755102 0.0000000000
14.3428571429 0.0000000000
14.3469387755 0.0000000000
14.3510204082 0.0000000000
14.3551020408 0.0000000000
14.3591836735 0.0000000000
14.3632653061 0.0000000000
14.3673469388 0.0000000000
14.3714285714 0.0000000000
14.3755102041 0.0000000000
14.3795918367 0.0000000000
14.3836734694 0.0000000000
14.3877551020 0.0000000000
14.3918367347 0.0000000000
14.3959183673 1.6989707947
14.4000000000 38.3827667236
14.4040816327 60.9117431641
14.4081632653 75.2043762207
14.4122448980 56.7299156189
14.4163265306 37.2794876099
14.4204081633 25.5768890381
14.4244897959 13.9768714905
14.4285714286 9.6724033356
14.4326530612 6.3436031342
14.4367346939 0.0000000000
14.4408163265 0.0000000000
14.4448979592 0.0000000000
14.4489795918 0.0000000000
14.4530612245 0.0000000000
14.4571428571 0.0000000000
14.4612244898 0.0000000000
14.4653061224 0.0000000000
14.4693877551 0.0000000000
14.4734693878 0.0000000000
14.4775510204 0.0000000000
14.4816326531 0.0000000000
14.4857142857 0.0000000000
14.4897959184 0.0000000000
14.4938775510 0.0000000000
14.4979591837 0.0000000000
14.5020408163 0.0000000000
14.5061224490 0.0000000000
14.5102040816 0.0000000000
14.5142857143 0.0000000000
14.5183673469 0.0000000000
14.5224489796 0.0000000000
14.5265306122 0.0000000000
14.5306122449 0.0000000000
14.5346938776 0.0000000000
14.5387755102 0.0000000000
14.5428571429 0.0000000000
14.5469387755 4.6890897751
14.5510204082 22.3262901306
14.5551020408 37.6412887573
14.5591836735 56.0862998962
14.5632653061 100.6674194336
14.5673469388 97.5600128174
14.5714285714 120.6122589111
14.5755102041 122.0190505981
14.5795918367 122.5572204590
14.5836734694 100.4373168945
14.5877551020 96.5484695435
14.5918367347 106.6152114868
14.5959183673 119.0308380127
14.6000000000 122.0278778076
14.6040816327 96.4772720337
14.6081632653 71.8392410278
14.6122448980 60.4702224731
14.6163265306 34.6934814453
14.6204081633 10.1535320282
14.6244897959 0.0000000000
14.6285714286 0.0000000000
14.6326530612 0.0000000000
14.6367346939 0.0000000000
14.6408163265 0.0000000000
14.6448979592 0.0000000000
14.6489795918 0.0000000000
14.6530612245 0.0000000000
14.6571428571 0.0000000000
14.6612244898 0.0000000000
14.6653061224 0.0000000000
14.6693877551 0.0000000000
14.6734693878 0.0000000000
14.6775510204 0.0000000000
14.6816326531 0.0000000000
14.6857142857 0.0000000000
14.6897959184 0.0000000000
14.6938775510 0.0000000000
14.6979591837 0.0000000000
14.7020408163 0.0000000000
14.7061224490 0.0000000000
14.7102040816 0.0000000000
14.7142857143 0.0000000000
14.7183673469 0.0000000000
14.7224489796 0.0000000000
14.7265306122 0.0000000000
14.7306122449 0.0000000000
14.7346938776 0.0000000000
14.7387755102 0.0000000000
14.7428571429 0.0000000000
14.7469387755 0.0000000000
14.7510204082 0.0000000000
14.7551020408 0.0000000000
14.7591836735 0.0000000000
14.7632653061 0.0000000000
14.7673469388 0.0000000000
14.7714285714 6.3710212708
14.7755102041 20.1482467651
14.7795918367 29.7247085571
14.7836734694 26.1036758423
14.7877551020 22.9914112091
14.7918367347 24.3227481842
14.7959183673 21.4697723389
14.8000000000 17.3461151123
14.8040816327 5.2469968796
14.8081632653 0.0000000000
14.8122448980 0.0000000000
14.8163265306 0.0000000000
14.8204081633 0.0000000000
14.8244897959 0.0000000000
14.8285714286 1.4650821686
14.8326530612 1.3280510902
14.8367346939 0.0000000000
14.8408163265 0.0000000000
14.8448979592 0.0000000000
14.8489795918 0.0000000000
14.8530612245 0.0000000000
14.8571428571 0.0000000000
14.8612244898 0.0000000000
14.8653061224 0.0000000000
14.8693877551 0.0000000000
14.8734693878 0.2952814102
14.8775510204 0.0925660133
14.8816326531 0.0000000000
14.8857142857 0.0000000000
14.8897959184 1.9139051437
14.8938775510 2.6782898903
14.8979591837 6.5252184868
14.9020408163 7.9620480537
14.9061224490 0.0000000000
14.9102040816 0.0000000000
14.9142857143 0.0000000000
14.9183673469 10.2522077560
14.9224489796 5.2274913788
14.9265306122 0.0000000000
14.9306122449 10.1044769287
14.9346938776 19.0472011566
14.9387755102 23.7274017334
14.9428571429 30.1655979156
14.9469387755 30.5796127319
14.9510204082 29.8947696686
14.9551020408 14.8376226425
14.9591836735 0.0000000000
14.9632653061 0.0000000000
14.9673469388 0.0000000000
14.9714285714 0.0000000000
14.9755102041 0.0000000000
