0.0040816327 21.3180503845
0.0081632653 17.2791862488
0.0122448980 14.7756338120
0.0163265306 15.4150724411
0.0204081633 14.5432014465
0.0244897959 11.6429176331
0.0285714286 11.7860736847
0.0326530612 7.5765662193
0.0367346939 1.5164613724
0.0408163265 0.0000000000
0.0448979592 0.0000000000
0.0489795918 0.0000000000
0.0530612245 0.0000000000
0.0571428571 0.0000000000
0.0612244898 0.0000000000
0.0653061224 0.0000000000
0.0693877551 0.0000000000
0.0734693878 0.0000000000
0.0775510204 0.0000000000
0.0816326531 0.0000000000
0.0857142857 0.0000000000
0.0897959184 0.0000000000
0.0938775510 0.0000000000
0.0979591837 0.0000000000
0.1020408163 0.0000000000
0.1061224490 0.0000000000
0.1102040816 0.0000000000
0.1142857143 0.5284547806
0.1183673469 4.2699871063
0.1224489796 0.0000000000
0.1265306122 0.0000000000
0.1306122449 0.0000000000
0.1346938776 0.0000000000
0.1387755102 0.0000000000
0.1428571429 0.0000000000
0.1469387755 0.0000000000
0.1510204082 0.0000000000
0.1551020408 0.0000000000
0.1591836735 0.0000000000
0.1632653061 0.0000000000
0.1673469388 0.0000000000
0.1714285714 0.0000000000
0.1755102041 0.0000000000
0.1795918367 0.0000000000
0.1836734694 0.0000000000
0.1877551020 0.0000000000
0.1918367347 0.0000000000
0.1959183673 0.0000000000
0.2000000000 0.0000000000
0.2040816327 0.0000000000
0.2081632653 0.9083002806
0.2122448980 0.0000000000
0.2163265306 0.0000000000
0.2204081633 0.0000000000
0.2244897959 0.0000000000
0.2285714286 0.0000000000
0.2326530612 4.3205618858
0.2367346939 8.4804296494
0.2408163265 3.9582848549
0.2448979592 4.8802495003
0.2489795918 3.3727288246
0.2530612245 5.3262114525
0.2571428571 11.3555793762
0.2612244898 9.5607786179
0.2653061224 6.2647013664
0.2693877551 14.5321197510
0.2734693878 12.0102167130
0.2775510204 8.5614624023
0.2816326531 8.0115051270
0.2857142857 6.2795729637
0.2897959184 0.6946325302
0.2938775510 0.0000000000
0.2979591837 0.0000000000
0.3020408163 0.0000000000
0.3061224490 0.0000000000
0.3102040816 1.3036727905
0.3142857143 20.2906131744
0.3183673469 35.1149139404
0.3224489796 34.1824264526
0.3265306122 27.3423194885
0.3306122449 20.4093017578
0.3346938776 28.3879203796
0.3387755102 49.0512237549
0.3428571429 45.4410934448
0.3469387755 41.9515533447
0.3510204082 50.6549148560
0.3551020408 48.3613586426
0.3591836735 39.4598999023
0.3632653061 30.6627082825
0.3673469388 24.2364997864
0.3714285714 17.4780483246
0.3755102041 30.4216461182
0.3795918367 33.5933265686
0.3836734694 30.6392612457
0.3877551020 26.3679924011
0.3918367347 46.5000839233
0.3959183673 39.0310287476
0.4000000000 34.8803405762
0.4040816327 25.4914169312
0.4081632653 14.6359796524
0.4122448980 6.5823197365
0.4163265306 1.7734766006
0.4204081633 0.0000000000
0.4244897959 0.0000000000
0.4285714286 0.0000000000
0.4326530612 0.0000000000
0.4367346939 0.0000000000
0.4408163265 0.0000000000
0.4448979592 0.0000000000
0.4489795918 0.0000000000
0.4530612245 0.0000000000
0.4571428571 0.0000000000
0.4612244898 0.0000000000
0.4653061224 0.0000000000
0.4693877551 0.0000000000
0.4734693878 0.0000000000
0.4775510204 0.0000000000
0.4816326531 0.0000000000
0.4857142857 0.0000000000
0.4897959184 0.0000000000
0.4938775510 0.0000000000
0.4979591837 0.0000000000
0.5020408163 0.0000000000
0.5061224490 0.0000000000
0.5102040816 0.0000000000
0.5142857143 0.0000000000
0.5183673469 0.0000000000
0.5224489796 0.0000000000
0.5265306122 0.0000000000
0.5306122449 1.3968348503
0.5346938776 5.4347515106
0.5387755102 10.5704069138
0.5428571429 12.8468570709
0.5469387755 16.7545089722
0.5510204082 18.2064476013
0.5551020408 17.6336765289
0.5591836735 17.0578956604
0.5632653061 15.8857107162
0.5673469388 14.4729614258
0.5714285714 12.3522281647
0.5755102041 9.6761064529
0.5795918367 7.8722982407
0.5836734694 7.2381048203
0.5877551020 3.1730308533
0.5918367347 2.6146471500
0.5959183673 3.7211327553
0.6000000000 5.1167159081
0.6040816327 2.6037096977
0.6081632653 1.9702911377
0.6122448980 0.4391670227
0.6163265306 0.0000000000
0.6204081633 0.0000000000
0.6244897959 0.0000000000
0.6285714286 0.0000000000
0.6326530612 0.0000000000
0.6367346939 0.0000000000
0.6408163265 0.0000000000
0.6448979592 0.0000000000
0.6489795918 0.0000000000
0.6530612245 0.0000000000
0.6571428571 0.0000000000
0.6612244898 0.0000000000
0.6653061224 0.0000000000
0.6693877551 0.0000000000
0.6734693878 0.0000000000
0.6775510204 0.0000000000
0.6816326531 10.0662117004
0.6857142857 17.4224967957
0.6897959184 38.6765594482
0.6938775510 71.2276382446
0.6979591837 86.8390502930
0.7020408163 80.9621582031
0.7061224490 71.8708038330
0.7102040816 71.3465805054
0.7142857143 67.9002380371
0.7183673469 86.9503326416
0.7224489796 86.6988830566
0.7265306122 89.7511444092
0.7306122449 84.2803649902
0.7346938776 81.3965530396
0.7387755102 72.2614517212
0.7428571429 64.3312301636
0.7469387755 53.5309600830
0.7510204082 43.0099945068
0.7551020408 33.2859725952
0.7591836735 25.2597961426
0.7632653061 13.3881568909
0.7673469388 1.4666318893
0.7714285714 0.0000000000
0.7755102041 0.0000000000
0.7795918367 0.0000000000
0.7836734694 0.0000000000
0.7877551020 0.0000000000
0.7918367347 0.0000000000
0.7959183673 0.0000000000
0.8000000000 0.0000000000
0.8040816327 0.0000000000
0.8081632653 0.0000000000
0.8122448980 0.0000000000
0.8163265306 0.0000000000
0.8204081633 0.0000000000
0.8244897959 0.0000000000
0.8285714286 0.0000000000
0.8326530612 0.0000000000
0.8367346939 0.0000000000
0.8408163265 0.0000000000
0.8448979592 0.0000000000
0.8489795918 0.0000000000
0.8530612245 0.0000000000
0.8571428571 0.0000000000
0.8612244898 0.0000000000
0.8653061224 0.0000000000
0.8693877551 0.0000000000
0.8734693878 0.0000000000
0.8775510204 0.0000000000
0.8816326531 0.0000000000
0.8857142857 2.9334425926
0.8897959184 5.4842829704
0.8938775510 3.3631324768
0.8979591837 0.0000000000
0.9020408163 0.0000000000
0.9061224490 0.0000000000
0.9102040816 0.0000000000
0.9142857143 0.0000000000
0.9183673469 0.0000000000
0.9224489796 0.0000000000
0.9265306122 0.0000000000
0.9306122449 0.0000000000
0.9346938776 0.0000000000
0.9387755102 0.0000000000
0.9428571429 0.0000000000
0.9469387755 0.0000000000
0.9510204082 0.0000000000
0.9551020408 0.0000000000
0.9591836735 0.0000000000
0.9632653061 7.3668956757
0.9673469388 6.5568089485
0.9714285714 2.9447674751
0.9755102041 0.5172491074
0.9795918367 0.0624060631
0.9836734694 0.3738626838
0.9877551020 0.0000000000
0.9918367347 1.2657642365
0.9959183673 0.0000000000
1.0000000000 0.0000000000
1.0040816327 0.0000000000
1.0081632653 0.0000000000
1.0122448980 0.0000000000
1.0163265306 0.0000000000
1.0204081633 0.0000000000
1.0244897959 0.0000000000
1.0285714286 0.0000000000
1.0326530612 0.0000000000
1.0367346939 0.6090179086
1.0408163265 0.0000000000
1.0448979592 0.0000000000
1.0489795918 0.0000000000
1.0530612245 1.5128403902
1.0571428571 4.8224925995
1.0612244898 5.7781114578
1.0653061224 15.6429185867
1.0693877551 32.7435874939
1.0734693878 51.1608428955
1.0775510204 68.2639007568
1.0816326531 79.0288467407
1.0857142857 72.3873672485
1.0897959184 59.0029373169
1.0938775510 55.6837921143
1.0979591837 58.9016685486
1.1020408163 43.8477706909
1.1061224490 44.2358245850
1.1102040816 39.2459640503
1.1142857143 26.5995254517
1.1183673469 17.5724925995
1.1224489796 12.5443038940
1.1265306122 17.2864494324
1.1306122449 16.3335800171
1.1346938776 10.7061157227
1.1387755102 10.6784219742
1.1428571429 9.9594783783
1.1469387755 6.3811359406
1.1510204082 3.5522282124
1.1551020408 0.2028644085
1.1591836735 0.0000000000
1.1632653061 0.0000000000
1.1673469388 0.0000000000
1.1714285714 0.0000000000
1.1755102041 0.0000000000
1.1795918367 0.0000000000
1.1836734694 0.0000000000
1.1877551020 0.0000000000
1.1918367347 0.0000000000
1.1959183673 0.0000000000
1.2000000000 0.0000000000
1.2040816327 0.0000000000
1.2081632653 0.0000000000
1.2122448980 0.0000000000
1.2163265306 0.0000000000
1.2204081633 0.0000000000
1.2244897959 3.0972659588
1.2285714286 4.4135527611
1.2326530612 1.4871284962
1.2367346939 0.0332593918
1.2408163265 0.0000000000
1.2448979592 2.0653977394
1.2489795918 3.3872053623
1.2530612245 2.6120991707
1.2571428571 0.8443444967
1.2612244898 0.9163618088
1.2653061224 0.0000000000
1.2693877551 0.0000000000
1.2734693878 0.0000000000
1.2775510204 1.8814206123
1.2816326531 7.0133209229
1.2857142857 7.7445211411
1.2897959184 7.8631639481
1.2938775510 7.4115991592
1.2979591837 11.7264385223
1.3020408163 13.7497186661
1.3061224490 8.8868141174
1.3102040816 5.5430531502
1.3142857143 8.3364248276
1.3183673469 11.7861633301
1.3224489796 10.9544391632
1.3265306122 8.2989931107
1.3306122449 5.7183728218
1.3346938776 6.2921643257
1.3387755102 2.9636025429
1.3428571429 1.0384321213
1.3469387755 6.6731348038
1.3510204082 7.5178594589
1.3551020408 2.4125649929
1.3591836735 2.1097660065
1.3632653061 0.0000000000
1.3673469388 0.0000000000
1.3714285714 0.0000000000
1.3755102041 0.0000000000
1.3795918367 0.0000000000
1.3836734694 0.0000000000
1.3877551020 0.0000000000
1.3918367347 0.0000000000
1.3959183673 0.0000000000
1.4000000000 0.0000000000
1.4040816327 0.0000000000
1.4081632653 0.0000000000
1.4122448980 0.0000000000
1.4163265306 0.0000000000
1.4204081633 0.0000000000
1.4244897959 0.0000000000
1.4285714286 2.7427077293
1.4326530612 1.4808773994
1.4367346939 10.5830135345
1.4408163265 10.7521114349
1.4448979592 19.8379173279
1.4489795918 36.8110008240
1.4530612245 48.8076629639
1.4571428571 60.6557540894
1.4612244898 69.9709320068
1.4653061224 92.4634780884
1.4693877551 94.6936340332
1.4734693878 87.4296417236
1.4775510204 71.6855468750
1.4816326531 65.4413681030
1.4857142857 55.0593109131
1.4897959184 39.9431610107
1.4938775510 29.7996997833
1.4979591837 21.8789424896
1.5020408163 9.3283281326
1.5061224490 0.0000000000
1.5102040816 0.0000000000
1.5142857143 0.0000000000
1.5183673469 0.0000000000
1.5224489796 0.0000000000
1.5265306122 0.0000000000
1.5306122449 0.0000000000
1.5346938776 0.0000000000
1.5387755102 0.0000000000
1.5428571429 0.0000000000
1.5469387755 0.0000000000
1.5510204082 0.0000000000
1.5551020408 0.0000000000
1.5591836735 0.0000000000
1.5632653061 0.0000000000
1.5673469388 0.0000000000
1.5714285714 0.0000000000
1.5755102041 0.0000000000
1.5795918367 0.0000000000
1.5836734694 0.0000000000
1.5877551020 0.0000000000
1.5918367347 0.0000000000
1.5959183673 0.0000000000
1.6000000000 0.0000000000
1.6040816327 0.0000000000
1.6081632653 0.0000000000
1.6122448980 0.0000000000
1.6163265306 0.0000000000
1.6204081633 0.0000000000
1.6244897959 0.0000000000
1.6285714286 0.0000000000
1.6326530612 0.0000000000
1.6367346939 1.7992854118
1.6408163265 0.9024143219
1.6448979592 2.3295879364
1.6489795918 4.6900510788
1.6530612245 0.7148385048
1.6571428571 0.0000000000
1.6612244898 0.0000000000
1.6653061224 0.0000000000
1.6693877551 2.3017823696
1.6734693878 1.8637776375
1.6775510204 1.1972188950
1.6816326531 1.1003613472
1.6857142857 1.8876194954
1.6897959184 3.4292042255
1.6938775510 1.4690160751
1.6979591837 0.0000000000
1.7020408163 0.0000000000
1.7061224490 0.0000000000
1.7102040816 0.0000000000
1.7142857143 0.0000000000
1.7183673469 0.0000000000
1.7224489796 0.0000000000
1.7265306122 0.0000000000
1.7306122449 0.0000000000
1.7346938776 0.0000000000
1.7387755102 0.0000000000
1.7428571429 0.0000000000
1.7469387755 0.0000000000
1.7510204082 0.0000000000
1.7551020408 0.0000000000
1.7591836735 0.0000000000
1.7632653061 0.0000000000
1.7673469388 0.3907084465
1.7714285714 0.7695555687
1.7755102041 0.1721382141
1.7795918367 0.0000000000
1.7836734694 0.0000000000
1.7877551020 0.0000000000
1.7918367347 0.0000000000
1.7959183673 0.0000000000
1.8000000000 0.0000000000
1.8040816327 0.0000000000
1.8081632653 0.0000000000
1.8122448980 0.0000000000
1.8163265306 0.0000000000
1.8204081633 5.8741269112
1.8244897959 41.7267074585
1.8285714286 42.8499603271
1.8326530612 55.3461532593
1.8367346939 83.1798858643
1.8408163265 80.5235366821
1.8448979592 74.7409210205
1.8489795918 71.1171340942
1.8530612245 63.5861740112
1.8571428571 49.2964401245
1.8612244898 39.5140647888
1.8653061224 38.8773994446
1.8693877551 28.5489253998
1.8734693878 26.6391048431
1.8775510204 23.8972606659
1.8816326531 19.7663917542
1.8857142857 23.3287067413
1.8897959184 17.1915588379
1.8938775510 18.0616073608
1.8979591837 8.3649158478
1.9020408163 2.0880699158
1.9061224490 16.3278579712
1.9102040816 19.6834220886
1.9142857143 10.8155755997
1.9183673469 10.3165874481
1.9224489796 5.6888761520
1.9265306122 4.0795803070
1.9306122449 0.0000000000
1.9346938776 0.0000000000
1.9387755102 0.0000000000
1.9428571429 0.0000000000
1.9469387755 0.0000000000
1.9510204082 0.0000000000
1.9551020408 0.0000000000
1.9591836735 0.0000000000
1.9632653061 0.0000000000
1.9673469388 0.0000000000
1.9714285714 0.0000000000
1.9755102041 0.0000000000
1.9795918367 0.0000000000
1.9836734694 0.0000000000
1.9877551020 0.0000000000
1.9918367347 0.0000000000
1.9959183673 0.0000000000
2.0000000000 0.0000000000
2.0040816327 0.0000000000
2.0081632653 0.0000000000
2.0122448980 0.0000000000
2.0163265306 0.0000000000
2.0204081633 0.0000000000
2.0244897959 0.0000000000
2.0285714286 0.0000000000
2.0326530612 0.0000000000
2.0367346939 0.0000000000
2.0408163265 0.0000000000
2.0448979592 0.9861830473
2.0489795918 2.8749406338
2.0530612245 6.5699291229
2.0571428571 5.8216543198
2.0612244898 4.1140542030
2.0653061224 2.5990102291
2.0693877551 0.5614161491
2.0734693878 0.0000000000
2.0775510204 0.0000000000
2.0816326531 0.0000000000
2.0857142857 0.0000000000
2.0897959184 0.0000000000
2.0938775510 0.0000000000
2.0979591837 0.0000000000
2.1020408163 0.0000000000
2.1061224490 0.0000000000
2.1102040816 0.0000000000
2.1142857143 0.0000000000
2.1183673469 1.4604777098
2.1224489796 1.4208555222
2.1265306122 0.2051591873
2.1306122449 0.0000000000
2.1346938776 0.0000000000
2.1387755102 1.2082755566
2.1428571429 3.4469962120
2.1469387755 6.7883434296
2.1510204082 7.3803215027
2.1551020408 3.9897542000
2.1591836735 1.1718869209
2.1632653061 0.0000000000
2.1673469388 0.0000000000
2.1714285714 0.0000000000
2.1755102041 0.0000000000
2.1795918367 0.0000000000
2.1836734694 0.0000000000
2.1877551020 0.0000000000
2.1918367347 1.2843161821
2.1959183673 6.6253094673
2.2000000000 8.7897186279
2.2040816327 12.6858348846
2.2081632653 13.9832201004
2.2122448980 13.9319896698
2.2163265306 16.0444374084
2.2204081633 31.2444572449
2.2244897959 41.7829742432
2.2285714286 58.3102722168
2.2326530612 83.1944351196
2.2367346939 70.4195480347
2.2408163265 69.4089813232
2.2448979592 72.7086334229
2.2489795918 75.4760284424
2.2530612245 73.1160507202
2.2571428571 67.7418670654
2.2612244898 59.8407669067
2.2653061224 49.6477775574
2.2693877551 38.1075134277
2.2734693878 26.3807849884
2.2775510204 16.4674072266
2.2816326531 4.4216814041
2.2857142857 0.0000000000
2.2897959184 0.0000000000
2.2938775510 0.0000000000
2.2979591837 0.0000000000
2.3020408163 0.0000000000
2.3061224490 0.0000000000
2.3102040816 0.0000000000
2.3142857143 0.0000000000
2.3183673469 0.0000000000
2.3224489796 0.0000000000
2.3265306122 0.0000000000
2.3306122449 0.0000000000
2.3346938776 0.0000000000
2.3387755102 0.0000000000
2.3428571429 0.0000000000
2.3469387755 0.0000000000
2.3510204082 0.0000000000
2.3551020408 0.0000000000
2.3591836735 0.0000000000
2.3632653061 0.0000000000
2.3673469388 0.0000000000
2.3714285714 0.0000000000
2.3755102041 0.0000000000
2.3795918367 0.0000000000
2.3836734694 0.0000000000
2.3877551020 0.0000000000
2.3918367347 0.0000000000
2.3959183673 0.0000000000
2.4000000000 0.0000000000
2.4040816327 0.0000000000
2.4081632653 0.0000000000
2.4122448980 0.0000000000
2.4163265306 5.9463682175
2.4204081633 15.4411935806
2.4244897959 25.0402526855
2.4285714286 26.0980281830
2.4326530612 20.0744285583
2.4367346939 12.6307611465
2.4408163265 12.1324214935
2.4448979592 9.7762498856
2.4489795918 11.3106365204
2.4530612245 9.7796916962
2.4571428571 8.7764339447
2.4612244898 6.7045092583
2.4653061224 5.0366220474
2.4693877551 9.5038642883
2.4734693878 8.3160171509
2.4775510204 3.1147375107
2.4816326531 0.0000000000
2.4857142857 0.0000000000
2.4897959184 0.0000000000
2.4938775510 0.0000000000
2.4979591837 0.0000000000
2.5020408163 0.0000000000
2.5061224490 0.0000000000
2.5102040816 0.0000000000
2.5142857143 0.0000000000
2.5183673469 0.0000000000
2.5224489796 0.0000000000
2.5265306122 0.0000000000
2.5306122449 0.0000000000
2.5346938776 1.4918446541
2.5387755102 0.9663701057
2.5428571429 0.2802014351
2.5469387755 0.0000000000
2.5510204082 0.0000000000
2.5551020408 0.0000000000
2.5591836735 0.0000000000
2.5632653061 0.0000000000
2.5673469388 0.0000000000
2.5714285714 0.0000000000
2.5755102041 0.0000000000
2.5795918367 0.0000000000
2.5836734694 1.3836622238
2.5877551020 3.1392872334
2.5918367347 1.7202198505
2.5959183673 3.1165032387
2.6000000000 4.6532897949
2.6040816327 2.8403699398
2.6081632653 3.2579600811
2.6122448980 4.0420403481
2.6163265306 3.0800848007
2.6204081633 6.0439968109
2.6244897959 3.5171210766
2.6285714286 4.6877636909
2.6326530612 9.9364891052
2.6367346939 18.1895408630
2.6408163265 25.1088752747
2.6448979592 24.1222991943
2.6489795918 21.4593410492
2.6530612245 17.9347686768
2.6571428571 14.1616172791
2.6612244898 10.5711221695
2.6653061224 7.3902015686
2.6693877551 4.2616128922
2.6734693878 0.0385046005
2.6775510204 0.0000000000
2.6816326531 0.0000000000
2.6857142857 0.0000000000
2.6897959184 0.0000000000
2.6938775510 0.0485777855
2.6979591837 1.6718208790
2.7020408163 3.6243796349
2.7061224490 3.5376548767
2.7102040816 0.3570616245
2.7142857143 0.0000000000
2.7183673469 0.0000000000
2.7224489796 2.9280333519
2.7265306122 0.0000000000
2.7306122449 0.0159144402
2.7346938776 0.4490613937
2.7387755102 0.0000000000
2.7428571429 0.0000000000
2.7469387755 0.0000000000
2.7510204082 0.0000000000
2.7551020408 0.0000000000
2.7591836735 0.0000000000
2.7632653061 0.0000000000
2.7673469388 0.0000000000
2.7714285714 0.0000000000
2.7755102041 0.0000000000
2.7795918367 0.0000000000
2.7836734694 0.0000000000
2.7877551020 0.0000000000
2.7918367347 0.0000000000
2.7959183673 0.0000000000
2.8000000000 0.0000000000
2.8040816327 0.0000000000
2.8081632653 3.8179457188
2.8122448980 6.5978765488
2.8163265306 7.1585626602
2.8204081633 6.1220526695
2.8244897959 6.9102048874
2.8285714286 7.0810317993
2.8326530612 4.3975410461
2.8367346939 0.0000000000
2.8408163265 0.0000000000
2.8448979592 0.0000000000
2.8489795918 0.0000000000
2.8530612245 1.8122494221
2.8571428571 1.1700093746
2.8612244898 2.9391050339
2.8653061224 1.0030269623
2.8693877551 0.0915527344
2.8734693878 0.0456571579
2.8775510204 0.0000000000
2.8816326531 0.1883506775
2.8857142857 0.0000000000
2.8897959184 1.5172958374
2.8938775510 9.6227226257
2.8979591837 9.3011560440
2.9020408163 2.6805400848
2.9061224490 0.5542263389
2.9102040816 0.0000000000
2.9142857143 0.0000000000
2.9183673469 0.0000000000
2.9224489796 0.0000000000
2.9265306122 0.0000000000
2.9306122449 0.0000000000
2.9346938776 0.0000000000
2.9387755102 0.0000000000
2.9428571429 0.0000000000
2.9469387755 0.0000000000
2.9510204082 0.0000000000
2.9551020408 0.0000000000
2.9591836735 0.0000000000
2.9632653061 0.6337165833
2.9673469388 14.2248706818
2.9714285714 32.1428489685
2.9755102041 55.9666137695
2.9795918367 75.1653900146
2.9836734694 85.8284835815
2.9877551020 90.0015716553
2.9918367347 88.3594741821
2.9959183673 78.7109756470
3.0000000000 69.3409423828
3.0040816327 68.4784317017
3.0081632653 64.6745529175
3.0122448980 61.8419647217
3.0163265306 50.4582824707
3.0204081633 32.6507682800
3.0244897959 15.2254695892
3.0285714286 0.1165866852
3.0326530612 0.0000000000
3.0367346939 0.0000000000
3.0408163265 0.0000000000
3.0448979592 0.0000000000
3.0489795918 0.0000000000
3.0530612245 0.0000000000
3.0571428571 0.0000000000
3.0612244898 0.0000000000
3.0653061224 0.0000000000
3.0693877551 0.0000000000
3.0734693878 0.0000000000
3.0775510204 0.0000000000
3.0816326531 0.0000000000
3.0857142857 0.0000000000
3.0897959184 0.0000000000
3.0938775510 0.0000000000
3.0979591837 0.0000000000
3.1020408163 0.0000000000
3.1061224490 0.0000000000
3.1102040816 0.0000000000
3.1142857143 0.0000000000
3.1183673469 0.0000000000
3.1224489796 0.0000000000
3.1265306122 0.0000000000
3.1306122449 0.0000000000
3.1346938776 0.0000000000
3.1387755102 0.0000000000
3.1428571429 0.0000000000
3.1469387755 0.0000000000
3.1510204082 0.0000000000
3.1551020408 0.0000000000
3.1591836735 0.0000000000
3.1632653061 0.0000000000
3.1673469388 0.0000000000
3.1714285714 0.0000000000
3.1755102041 0.0000000000
3.1795918367 0.0000000000
3.1836734694 0.0000000000
3.1877551020 0.0000000000
3.1918367347 0.0000000000
3.1959183673 0.0000000000
3.2000000000 0.0000000000
3.2040816327 0.0000000000
3.2081632653 0.0000000000
3.2122448980 0.0000000000
3.2163265306 0.0000000000
3.2204081633 0.0000000000
3.2244897959 0.0000000000
3.2285714286 0.0000000000
3.2326530612 0.0000000000
3.2367346939 0.0000000000
3.2408163265 0.0000000000
3.2448979592 0.0000000000
3.2489795918 0.0000000000
3.2530612245 7.3668956757
3.2571428571 5.8375597000
3.2612244898 0.0000000000
3.2653061224 2.0862669945
3.2693877551 7.3199567795
3.2734693878 4.2925477028
3.2775510204 5.5398344994
3.2816326531 4.8241019249
3.2857142857 1.8678307533
3.2897959184 7.5100064278
3.2938775510 0.0894665718
3.2979591837 0.0000000000
3.3020408163 0.0000000000
3.3061224490 0.0000000000
3.3102040816 0.0000000000
3.3142857143 0.0000000000
3.3183673469 0.0000000000
3.3224489796 0.0000000000
3.3265306122 0.0000000000
3.3306122449 0.0000000000
3.3346938776 0.0000000000
3.3387755102 36.1820373535
3.3428571429 118.6389312744
3.3469387755 149.7032775879
3.3510204082 143.9723358154
3.3551020408 134.6830749512
3.3591836735 109.8012847900
3.3632653061 101.8018722534
3.3673469388 87.7522201538
3.3714285714 70.0092849731
3.3755102041 55.7704544067
3.3795918367 39.9316864014
3.3836734694 34.0943641663
3.3877551020 35.4363937378
3.3918367347 38.0049057007
3.3959183673 46.4249877930
3.4000000000 58.3815002441
3.4040816327 61.7635269165
3.4081632653 58.8803863525
3.4122448980 52.5613403320
3.4163265306 45.1477241516
3.4204081633 38.5234527588
3.4244897959 33.7380905151
3.4285714286 29.9556255341
3.4326530612 19.0554847717
3.4367346939 9.5867519379
3.4408163265 0.2538710833
3.4448979592 0.0000000000
3.4489795918 0.0000000000
3.4530612245 3.9156675339
3.4571428571 3.0943155289
3.4612244898 2.4369359016
3.4653061224 2.0258426666
3.4693877551 1.8532872200
3.4734693878 0.0000000000
3.4775510204 0.0000000000
3.4816326531 0.0000000000
3.4857142857 0.0000000000
3.4897959184 0.0000000000
3.4938775510 0.0000000000
3.4979591837 0.0000000000
3.5020408163 0.0000000000
3.5061224490 0.0000000000
3.5102040816 0.0000000000
3.5142857143 0.0000000000
3.5183673469 0.0000000000
3.5224489796 0.0000000000
3.5265306122 0.0000000000
3.5306122449 0.0000000000
3.5346938776 0.0000000000
3.5387755102 0.0000000000
3.5428571429 0.0000000000
3.5469387755 0.0000000000
3.5510204082 0.0000000000
3.5551020408 0.0000000000
3.5591836735 0.0000000000
3.5632653061 0.0000000000
3.5673469388 0.0000000000
3.5714285714 0.0000000000
3.5755102041 0.0000000000
3.5795918367 0.0000000000
3.5836734694 0.0000000000
3.5877551020 0.0000000000
3.5918367347 0.0000000000
3.5959183673 0.0000000000
3.6000000000 0.0000000000
3.6040816327 0.0000000000
3.6081632653 0.0000000000
3.6122448980 0.0000000000
3.6163265306 0.0000000000
3.6204081633 0.0000000000
3.6244897959 0.0000000000
3.6285714286 0.0000000000
3.6326530612 0.0000000000
3.6367346939 0.0000000000
3.6408163265 0.0000000000
3.6448979592 0.0000000000
3.6489795918 0.0000000000
3.6530612245 0.0000000000
3.6571428571 0.0000000000
3.6612244898 0.0000000000
3.6653061224 0.0000000000
3.6693877551 0.0000000000
3.6734693878 0.0000000000
3.6775510204 0.0000000000
3.6816326531 0.0000000000
3.6857142857 0.0000000000
3.6897959184 0.0000000000
3.6938775510 0.0000000000
3.6979591837 0.0000000000
3.7020408163 0.0000000000
3.7061224490 0.0000000000
3.7102040816 1.4445781708
3.7142857143 10.4735794067
3.7183673469 23.8321418762
3.7224489796 36.5672988892
3.7265306122 56.8035125732
3.7306122449 75.8842697144
3.7346938776 110.5764312744
3.7387755102 112.2437896729
3.7428571429 108.8937454224
3.7469387755 98.6836547852
3.7510204082 90.9406509399
3.7551020408 80.4899597168
3.7591836735 75.2561035156
3.7632653061 74.4789276123
3.7673469388 72.1206054688
3.7714285714 66.4583435059
3.7755102041 56.6719741821
3.7795918367 40.7482376099
3.7836734694 23.5096206665
3.7877551020 9.9484329224
3.7918367347 0.2348423004
3.7959183673 0.0000000000
3.8000000000 0.0000000000
3.8040816327 0.0000000000
3.8081632653 0.0000000000
3.8122448980 0.0000000000
3.8163265306 0.0000000000
3.8204081633 0.0000000000
3.8244897959 0.0000000000
3.8285714286 0.0000000000
3.8326530612 0.0000000000
3.8367346939 0.0000000000
3.8408163265 0.0000000000
3.8448979592 0.0000000000
3.8489795918 0.0000000000
3.8530612245 0.0000000000
3.8571428571 0.0000000000
3.8612244898 0.0000000000
3.8653061224 0.0000000000
3.8693877551 0.0000000000
3.8734693878 0.0000000000
3.8775510204 0.0000000000
3.8816326531 0.0000000000
3.8857142857 0.0000000000
3.8897959184 0.0000000000
3.8938775510 0.0000000000
3.8979591837 0.0000000000
3.9020408163 0.0000000000
3.9061224490 0.0000000000
3.9102040816 0.0000000000
3.9142857143 0.0000000000
3.9183673469 0.0000000000
3.9224489796 0.0000000000
3.9265306122 0.0000000000
3.9306122449 0.0000000000
3.9346938776 0.0000000000
3.9387755102 3.9197206497
3.9428571429 6.2524080276
3.9469387755 7.1662664413
3.9510204082 6.5304040909
3.9551020408 4.6440362930
3.9591836735 8.6055994034
3.9632653061 5.0872859955
3.9673469388 1.0558366776
3.9714285714 3.6298036575
3.9755102041 2.9628276825
3.9795918367 0.0000000000
3.9836734694 0.0000000000
3.9877551020 0.0000000000
3.9918367347 2.3031234741
3.9959183673 1.6373991966
4.0000000000 0.9483098984
4.0040816327 0.0000000000
4.0081632653 0.0000000000
4.0122448980 0.0000000000
4.0163265306 0.0000000000
4.0204081633 0.0000000000
4.0244897959 0.0000000000
4.0285714286 0.0000000000
4.0326530612 0.0000000000
4.0367346939 0.0000000000
4.0408163265 0.0000000000
4.0448979592 0.0000000000
4.0489795918 0.0000000000
4.0530612245 0.0000000000
4.0571428571 3.1731128693
4.0612244898 6.5937337875
4.0653061224 10.0154876709
4.0693877551 10.8278989792
4.0734693878 8.3594913483
4.0775510204 0.5263984203
4.0816326531 0.9622126818
4.0857142857 3.1517891884
4.0897959184 2.2108852863
4.0938775510 4.5489668846
4.0979591837 5.2759499550
4.1020408163 10.1639776230
4.1061224490 7.2761178017
4.1102040816 21.3644790649
4.1142857143 26.1217212677
4.1183673469 34.5805435181
4.1224489796 47.8788604736
4.1265306122 52.9803924561
4.1306122449 53.6872138977
4.1346938776 53.2298088074
4.1387755102 48.7726898193
4.1428571429 37.6639366150
4.1469387755 30.2846145630
4.1510204082 23.7779006958
4.1551020408 16.7446746826
4.1591836735 8.7773208618
4.1632653061 4.8121213913
4.1673469388 0.7125735283
4.1714285714 0.0000000000
4.1755102041 0.0000000000
4.1795918367 0.0000000000
4.1836734694 0.0000000000
4.1877551020 0.0000000000
4.1918367347 0.0000000000
4.1959183673 0.0000000000
4.2000000000 0.0000000000
4.2040816327 0.0000000000
4.2081632653 0.0000000000
4.2122448980 0.5674958229
4.2163265306 1.2563467026
4.2204081633 2.1042823792
4.2244897959 0.0000000000
4.2285714286 3.9042830467
4.2326530612 2.5673508644
4.2367346939 0.0000000000
4.2408163265 0.0000000000
4.2448979592 2.7874112129
4.2489795918 4.5243501663
4.2530612245 1.9283294678
4.2571428571 3.9919614792
4.2612244898 5.7081580162
4.2653061224 2.8920769691
4.2693877551 2.0288825035
4.2734693878 0.0000000000
4.2775510204 0.0000000000
4.2816326531 0.0000000000
4.2857142857 0.0000000000
4.2897959184 0.0000000000
4.2938775510 0.0000000000
4.2979591837 0.0000000000
4.3020408163 0.0000000000
4.3061224490 0.0000000000
4.3102040816 0.0000000000
4.3142857143 0.0000000000
4.3183673469 7.0211887360
4.3224489796 8.2150697708
4.3265306122 8.5222721100
4.3306122449 14.2606496811
4.3346938776 16.8527374268
4.3387755102 23.1665973663
4.3428571429 27.7191467285
4.3469387755 27.5369586945
4.3510204082 26.0463867188
4.3551020408 25.0166645050
4.3591836735 28.1060123444
4.3632653061 27.5612068176
4.3673469388 23.9219665527
4.3714285714 17.7468070984
4.3755102041 10.9399557114
4.3795918367 4.9822330475
4.3836734694 2.5842189789
4.3877551020 0.0000000000
4.3918367347 0.0000000000
4.3959183673 0.0000000000
4.4000000000 0.0000000000
4.4040816327 0.0000000000
4.4081632653 0.0000000000
4.4122448980 0.0000000000
4.4163265306 0.0000000000
4.4204081633 0.0000000000
4.4244897959 0.0000000000
4.4285714286 0.0000000000
4.4326530612 0.0000000000
4.4367346939 0.6544589996
4.4408163265 0.1558065414
4.4448979592 0.3716945648
4.4489795918 0.1067221165
4.4530612245 0.0000000000
4.4571428571 0.0000000000
4.4612244898 0.1679658890
4.4653061224 0.0000000000
4.4693877551 3.3443570137
4.4734693878 11.5781421661
4.4775510204 6.6450834274
4.4816326531 10.3555316925
4.4857142857 12.8952865601
4.4897959184 8.7996721268
4.4938775510 13.8195152283
4.4979591837 18.1874771118
4.5020408163 21.5794143677
4.5061224490 24.3804454803
4.5102040816 35.9581108093
4.5142857143 46.0586853027
4.5183673469 41.8000640869
4.5224489796 48.3151664734
4.5265306122 41.9554138184
4.5306122449 30.7131996155
4.5346938776 15.5318374634
4.5387755102 6.4721107483
4.5428571429 0.0000000000
4.5469387755 0.0000000000
4.5510204082 0.0000000000
4.5551020408 0.0000000000
4.5591836735 0.0000000000
4.5632653061 0.0000000000
4.5673469388 0.0000000000
4.5714285714 0.0000000000
4.5755102041 0.0000000000
4.5795918367 0.0000000000
4.5836734694 0.0000000000
4.5877551020 0.0000000000
4.5918367347 0.0000000000
4.5959183673 0.0000000000
4.6000000000 0.0000000000
4.6040816327 0.0000000000
4.6081632653 0.0000000000
4.6122448980 3.8234591484
4.6163265306 2.0739436150
4.6204081633 0.0000000000
4.6244897959 0.0000000000
4.6285714286 0.0000000000
4.6326530612 0.0000000000
4.6367346939 0.0000000000
4.6408163265 0.0000000000
4.6448979592 0.0000000000
4.6489795918 0.0000000000
4.6530612245 0.0000000000
4.6571428571 0.0000000000
4.6612244898 0.0000000000
4.6653061224 0.0000000000
4.6693877551 0.0000000000
4.6734693878 0.0000000000
4.6775510204 0.0000000000
4.6816326531 0.0000000000
4.6857142857 0.0000000000
4.6897959184 0.5631446838
4.6938775510 0.6161928177
4.6979591837 6.5387339592
4.7020408163 12.0961666107
4.7061224490 14.7410030365
4.7102040816 11.2119913101
4.7142857143 6.1916112900
4.7183673469 4.6969947815
4.7224489796 7.0443153381
4.7265306122 6.9231243134
4.7306122449 2.6684701443
4.7346938776 0.0000000000
4.7387755102 0.0000000000
4.7428571429 7.8306794167
4.7469387755 9.7050075531
4.7510204082 3.0452013016
4.7551020408 0.0000000000
4.7591836735 1.2112855911
4.7632653061 4.4465360641
4.7673469388 5.9666633606
4.7714285714 7.7692565918
4.7755102041 15.2907075882
4.7795918367 15.6228542328
4.7836734694 13.7694473267
4.7877551020 7.3417129517
4.7918367347 1.2416839600
4.7959183673 0.0000000000
4.8000000000 0.0000000000
4.8040816327 0.0616312027
4.8081632653 4.8088431358
4.8122448980 0.0000000000
4.8163265306 0.0000000000
4.8204081633 0.0000000000
4.8244897959 0.0000000000
4.8285714286 0.0000000000
4.8326530612 0.0000000000
4.8367346939 0.0000000000
4.8408163265 0.0000000000
4.8448979592 0.0000000000
4.8489795918 2.8505623341
4.8530612245 0.3899335861
4.8571428571 0.0000000000
4.8612244898 0.0000000000
4.8653061224 0.7361173630
4.8693877551 1.5944540501
4.8734693878 5.1100549698
4.8775510204 8.2699661255
4.8816326531 22.1309661865
4.8857142857 25.8154125214
4.8897959184 38.1163520813
4.8938775510 38.5580062866
4.8979591837 29.3547210693
4.9020408163 26.5976181030
4.9061224490 27.7385253906
4.9102040816 33.0413742065
4.9142857143 32.7999000549
4.9183673469 31.7881126404
4.9224489796 20.4778690338
4.9265306122 10.6997489929
4.9306122449 1.5808343887
4.9346938776 0.0000000000
4.9387755102 0.0000000000
4.9428571429 0.0000000000
4.9469387755 0.0000000000
4.9510204082 0.0000000000
4.9551020408 0.0000000000
4.9591836735 0.0000000000
4.9632653061 0.0000000000
4.9673469388 0.0000000000
4.9714285714 0.0000000000
4.9755102041 0.0000000000
4.9795918367 0.0000000000
4.9836734694 0.0000000000
4.9877551020 0.0000000000
4.9918367347 0.0000000000
4.9959183673 0.0000000000
5.0000000000 0.0000000000
5.0040816327 0.0000000000
5.0081632653 0.0000000000
5.0122448980 0.0000000000
5.0163265306 0.0000000000
5.0204081633 0.0000000000
5.0244897959 2.5178790092
5.0285714286 2.9539465904
5.0326530612 3.5419464111
5.0367346939 0.9689927101
5.0408163265 0.0000000000
5.0448979592 0.0000000000
5.0489795918 0.0000000000
5.0530612245 0.0000000000
5.0571428571 0.0000000000
5.0612244898 0.0000000000
5.0653061224 0.0000000000
5.0693877551 0.0000000000
5.0734693878 0.0000000000
5.0775510204 0.0000000000
5.0816326531 0.0000000000
5.0857142857 0.0000000000
5.0897959184 0.0000000000
5.0938775510 0.0000000000
5.0979591837 0.0000000000
5.1020408163 0.0000000000
5.1061224490 0.0000000000
5.1102040816 0.0000000000
5.1142857143 0.0000000000
5.1183673469 0.0000000000
5.1224489796 0.0000000000
5.1265306122 0.0000000000
5.1306122449 0.0000000000
5.1346938776 0.0000000000
5.1387755102 5.0159397125
5.1428571429 2.8154253960
5.1469387755 0.0000000000
5.1510204082 0.0000000000
5.1551020408 0.0000000000
5.1591836735 0.2001971006
5.1632653061 0.0419318676
5.1673469388 1.1219382286
5.1714285714 0.0000000000
5.1755102041 0.0000000000
5.1795918367 0.0000000000
5.1836734694 0.0000000000
5.1877551020 0.0000000000
5.1918367347 0.0000000000
5.1959183673 0.0000000000
5.2000000000 0.0000000000
5.2040816327 0.0000000000
5.2081632653 0.0000000000
5.2122448980 0.0000000000
5.2163265306 0.0000000000
5.2204081633 1.1801682711
5.2244897959 6.5753755569
5.2285714286 15.6964654922
5.2326530612 34.4719429016
5.2367346939 50.0154800415
5.2408163265 56.9082794189
5.2448979592 58.5474967957
5.2489795918 68.7495269775
5.2530612245 76.5773620605
5.2571428571 95.6849060059
5.2612244898 97.8414001465
5.2653061224 95.4056396484
5.2693877551 97.2715835571
5.2734693878 98.7992401123
5.2775510204 94.0365142822
5.2816326531 84.2557220459
5.2857142857 74.9837493896
5.2897959184 70.7072296143
5.2938775510 55.5420799255
5.2979591837 46.2765884399
5.3020408163 41.2817993164
5.3061224490 36.3264999390
5.3102040816 30.2858352661
5.3142857143 24.4032135010
5.3183673469 26.4147529602
5.3224489796 29.6897735596
5.3265306122 28.1364479065
5.3306122449 23.4299602509
5.3346938776 18.5505142212
5.3387755102 9.3987579346
5.3428571429 2.0132064819
5.3469387755 0.0000000000
5.3510204082 0.0000000000
5.3551020408 0.0000000000
5.3591836735 0.0000000000
5.3632653061 0.0000000000
5.3673469388 0.0000000000
5.3714285714 0.0000000000
5.3755102041 0.0000000000
5.3795918367 0.0000000000
5.3836734694 0.0000000000
5.3877551020 0.0000000000
5.3918367347 0.0000000000
5.3959183673 0.0000000000
5.4000000000 0.0000000000
5.4040816327 0.0000000000
5.4081632653 0.0000000000
5.4122448980 0.0000000000
5.4163265306 0.0000000000
5.4204081633 0.0000000000
5.4244897959 0.0000000000
5.4285714286 0.0000000000
5.4326530612 0.0000000000
5.4367346939 0.0000000000
5.4408163265 0.0000000000
5.4448979592 0.0000000000
5.4489795918 0.0000000000
5.4530612245 0.0000000000
5.4571428571 0.0000000000
5.4612244898 0.0000000000
5.4653061224 0.0000000000
5.4693877551 0.0000000000
5.4734693878 0.0000000000
5.4775510204 0.0000000000
5.4816326531 0.0000000000
5.4857142857 0.0000000000
5.4897959184 0.0000000000
5.4938775510 0.0000000000
5.4979591837 0.0000000000
5.5020408163 0.0000000000
5.5061224490 0.0000000000
5.5102040816 0.0000000000
5.5142857143 0.0000000000
5.5183673469 0.0000000000
5.5224489796 0.0000000000
5.5265306122 0.0000000000
5.5306122449 0.0000000000
5.5346938776 0.0000000000
5.5387755102 0.0000000000
5.5428571429 0.0000000000
5.5469387755 0.0000000000
5.5510204082 0.0000000000
5.5551020408 0.0000000000
5.5591836735 0.0000000000
5.5632653061 0.0000000000
5.5673469388 0.0000000000
5.5714285714 0.0000000000
5.5755102041 0.0000000000
5.5795918367 0.0000000000
5.5836734694 0.0000000000
5.5877551020 6.1033964157
5.5918367347 7.9677028656
5.5959183673 7.9371781349
5.6000000000 14.3400135040
5.6040816327 19.7309856415
5.6081632653 12.7952394485
5.6122448980 50.6784477234
5.6163265306 67.0065917969
5.6204081633 63.4951553345
5.6244897959 67.0950622559
5.6285714286 78.4861755371
5.6326530612 89.6602630615
5.6367346939 99.3554840088
5.6408163265 110.6039886475
5.6448979592 117.7546997070
5.6489795918 108.7416381836
5.6530612245 92.9836044312
5.6571428571 79.8442382812
5.6612244898 71.4984436035
5.6653061224 63.1757545471
5.6693877551 49.3529434204
5.6734693878 37.7025604248
5.6775510204 24.1688499451
5.6816326531 11.9194688797
5.6857142857 7.9328417778
5.6897959184 5.7801008224
5.6938775510 5.7384967804
5.6979591837 1.9259452820
5.7020408163 0.0000000000
5.7061224490 0.0000000000
5.7102040816 0.0000000000
5.7142857143 0.0000000000
5.7183673469 0.0000000000
5.7224489796 0.0000000000
5.7265306122 0.0000000000
5.7306122449 0.0000000000
5.7346938776 0.0000000000
5.7387755102 0.0000000000
5.7428571429 0.0000000000
5.7469387755 0.0000000000
5.7510204082 0.0000000000
5.7551020408 0.0000000000
5.7591836735 0.0000000000
5.7632653061 0.0000000000
5.7673469388 0.0000000000
5.7714285714 0.0000000000
5.7755102041 0.0000000000
5.7795918367 0.0000000000
5.7836734694 0.0000000000
5.7877551020 0.0000000000
5.7918367347 0.0000000000
5.7959183673 0.0000000000
5.8000000000 0.0000000000
5.8040816327 0.0000000000
5.8081632653 0.0000000000
5.8122448980 0.0000000000
5.8163265306 0.0000000000
5.8204081633 0.0000000000
5.8244897959 0.0000000000
5.8285714286 0.0000000000
5.8326530612 0.0000000000
5.8367346939 0.0000000000
5.8408163265 0.0000000000
5.8448979592 0.0000000000
5.8489795918 0.0000000000
5.8530612245 0.0000000000
5.8571428571 0.0000000000
5.8612244898 0.0000000000
5.8653061224 0.0000000000
5.8693877551 0.0000000000
5.8734693878 0.0000000000
5.8775510204 0.0000000000
5.8816326531 0.0000000000
5.8857142857 0.6361007690
5.8897959184 4.6581029892
5.8938775510 3.1127929688
5.8979591837 0.0000000000
5.9020408163 0.0000000000
5.9061224490 0.0000000000
5.9102040816 0.0000000000
5.9142857143 0.0000000000
5.9183673469 0.0000000000
5.9224489796 0.0000000000
5.9265306122 0.0000000000
5.9306122449 0.0000000000
5.9346938776 0.0000000000
5.9387755102 0.0000000000
5.9428571429 0.0000000000
5.9469387755 0.0000000000
5.9510204082 0.0000000000
5.9551020408 0.0000000000
5.9591836735 0.0000000000
5.9632653061 1.6022920609
5.9673469388 0.0000000000
5.9714285714 4.5381784439
5.9755102041 2.8040409088
5.9795918367 0.0000000000
5.9836734694 0.0000000000
5.9877551020 0.0000000000
5.9918367347 0.0000000000
5.9959183673 4.1094422340
6.0000000000 12.2858285904
6.0040816327 26.0119743347
6.0081632653 36.5220909119
6.0122448980 41.9491500854
6.0163265306 56.4533462524
6.0204081633 71.6216583252
6.0244897959 79.2161254883
6.0285714286 83.7429809570
6.0326530612 82.4942626953
6.0367346939 82.2854461670
6.0408163265 77.4790039062
6.0448979592 66.6852035522
6.0489795918 55.8980712891
6.0530612245 41.5610046387
6.0571428571 26.3025474548
6.0612244898 13.7740669250
6.0653061224 8.1076030731
6.0693877551 5.6019124985
6.0734693878 2.8166472912
6.0775510204 3.5983324051
6.0816326531 6.5925416946
6.0857142857 5.4778828621
6.0897959184 4.0133895874
6.0938775510 1.6641914845
6.0979591837 0.0000000000
6.1020408163 0.0000000000
6.1061224490 0.0000000000
6.1102040816 0.0000000000
6.1142857143 0.0000000000
6.1183673469 0.0000000000
6.1224489796 0.0000000000
6.1265306122 0.0000000000
6.1306122449 0.0000000000
6.1346938776 0.0000000000
6.1387755102 0.0000000000
6.1428571429 0.0000000000
6.1469387755 0.0000000000
6.1510204082 0.0000000000
6.1551020408 0.0000000000
6.1591836735 0.0000000000
6.1632653061 0.0000000000
6.1673469388 0.0000000000
6.1714285714 0.0000000000
6.1755102041 0.0000000000
6.1795918367 0.0000000000
6.1836734694 0.0000000000
6.1877551020 0.0000000000
6.1918367347 0.0000000000
6.1959183673 0.0000000000
6.2000000000 0.0000000000
6.2040816327 0.0000000000
6.2081632653 0.0000000000
6.2122448980 1.0805130005
6.2163265306 0.0227093697
6.2204081633 4.7228336334
6.2244897959 9.9272136688
6.2285714286 8.5650081635
6.2326530612 5.8979692459
6.2367346939 0.3502070904
6.2408163265 0.0000000000
6.2448979592 0.0000000000
6.2489795918 0.0000000000
6.2530612245 0.0000000000
6.2571428571 0.0000000000
6.2612244898 0.0000000000
6.2653061224 0.0000000000
6.2693877551 0.8585751057
6.2734693878 6.8511366844
6.2775510204 8.5757675171
6.2816326531 0.0000000000
6.2857142857 0.0000000000
6.2897959184 0.0000000000
6.2938775510 0.0000000000
6.2979591837 0.0000000000
6.3020408163 0.0000000000
6.3061224490 0.0000000000
6.3102040816 0.0000000000
6.3142857143 0.0000000000
6.3183673469 0.5592703819
6.3224489796 5.5680871010
6.3265306122 1.4995932579
6.3306122449 0.0000000000
6.3346938776 0.0000000000
6.3387755102 0.0000000000
6.3428571429 0.0000000000
6.3469387755 0.0000000000
6.3510204082 3.8095712662
6.3551020408 15.0634651184
6.3591836735 19.7179908752
6.3632653061 24.9126472473
6.3673469388 36.5590438843
6.3714285714 48.1675262451
6.3755102041 53.6812515259
6.3795918367 53.2038497925
6.3836734694 47.6504859924
6.3877551020 38.2697296143
6.3918367347 34.7402687073
6.3959183673 28.3164978027
6.4000000000 32.3689575195
6.4040816327 27.6990528107
6.4081632653 24.6334667206
6.4122448980 24.4916076660
6.4163265306 23.4667968750
6.4204081633 17.8682060242
6.4244897959 29.9513931274
6.4285714286 17.5574417114
6.4326530612 5.1160454750
6.4367346939 1.3048052788
6.4408163265 2.8407573700
6.4448979592 4.9566030502
6.4489795918 4.7925114632
6.4530612245 12.5536918640
6.4571428571 15.0486536026
6.4612244898 10.8953714371
6.4653061224 4.2116641998
6.4693877551 0.1711845398
6.4734693878 0.0000000000
6.4775510204 0.0000000000
6.4816326531 0.0000000000
6.4857142857 0.0000000000
6.4897959184 0.0000000000
6.4938775510 0.0000000000
6.4979591837 0.0000000000
6.5020408163 0.0000000000
6.5061224490 0.0000000000
6.5102040816 0.0000000000
6.5142857143 0.0000000000
6.5183673469 0.0000000000
6.5224489796 0.0000000000
6.5265306122 0.0000000000
6.5306122449 0.0000000000
6.5346938776 0.0000000000
6.5387755102 0.0000000000
6.5428571429 0.0000000000
6.5469387755 0.0000000000
6.5510204082 0.0000000000
6.5551020408 0.0000000000
6.5591836735 0.0000000000
6.5632653061 0.0000000000
6.5673469388 0.0000000000
6.5714285714 1.0014176369
6.5755102041 1.4715194702
6.5795918367 3.2941699028
6.5836734694 4.1475892067
6.5877551020 3.6791861057
6.5918367347 1.8714964390
6.5959183673 0.0000000000
6.6000000000 0.0000000000
6.6040816327 0.0000000000
6.6081632653 0.0000000000
6.6122448980 0.0000000000
6.6163265306 0.0000000000
6.6204081633 0.0000000000
6.6244897959 0.0000000000
6.6285714286 0.0000000000
6.6326530612 0.0000000000
6.6367346939 0.3243684769
6.6408163265 0.0000000000
6.6448979592 0.0000000000
6.6489795918 0.0000000000
6.6530612245 0.0000000000
6.6571428571 0.0000000000
6.6612244898 0.0000000000
6.6653061224 0.0000000000
6.6693877551 0.0000000000
6.6734693878 0.0000000000
6.6775510204 0.0000000000
6.6816326531 0.0000000000
6.6857142857 0.0000000000
6.6897959184 0.0000000000
6.6938775510 0.0000000000
6.6979591837 1.8103122711
6.7020408163 3.8421750069
6.7061224490 0.0000000000
6.7102040816 0.0000000000
6.7142857143 0.0000000000
6.7183673469 0.0000000000
6.7224489796 0.7387101650
6.7265306122 0.0000000000
6.7306122449 2.5039539337
6.7346938776 5.9671325684
6.7387755102 14.6671237946
6.7428571429 30.6292476654
6.7469387755 42.7248077393
6.7510204082 37.9561004639
6.7551020408 41.8269653320
6.7591836735 47.5445404053
6.7632653061 52.3988533020
6.7673469388 66.0946350098
6.7714285714 75.9400787354
6.7755102041 81.9651031494
6.7795918367 84.6758041382
6.7836734694 87.4175415039
6.7877551020 84.1837539673
6.7918367347 82.8093872070
6.7959183673 78.4624786377
6.8000000000 72.4261703491
6.8040816327 63.7060394287
6.8081632653 57.3393096924
6.8122448980 49.6879920959
6.8163265306 42.2766799927
6.8204081633 32.8637924194
6.8244897959 32.5585021973
6.8285714286 28.9429244995
6.8326530612 21.0959091187
6.8367346939 11.0190505981
6.8408163265 0.0000000000
6.8448979592 0.0000000000
6.8489795918 0.0000000000
6.8530612245 0.0000000000
6.8571428571 0.0000000000
6.8612244898 0.0000000000
6.8653061224 0.0000000000
6.8693877551 0.0000000000
6.8734693878 0.0000000000
6.8775510204 0.7975818515
6.8816326531 0.0000000000
6.8857142857 0.0000000000
6.8897959184 0.0000000000
6.8938775510 0.0000000000
6.8979591837 0.0000000000
6.9020408163 0.0000000000
6.9061224490 0.0000000000
6.9102040816 0.0000000000
6.9142857143 0.0000000000
6.9183673469 0.0000000000
6.9224489796 0.0000000000
6.9265306122 0.0000000000
6.9306122449 0.0000000000
6.9346938776 0.0000000000
6.9387755102 0.0000000000
6.9428571429 0.0000000000
6.9469387755 0.0000000000
6.9510204082 0.0000000000
6.9551020408 0.0000000000
6.9591836735 0.0000000000
6.9632653061 0.0000000000
6.9673469388 0.0000000000
6.9714285714 0.0000000000
6.9755102041 0.0000000000
6.9795918367 0.0000000000
6.9836734694 0.0000000000
6.9877551020 1.2915730476
6.9918367347 0.0000000000
6.9959183673 0.0000000000
7.0000000000 0.0000000000
7.0040816327 0.0000000000
7.0081632653 0.0000000000
7.0122448980 0.0000000000
7.0163265306 0.0000000000
7.0204081633 0.0000000000
7.0244897959 0.0000000000
7.0285714286 0.0000000000
7.0326530612 0.4623532295
7.0367346939 0.0000000000
7.0408163265 0.0000000000
7.0448979592 0.0000000000
7.0489795918 0.0000000000
7.0530612245 0.0000000000
7.0571428571 0.0000000000
7.0612244898 0.0000000000
7.0653061224 0.0000000000
7.0693877551 0.0000000000
7.0734693878 0.0000000000
7.0775510204 0.0000000000
7.0816326531 0.0000000000
7.0857142857 0.0000000000
7.0897959184 0.0000000000
7.0938775510 2.5854110718
7.0979591837 6.2286558151
7.1020408163 8.9733295441
7.1061224490 1.8753111362
7.1102040816 8.9277629852
7.1142857143 20.9857406616
7.1183673469 19.2197265625
7.1224489796 22.9155426025
7.1265306122 23.9597549438
7.1306122449 18.4783630371
7.1346938776 14.9823722839
7.1387755102 19.3283863068
7.1428571429 13.1232147217
7.1469387755 3.3582391739
7.1510204082 0.3952011466
7.1551020408 0.0000000000
7.1591836735 6.2278804779
7.1632653061 5.4294166565
7.1673469388 17.7757740021
7.1714285714 21.3074378967
7.1755102041 16.2684841156
7.1795918367 7.1906824112
7.1836734694 2.9993057251
7.1877551020 0.5788803101
7.1918367347 0.7548332214
7.1959183673 10.5655193329
7.2000000000 7.8134536743
7.2040816327 1.8308162689
7.2081632653 0.0128764659
7.2122448980 0.0000000000
7.2163265306 0.0000000000
7.2204081633 0.0000000000
7.2244897959 0.0000000000
7.2285714286 0.0000000000
7.2326530612 0.0000000000
7.2367346939 1.4562606812
7.2408163265 9.7780227661
7.2448979592 8.1676845551
7.2489795918 1.2220144272
7.2530612245 0.0000000000
7.2571428571 0.0000000000
7.2612244898 0.0000000000
7.2653061224 0.0000000000
7.2693877551 0.0000000000
7.2734693878 0.0000000000
7.2775510204 0.0000000000
7.2816326531 0.0000000000
7.2857142857 0.3354251385
7.2897959184 0.8951425552
7.2938775510 1.3986080885
7.2979591837 3.4208893776
7.3020408163 3.9475858212
7.3061224490 5.9868392944
7.3102040816 12.8094100952
7.3142857143 18.4065093994
7.3183673469 24.9788761139
7.3224489796 24.7228889465
7.3265306122 20.1605567932
7.3306122449 15.6366224289
7.3346938776 8.5478153229
7.3387755102 3.3174753189
7.3428571429 6.7700891495
7.3469387755 0.0000000000
7.3510204082 0.7596015930
7.3551020408 2.0560026169
7.3591836735 0.0000000000
7.3632653061 0.0000000000
7.3673469388 0.0000000000
7.3714285714 0.0000000000
7.3755102041 0.0000000000
7.3795918367 1.6989111900
7.3836734694 1.3796687126
7.3877551020 1.8322467804
7.3918367347 0.0000000000
7.3959183673 0.0000000000
7.4000000000 0.0000000000
7.4040816327 0.0000000000
7.4081632653 0.0000000000
7.4122448980 0.0000000000
7.4163265306 0.0000000000
7.4204081633 5.1843671799
7.4244897959 15.2317142487
7.4285714286 17.6810016632
7.4326530612 9.0518589020
7.4367346939 4.5093297958
7.4408163265 0.0000000000
7.4448979592 0.0000000000
7.4489795918 0.0000000000
7.4530612245 0.0000000000
7.4571428571 0.0000000000
7.4612244898 1.7281770706
7.4653061224 0.0000000000
7.4693877551 0.0000000000
7.4734693878 0.0000000000
7.4775510204 0.0000000000
7.4816326531 0.0000000000
7.4857142857 8.7736320496
7.4897959184 22.4922599792
7.4938775510 40.6046066284
7.4979591837 75.7982635498
7.5020408163 109.7441558838
7.5061224490 143.9321594238
7.5102040816 160.7135620117
7.5142857143 159.5116271973
7.5183673469 133.5503540039
7.5224489796 112.8987426758
7.5265306122 92.2312164307
7.5306122449 79.9982910156
7.5346938776 64.1058349609
7.5387755102 44.3315505981
7.5428571429 30.5774211884
7.5469387755 14.2054557800
7.5510204082 4.0028095245
7.5551020408 0.0000000000
7.5591836735 0.0000000000
7.5632653061 0.0000000000
7.5673469388 0.0000000000
7.5714285714 0.0000000000
7.5755102041 0.0000000000
7.5795918367 0.0000000000
7.5836734694 0.0000000000
7.5877551020 0.0000000000
7.5918367347 0.0000000000
7.5959183673 0.0000000000
7.6000000000 0.0000000000
7.6040816327 0.0000000000
7.6081632653 0.0000000000
7.6122448980 0.0000000000
7.6163265306 0.0000000000
7.6204081633 0.0000000000
7.6244897959 0.0000000000
7.6285714286 0.0000000000
7.6326530612 0.0000000000
7.6367346939 0.0000000000
7.6408163265 0.0000000000
7.6448979592 0.0000000000
7.6489795918 0.0000000000
7.6530612245 0.0000000000
7.6571428571 0.0000000000
7.6612244898 0.0000000000
7.6653061224 0.0000000000
7.6693877551 0.0000000000
7.6734693878 0.0000000000
7.6775510204 0.0000000000
7.6816326531 0.0000000000
7.6857142857 0.0000000000
7.6897959184 0.0000000000
7.6938775510 0.0000000000
7.6979591837 0.0000000000
7.7020408163 0.0000000000
7.7061224490 0.0000000000
7.7102040816 0.0000000000
7.7142857143 0.0000000000
7.7183673469 0.0000000000
7.7224489796 0.0000000000
7.7265306122 0.0000000000
7.7306122449 0.0000000000
7.7346938776 0.1351833344
7.7387755102 0.0000000000
7.7428571429 0.1500248909
7.7469387755 3.2847225666
7.7510204082 2.1911561489
7.7551020408 1.3515949249
7.7591836735 1.3490216732
7.7632653061 6.3726010323
7.7673469388 5.0547719002
7.7714285714 6.0104131699
7.7755102041 15.9925212860
7.7795918367 18.2678108215
7.7836734694 13.6011238098
7.7877551020 10.5106163025
7.7918367347 6.2637329102
7.7959183673 1.7970800400
7.8000000000 0.0246763229
7.8040816327 0.0000000000
7.8081632653 0.0000000000
7.8122448980 0.0000000000
7.8163265306 0.0000000000
7.8204081633 0.0000000000
7.8244897959 0.0000000000
7.8285714286 0.0000000000
7.8326530612 0.0000000000
7.8367346939 0.0000000000
7.8408163265 0.0000000000
7.8448979592 0.0000000000
7.8489795918 0.0000000000
7.8530612245 0.0000000000
7.8571428571 0.0000000000
7.8612244898 0.0000000000
7.8653061224 0.0000000000
7.8693877551 0.0000000000
7.8734693878 0.0000000000
7.8775510204 0.0000000000
7.8816326531 2.7738511562
7.8857142857 14.7182836533
7.8897959184 32.0538940430
7.8938775510 59.2709503174
7.8979591837 56.3275222778
7.9020408163 57.5602645874
7.9061224490 59.8778152466
7.9102040816 61.3746337891
7.9142857143 56.9795379639
7.9183673469 54.5079727173
7.9224489796 49.8628158569
7.9265306122 54.3488388062
7.9306122449 60.4808731079
7.9346938776 56.0469398499
7.9387755102 48.5932464600
7.9428571429 39.3108062744
7.9469387755 38.7607994080
7.9510204082 24.8319053650
7.9551020408 13.0772895813
7.9591836735 2.9742717743
7.9632653061 0.1213215292
7.9673469388 0.0000000000
7.9714285714 0.0000000000
7.9755102041 0.0000000000
7.9795918367 0.0000000000
7.9836734694 0.0000000000
7.9877551020 0.0000000000
7.9918367347 0.0000000000
7.9959183673 0.0000000000
8.0000000000 0.0000000000
8.0040816327 0.0000000000
8.0081632653 0.0527612865
8.0122448980 0.0000000000
8.0163265306 0.0000000000
8.0204081633 0.0000000000
8.0244897959 0.0000000000
8.0285714286 0.0000000000
8.0326530612 0.0000000000
8.0367346939 0.0000000000
8.0408163265 0.0000000000
8.0448979592 0.0000000000
8.0489795918 0.0000000000
8.0530612245 0.0000000000
8.0571428571 0.0000000000
8.0612244898 4.0836334229
8.0653061224 5.7021975517
8.0693877551 10.8748674393
8.0734693878 5.9056878090
8.0775510204 1.0365247726
8.0816326531 0.0000000000
8.0857142857 0.0000000000
8.0897959184 0.0000000000
8.0938775510 0.0000000000
8.0979591837 0.0000000000
8.1020408163 0.0000000000
8.1061224490 0.0000000000
8.1102040816 0.0000000000
8.1142857143 0.0000000000
8.1183673469 0.0000000000
8.1224489796 0.0000000000
8.1265306122 0.0000000000
8.1306122449 0.0000000000
8.1346938776 0.0000000000
8.1387755102 0.0000000000
8.1428571429 0.0000000000
8.1469387755 0.0000000000
8.1510204082 0.0000000000
8.1551020408 0.0000000000
8.1591836735 1.0322928429
8.1632653061 1.9959807396
8.1673469388 2.5369524956
8.1714285714 3.1840205193
8.1755102041 7.7311992645
8.1795918367 9.3867330551
8.1836734694 5.4870247841
8.1877551020 2.5415420532
8.1918367347 2.5212764740
8.1959183673 3.4729838371
8.2000000000 4.6394019127
8.2040816327 2.1078288555
8.2081632653 0.0000000000
8.2122448980 0.0320076942
8.2163265306 0.0000000000
8.2204081633 0.0000000000
8.2244897959 0.0000000000
8.2285714286 0.0000000000
8.2326530612 0.0000000000
8.2367346939 0.0000000000
8.2408163265 0.9399652481
8.2448979592 1.6277432442
8.2489795918 24.6498737335
8.2530612245 43.3935394287
8.2571428571 51.5338478088
8.2612244898 54.9480895996
8.2653061224 85.8725814819
8.2693877551 93.7279205322
8.2734693878 104.7390747070
8.2775510204 117.4221496582
8.2816326531 113.9050750732
8.2857142857 104.5244750977
8.2897959184 84.9330444336
8.2938775510 80.3357391357
8.2979591837 79.1198577881
8.3020408163 70.5643157959
8.3061224490 59.8453903198
8.3102040816 47.4969749451
8.3142857143 32.6844482422
8.3183673469 20.1430015564
8.3224489796 13.0365486145
8.3265306122 3.9987564087
8.3306122449 0.0000000000
8.3346938776 0.0000000000
8.3387755102 0.0000000000
8.3428571429 0.0000000000
8.3469387755 0.0000000000
8.3510204082 0.0000000000
8.3551020408 0.0000000000
8.3591836735 0.0000000000
8.3632653061 0.0000000000
8.3673469388 0.0000000000
8.3714285714 0.0000000000
8.3755102041 0.0000000000
8.3795918367 0.0000000000
8.3836734694 0.0000000000
8.3877551020 0.0000000000
8.3918367347 0.0000000000
8.3959183673 0.0000000000
8.4000000000 0.0000000000
8.4040816327 0.0000000000
8.4081632653 0.0000000000
8.4122448980 0.0000000000
8.4163265306 0.0000000000
8.4204081633 0.0000000000
8.4244897959 0.0000000000
8.4285714286 0.0000000000
8.4326530612 0.0000000000
8.4367346939 0.0000000000
8.4408163265 0.0000000000
8.4448979592 0.0000000000
8.4489795918 0.0000000000
8.4530612245 0.0000000000
8.4571428571 0.0000000000
8.4612244898 0.0000000000
8.4653061224 0.0000000000
8.4693877551 0.0000000000
8.4734693878 0.0000000000
8.4775510204 0.0000000000
8.4816326531 0.0000000000
8.4857142857 0.0000000000
8.4897959184 0.0000000000
8.4938775510 0.0000000000
8.4979591837 0.0000000000
8.5020408163 0.0000000000
8.5061224490 0.0000000000
8.5102040816 4.5213994980
8.5142857143 7.9179258347
8.5183673469 11.3024263382
8.5224489796 14.1530704498
8.5265306122 10.7575054169
8.5306122449 11.9377975464
8.5346938776 18.4248085022
8.5387755102 16.4714756012
8.5428571429 15.3736772537
8.5469387755 6.5064725876
8.5510204082 2.0195245743
8.5551020408 0.0000000000
8.5591836735 0.0000000000
8.5632653061 0.0000000000
8.5673469388 0.0000000000
8.5714285714 0.0000000000
8.5755102041 0.0000000000
8.5795918367 0.0000000000
8.5836734694 0.0000000000
8.5877551020 0.0000000000
8.5918367347 4.3033361435
8.5959183673 3.3572316170
8.6000000000 0.4867315292
8.6040816327 0.0000000000
8.6081632653 0.0000000000
8.6122448980 0.0000000000
8.6163265306 0.0000000000
8.6204081633 0.0000000000
8.6244897959 0.0000000000
8.6285714286 0.0000000000
8.6326530612 0.0000000000
8.6367346939 0.0000000000
8.6408163265 0.0000000000
8.6448979592 0.0000000000
8.6489795918 0.0000000000
8.6530612245 0.0000000000
8.6571428571 3.0881166458
8.6612244898 40.3526115417
8.6653061224 51.0956649780
8.6693877551 60.4592590332
8.6734693878 61.1841087341
8.6775510204 60.8653411865
8.6816326531 66.8646392822
8.6857142857 68.1000366211
8.6897959184 51.5071754456
8.6938775510 34.0125579834
8.6979591837 23.2126102448
8.7020408163 23.0618572235
8.7061224490 23.0425891876
8.7102040816 19.4762172699
8.7142857143 13.1904525757
8.7183673469 9.6951761246
8.7224489796 2.5014729500
8.7265306122 0.7171258330
8.7306122449 0.2490878105
8.7346938776 0.0000000000
8.7387755102 0.0000000000
8.7428571429 0.0000000000
8.7469387755 0.0000000000
8.7510204082 0.0000000000
8.7551020408 0.0000000000
8.7591836735 0.0000000000
8.7632653061 0.0000000000
8.7673469388 0.0000000000
8.7714285714 0.0000000000
8.7755102041 0.0000000000
8.7795918367 0.0000000000
8.7836734694 0.0000000000
8.7877551020 0.0000000000
8.7918367347 0.0000000000
8.7959183673 0.0000000000
8.8000000000 0.0000000000
8.8040816327 0.0000000000
8.8081632653 0.0000000000
8.8122448980 0.0000000000
8.8163265306 0.0000000000
8.8204081633 0.0000000000
8.8244897959 0.0000000000
8.8285714286 7.6927990913
8.8326530612 11.7869377136
8.8367346939 10.8547363281
8.8408163265 8.3100347519
8.8448979592 12.9625205994
8.8489795918 11.6924648285
8.8530612245 7.7331213951
8.8571428571 6.5402388573
8.8612244898 2.1103768349
8.8653061224 0.3842711449
8.8693877551 0.0000000000
8.8734693878 0.0000000000
8.8775510204 0.0000000000
8.8816326531 0.0000000000
8.8857142857 0.0000000000
8.8897959184 0.0000000000
8.8938775510 0.0000000000
8.8979591837 1.2094378471
8.9020408163 5.6139082909
8.9061224490 9.1325569153
8.9102040816 14.3701734543
8.9142857143 14.1381168365
8.9183673469 15.8297863007
8.9224489796 18.1489658356
8.9265306122 15.8921184540
8.9306122449 12.1123790741
8.9346938776 13.3853549957
8.9387755102 11.3793611526
8.9428571429 8.1517295837
8.9469387755 9.2766284943
8.9510204082 8.6023807526
8.9551020408 5.6833624840
8.9591836735 6.8929791451
8.9632653061 6.6365599632
8.9673469388 3.3365488052
8.9714285714 0.2231001854
8.9755102041 0.0000000000
8.9795918367 0.0000000000
8.9836734694 0.0000000000
8.9877551020 0.0000000000
8.9918367347 0.0000000000
8.9959183673 0.0000000000
9.0000000000 0.0000000000
9.0040816327 2.3919045925
9.0081632653 7.8043489456
9.0122448980 12.6437244415
9.0163265306 30.5483646393
9.0204081633 49.3726425171
9.0244897959 79.6404190063
9.0285714286 100.9921875000
9.0326530612 106.3244628906
9.0367346939 87.1630249023
9.0408163265 76.2120361328
9.0448979592 75.0597991943
9.0489795918 72.1606903076
9.0530612245 72.3196563721
9.0571428571 61.5201568604
9.0612244898 49.7688636780
9.0653061224 40.0714569092
9.0693877551 33.2054367065
9.0734693878 26.2809982300
9.0775510204 22.5577354431
9.0816326531 12.3359565735
9.0857142857 6.3050389290
9.0897959184 5.6703090668
9.0938775510 2.5365948677
9.0979591837 2.2629499435
9.1020408163 0.4863739014
9.1061224490 1.1903047562
9.1102040816 0.0000000000
9.1142857143 0.0000000000
9.1183673469 0.3341659904
9.1224489796 0.0000000000
9.1265306122 0.0000000000
9.1306122449 0.0000000000
9.1346938776 0.0000000000
9.1387755102 0.0000000000
9.1428571429 0.0000000000
9.1469387755 0.0000000000
9.1510204082 0.0000000000
9.1551020408 0.0000000000
9.1591836735 0.0000000000
9.1632653061 1.2493133545
9.1673469388 1.2029409409
9.1714285714 0.0000000000
9.1755102041 0.0000000000
9.1795918367 0.0000000000
9.1836734694 0.0000000000
9.1877551020 0.0000000000
9.1918367347 0.0000000000
9.1959183673 0.0000000000
9.2000000000 0.0000000000
9.2040816327 0.0000000000
9.2081632653 0.0000000000
9.2122448980 0.0000000000
9.2163265306 0.0000000000
9.2204081633 0.0000000000
9.2244897959 0.0000000000
9.2285714286 0.0000000000
9.2326530612 0.0000000000
9.2367346939 0.0000000000
9.2408163265 0.0000000000
9.2448979592 0.0000000000
9.2489795918 0.0000000000
9.2530612245 0.0000000000
9.2571428571 0.0000000000
9.2612244898 0.0000000000
9.2653061224 0.0000000000
9.2693877551 0.0000000000
9.2734693878 0.8845776320
9.2775510204 4.6884717941
9.2816326531 11.1546688080
9.2857142857 12.9076805115
9.2897959184 9.5846652985
9.2938775510 6.6286325455
9.2979591837 13.2368202209
9.3020408163 13.1705999374
9.3061224490 19.7215080261
9.3102040816 11.8744373322
9.3142857143 3.1528472900
9.3183673469 0.0000000000
9.3224489796 0.0000000000
9.3265306122 0.0000000000
9.3306122449 0.0000000000
9.3346938776 0.0000000000
9.3387755102 0.0000000000
9.3428571429 0.0000000000
9.3469387755 0.0000000000
9.3510204082 0.0000000000
9.3551020408 0.0000000000
9.3591836735 0.0000000000
9.3632653061 0.0000000000
9.3673469388 0.0000000000
9.3714285714 0.0000000000
9.3755102041 0.0000000000
9.3795918367 0.0000000000
9.3836734694 0.0000000000
9.3877551020 0.0000000000
9.3918367347 0.0000000000
9.3959183673 0.0000000000
9.4000000000 0.0000000000
9.4040816327 0.0000000000
9.4081632653 2.3196935654
9.4122448980 0.0704973936
9.4163265306 17.6117134094
9.4204081633 24.0340538025
9.4244897959 18.7250366211
9.4285714286 24.4869003296
9.4326530612 34.0165481567
9.4367346939 30.3743782043
9.4408163265 19.8563346863
9.4448979592 15.9326782227
9.4489795918 30.0756111145
9.4530612245 46.1119422913
9.4571428571 41.8263969421
9.4612244898 32.4628944397
9.4653061224 25.9832725525
9.4693877551 17.6853828430
9.4734693878 17.2708473206
9.4775510204 21.0421676636
9.4816326531 14.4919157028
9.4857142857 9.9080801010
9.4897959184 13.0974054337
9.4938775510 6.8211555481
9.4979591837 9.7221136093
9.5020408163 5.7642164230
9.5061224490 3.2291412354
9.5102040816 1.6615390778
9.5142857143 0.0000000000
9.5183673469 0.0000000000
9.5224489796 0.0000000000
9.5265306122 0.0000000000
9.5306122449 0.0000000000
9.5346938776 0.0000000000
9.5387755102 1.5063285828
9.5428571429 0.0000000000
9.5469387755 0.0000000000
9.5510204082 0.0000000000
9.5551020408 0.0000000000
9.5591836735 0.0000000000
9.5632653061 0.0000000000
9.5673469388 0.0000000000
9.5714285714 0.0000000000
9.5755102041 0.0000000000
9.5795918367 0.0000000000
9.5836734694 4.0789842606
9.5877551020 8.5077514648
9.5918367347 10.5537176132
9.5959183673 7.4965357780
9.6000000000 7.1303548813
9.6040816327 1.2670755386
9.6081632653 0.0000000000
9.6122448980 0.0000000000
9.6163265306 0.0000000000
9.6204081633 0.0000000000
9.6244897959 0.0000000000
9.6285714286 1.2244880199
9.6326530612 0.0000000000
9.6367346939 0.0000000000
9.6408163265 0.0000000000
9.6448979592 1.1678934097
9.6489795918 0.0000000000
9.6530612245 0.0000000000
9.6571428571 0.0000000000
9.6612244898 0.0000000000
9.6653061224 0.0000000000
9.6693877551 0.0000000000
9.6734693878 0.5824565887
9.6775510204 1.9510984421
9.6816326531 0.0000000000
9.6857142857 0.0000000000
9.6897959184 0.0000000000
9.6938775510 0.0000000000
9.6979591837 0.0000000000
9.7020408163 0.0000000000
9.7061224490 0.0000000000
9.7102040816 0.0000000000
9.7142857143 0.7819533348
9.7183673469 2.6700496674
9.7224489796 0.0000000000
9.7265306122 0.0000000000
9.7306122449 0.0000000000
9.7346938776 0.0000000000
9.7387755102 0.0000000000
9.7428571429 0.0000000000
9.7469387755 0.0000000000
9.7510204082 0.0000000000
9.7551020408 0.0000000000
9.7591836735 0.0000000000
9.7632653061 0.0000000000
9.7673469388 12.2236156464
9.7714285714 29.0174331665
9.7755102041 47.7549057007
9.7795918367 54.4487838745
9.7836734694 66.5908432007
9.7877551020 132.0030670166
9.7918367347 165.2467346191
9.7959183673 156.0193481445
9.8000000000 141.6258850098
9.8040816327 139.0694274902
9.8081632653 129.6601257324
9.8122448980 112.5751800537
9.8163265306 92.5203552246
9.8204081633 78.5266113281
9.8244897959 57.0399780273
9.8285714286 42.4732208252
9.8326530612 31.5520782471
9.8367346939 19.5056209564
9.8408163265 5.8670043945
9.8448979592 0.0000000000
9.8489795918 0.0000000000
9.8530612245 0.0000000000
9.8571428571 0.0000000000
9.8612244898 0.0000000000
9.8653061224 0.0000000000
9.8693877551 0.0000000000
9.8734693878 0.0000000000
9.8775510204 0.0000000000
9.8816326531 0.0000000000
9.8857142857 0.0000000000
9.8897959184 0.0000000000
9.8938775510 0.0000000000
9.8979591837 0.0000000000
9.9020408163 0.0000000000
9.9061224490 0.0000000000
9.9102040816 0.0000000000
9.9142857143 0.0000000000
9.9183673469 0.0000000000
9.9224489796 0.0000000000
9.9265306122 0.0000000000
9.9306122449 0.0000000000
9.9346938776 0.0000000000
9.9387755102 0.0000000000
9.9428571429 0.0000000000
9.9469387755 0.0000000000
9.9510204082 0.0000000000
9.9551020408 0.0000000000
9.9591836735 0.0000000000
9.9632653061 0.0000000000
9.9673469388 0.0000000000
9.9714285714 0.0000000000
9.9755102041 0.0000000000
9.9795918367 0.0000000000
9.9836734694 0.0000000000
9.9877551020 0.0000000000
9.9918367347 0.0000000000
9.9959183673 0.0000000000
10.0000000000 0.0000000000
10.0040816327 0.0000000000
10.0081632653 0.1349449158
10.0122448980 0.6362199783
10.0163265306 0.0000000000
10.0204081633 0.0000000000
10.0244897959 0.0000000000
10.0285714286 0.0000000000
10.0326530612 0.4124641418
10.0367346939 3.1912326813
10.0408163265 17.2740230560
10.0448979592 14.9742441177
10.0489795918 14.5058364868
10.0530612245 3.4357988834
10.0571428571 0.0000000000
10.0612244898 8.1278085709
10.0653061224 7.1430802345
10.0693877551 6.5950155258
10.0734693878 2.0633935928
10.0775510204 0.6598830223
10.0816326531 0.0000000000
10.0857142857 0.0000000000
10.0897959184 0.0000000000
10.0938775510 0.0000000000
10.0979591837 0.0000000000
10.1020408163 0.0000000000
10.1061224490 0.0000000000
10.1102040816 0.0000000000
10.1142857143 0.0000000000
10.1183673469 0.0000000000
10.1224489796 0.0000000000
10.1265306122 0.0000000000
10.1306122449 0.0000000000
10.1346938776 0.0000000000
10.1387755102 0.0000000000
10.1428571429 0.0000000000
10.1469387755 0.0000000000
10.1510204082 0.0000000000
10.1551020408 0.0000000000
10.1591836735 0.0000000000
10.1632653061 0.0000000000
10.1673469388 1.1629760265
10.1714285714 13.9835176468
10.1755102041 24.9086608887
10.1795918367 38.5945587158
10.1836734694 39.9291381836
10.1877551020 46.3518218994
10.1918367347 47.4223480225
10.1959183673 57.7497978210
10.2000000000 67.1459960938
10.2040816327 68.6477737427
10.2081632653 64.7413177490
10.2122448980 50.2244224548
10.2163265306 44.2641372681
10.2204081633 41.3143310547
10.2244897959 32.7893295288
10.2285714286 21.4820213318
10.2326530612 11.8769111633
10.2367346939 22.4944953918
10.2408163265 13.7698059082
10.2448979592 3.5489797592
10.2489795918 2.6667714119
10.2530612245 7.1734189987
10.2571428571 6.0207843781
10.2612244898 4.4626893997
10.2653061224 0.8869171143
10.2693877551 0.0000000000
10.2734693878 0.0000000000
10.2775510204 0.0000000000
10.2816326531 0.0000000000
10.2857142857 0.0000000000
10.2897959184 0.0000000000
10.2938775510 0.0000000000
10.2979591837 0.0000000000
10.3020408163 0.0000000000
10.3061224490 0.0000000000
10.3102040816 0.0000000000
10.3142857143 0.0000000000
10.3183673469 0.0000000000
10.3224489796 0.0000000000
10.3265306122 0.0000000000
10.3306122449 1.2700557709
10.3346938776 11.6075057983
10.3387755102 16.4064769745
10.3428571429 18.1870155334
10.3469387755 15.5092325211
10.3510204082 13.1364164352
10.3551020408 3.0088126659
10.3591836735 1.9456446171
10.3632653061 2.5463552475
10.3673469388 0.0000000000
10.3714285714 0.0000000000
10.3755102041 0.0000000000
10.3795918367 0.0000000000
10.3836734694 0.0000000000
10.3877551020 0.0000000000
10.3918367347 0.0000000000
10.3959183673 3.9252042770
10.4000000000 15.1109247208
10.4040816327 16.9943580627
10.4081632653 14.1470432281
10.4122448980 17.6624507904
10.4163265306 14.7108058929
10.4204081633 12.6022100449
10.4244897959 3.9397478104
10.4285714286 2.4830102921
10.4326530612 3.2236576080
10.4367346939 10.2469921112
10.4408163265 18.4030685425
10.4448979592 14.2788887024
10.4489795918 13.5700798035
10.4530612245 10.2651710510
10.4571428571 4.6323537827
10.4612244898 1.1188387871
10.4653061224 0.0000000000
10.4693877551 0.8477568626
10.4734693878 1.8045902252
10.4775510204 0.0671800226
10.4816326531 0.0922679901
10.4857142857 0.0000000000
10.4897959184 0.0000000000
10.4938775510 0.0000000000
10.4979591837 0.9572058916
10.5020408163 0.0000000000
10.5061224490 0.0000000000
10.5102040816 0.0000000000
10.5142857143 0.0000000000
10.5183673469 0.0000000000
10.5224489796 0.0000000000
10.5265306122 0.0000000000
10.5306122449 0.0000000000
10.5346938776 4.8828420639
10.5387755102 6.9711804390
10.5428571429 19.2949180603
10.5469387755 56.6315650940
10.5510204082 79.9272766113
10.5551020408 102.6496810913
10.5591836735 127.1893386841
10.5632653061 132.3948516846
10.5673469388 128.2221984863
10.5714285714 116.7295227051
10.5755102041 109.1620330811
10.5795918367 87.8996887207
10.5836734694 68.8620758057
10.5877551020 54.6616592407
10.5918367347 45.4484825134
10.5959183673 41.6451721191
10.6000000000 30.8388633728
10.6040816327 17.6045303345
10.6081632653 4.7122240067
10.6122448980 0.0000000000
10.6163265306 0.0000000000
10.6204081633 0.0000000000
10.6244897959 0.0000000000
10.6285714286 0.0000000000
10.6326530612 0.0000000000
10.6367346939 0.0000000000
10.6408163265 0.0000000000
10.6448979592 0.0000000000
10.6489795918 0.0000000000
10.6530612245 0.0000000000
10.6571428571 0.0000000000
10.6612244898 0.0000000000
10.6653061224 0.0000000000
10.6693877551 0.0000000000
10.6734693878 0.0000000000
10.6775510204 0.0000000000
10.6816326531 0.0000000000
10.6857142857 0.0000000000
10.6897959184 0.0000000000
10.6938775510 0.0000000000
10.6979591837 0.0000000000
10.7020408163 0.0000000000
10.7061224490 0.0000000000
10.7102040816 0.0000000000
10.7142857143 0.0000000000
10.7183673469 0.0000000000
10.7224489796 0.0000000000
10.7265306122 0.0000000000
10.7306122449 0.0000000000
10.7346938776 0.0000000000
10.7387755102 0.0000000000
10.7428571429 0.0000000000
10.7469387755 0.0000000000
10.7510204082 0.0000000000
10.7551020408 0.0000000000
10.7591836735 0.0000000000
10.7632653061 0.0000000000
10.7673469388 0.2823397517
10.7714285714 0.0587701797
10.7755102041 3.3449158669
10.7795918367 2.1309256554
10.7836734694 5.4827928543
10.7877551020 6.7364573479
10.7918367347 0.3584623337
10.7959183673 0.0000000000
10.8000000000 0.0000000000
10.8040816327 0.0000000000
10.8081632653 0.0000000000
10.8122448980 0.0000000000
10.8163265306 1.2692213058
10.8204081633 0.0000000000
10.8244897959 0.0000000000
10.8285714286 0.0000000000
10.8326530612 0.0000000000
10.8367346939 3.0187368393
10.8408163265 12.2169857025
10.8448979592 10.5229320526
10.8489795918 4.8476758003
10.8530612245 4.7767457962
10.8571428571 4.9811306000
10.8612244898 0.0000000000
10.8653061224 0.0000000000
10.8693877551 0.0000000000
10.8734693878 0.0000000000
10.8775510204 0.0000000000
10.8816326531 0.0000000000
10.8857142857 0.0000000000
10.8897959184 0.0000000000
10.8938775510 0.0000000000
10.8979591837 0.0000000000
10.9020408163 0.0000000000
10.9061224490 0.0000000000
10.9102040816 0.0000000000
10.9142857143 0.0000000000
10.9183673469 0.0000000000
10.9224489796 0.0000000000
10.9265306122 0.0000000000
10.9306122449 0.0000000000
10.9346938776 0.0000000000
10.9387755102 5.0492138863
10.9428571429 17.4320335388
10.9469387755 18.6491622925
10.9510204082 29.5095443726
10.9551020408 43.4473686218
10.9591836735 40.9986724854
10.9632653061 37.1372032166
10.9673469388 54.1714782715
10.9714285714 55.9528198242
10.9755102041 42.9146270752
10.9795918367 44.4190940857
10.9836734694 39.0996398926
10.9877551020 33.1318168640
10.9918367347 23.7539405823
10.9959183673 14.3315191269
11.0000000000 10.0441570282
11.0040816327 10.6649398804
11.0081632653 13.4882926941
11.0122448980 6.7802071571
11.0163265306 6.3123703003
11.0204081633 4.7602057457
11.0244897959 4.5266151428
11.0285714286 1.3012886047
11.0326530612 0.8882284164
11.0367346939 0.8420348167
11.0408163265 0.7689595222
11.0448979592 0.0000000000
11.0489795918 0.0000000000
11.0530612245 0.0000000000
11.0571428571 0.0000000000
11.0612244898 0.0000000000
11.0653061224 0.0000000000
11.0693877551 0.0000000000
11.0734693878 0.0000000000
11.0775510204 0.0000000000
11.0816326531 0.0000000000
11.0857142857 0.0000000000
11.0897959184 0.0000000000
11.0938775510 0.0000000000
11.0979591837 0.0000000000
11.1020408163 0.0000000000
11.1061224490 0.0000000000
11.1102040816 0.0000000000
11.1142857143 0.0000000000
11.1183673469 0.0000000000
11.1224489796 0.0000000000
11.1265306122 0.0000000000
11.1306122449 0.0000000000
11.1346938776 0.0000000000
11.1387755102 0.0000000000
11.1428571429 0.0000000000
11.1469387755 0.0000000000
11.1510204082 0.0000000000
11.1551020408 2.4014711380
11.1591836735 6.3344469070
11.1632653061 15.5346240997
11.1673469388 23.9238586426
11.1714285714 18.7369575500
11.1755102041 15.2561073303
11.1795918367 7.4973702431
11.1836734694 3.0589997768
11.1877551020 0.0000000000
11.1918367347 2.0129437447
11.1959183673 0.0000000000
11.2000000000 0.0000000000
11.2040816327 7.2310266495
11.2081632653 4.7774314880
11.2122448980 5.1989850998
11.2163265306 1.9083619118
11.2204081633 0.6684064865
11.2244897959 0.0417232513
11.2285714286 0.0000000000
11.2326530612 0.0000000000
11.2367346939 0.0000000000
11.2408163265 0.0000000000
11.2448979592 0.0000000000
11.2489795918 0.0000000000
11.2530612245 0.0000000000
11.2571428571 0.0000000000
11.2612244898 0.0000000000
11.2653061224 0.0000000000
11.2693877551 0.0000000000
11.2734693878 0.0000000000
11.2775510204 0.0000000000
11.2816326531 0.0000000000
11.2857142857 0.0000000000
11.2897959184 0.0000000000
11.2938775510 0.4794523120
11.2979591837 2.2058560848
11.3020408163 5.9954004288
11.3061224490 12.1067161560
11.3102040816 19.5564918518
11.3142857143 24.3151779175
11.3183673469 32.2467079163
11.3224489796 51.5961341858
11.3265306122 74.2590255737
11.3306122449 87.9104614258
11.3346938776 95.7942352295
11.3387755102 94.1907196045
11.3428571429 90.6858596802
11.3469387755 93.1836395264
11.3510204082 87.2893676758
11.3551020408 81.5408172607
11.3591836735 77.6623840332
11.3632653061 72.8008728027
11.3673469388 59.8733406067
11.3714285714 38.8862495422
11.3755102041 25.1075019836
11.3795918367 10.0600719452
11.3836734694 0.0000000000
11.3877551020 0.0000000000
11.3918367347 0.0000000000
11.3959183673 0.0000000000
11.4000000000 0.0000000000
11.4040816327 0.0000000000
11.4081632653 0.0000000000
11.4122448980 0.0000000000
11.4163265306 0.0000000000
11.4204081633 0.0000000000
11.4244897959 0.0000000000
11.4285714286 0.0000000000
11.4326530612 0.0000000000
11.4367346939 0.0000000000
11.4408163265 0.0000000000
11.4448979592 0.0000000000
11.4489795918 0.0000000000
11.4530612245 0.0000000000
11.4571428571 0.0000000000
11.4612244898 0.0000000000
11.4653061224 0.0000000000
11.4693877551 0.0000000000
11.4734693878 0.0000000000
11.4775510204 0.0000000000
11.4816326531 0.0000000000
11.4857142857 0.0000000000
11.4897959184 0.0000000000
11.4938775510 0.0000000000
11.4979591837 0.0000000000
11.5020408163 0.0000000000
11.5061224490 0.0000000000
11.5102040816 0.0000000000
11.5142857143 0.0000000000
11.5183673469 0.0000000000
11.5224489796 0.0000000000
11.5265306122 0.0000000000
11.5306122449 0.0000000000
11.5346938776 0.0000000000
11.5387755102 1.2072920799
11.5428571429 0.4280209541
11.5469387755 27.2132453918
11.5510204082 19.8431015015
11.5551020408 9.8037719727
11.5591836735 3.1140446663
11.5632653061 6.4036846161
11.5673469388 10.2598667145
11.5714285714 5.2579193115
11.5755102041 4.0601639748
11.5795918367 3.4565031528
11.5836734694 2.1283030510
11.5877551020 0.1649856567
11.5918367347 0.0000000000
11.5959183673 0.0000000000
11.6000000000 0.0000000000
11.6040816327 4.0368366241
11.6081632653 0.0000000000
11.6122448980 0.0000000000
11.6163265306 0.0000000000
11.6204081633 0.0000000000
11.6244897959 0.0000000000
11.6285714286 0.0000000000
11.6326530612 0.0000000000
11.6367346939 0.0000000000
11.6408163265 0.0000000000
11.6448979592 0.0000000000
11.6489795918 0.0000000000
11.6530612245 0.0000000000
11.6571428571 0.0000000000
11.6612244898 0.0000000000
11.6653061224 0.0000000000
11.6693877551 1.4392733574
11.6734693878 5.6002140045
11.6775510204 14.8654060364
11.6816326531 13.9459295273
11.6857142857 17.1728725433
11.6897959184 22.5440273285
11.6938775510 24.2037773132
11.6979591837 44.5085144043
11.7020408163 42.1497955322
11.7061224490 38.8572807312
11.7102040816 45.8407402039
11.7142857143 56.3601379395
11.7183673469 61.2270469666
11.7224489796 61.0830764771
11.7265306122 56.7268447876
11.7306122449 44.5067596436
11.7346938776 31.2268733978
11.7387755102 22.9679336548
11.7428571429 19.8686122894
11.7469387755 28.0300216675
11.7510204082 23.6967201233
11.7551020408 18.2146873474
11.7591836735 15.5385437012
11.7632653061 10.9008550644
11.7673469388 11.0511779785
11.7714285714 11.9699239731
11.7755102041 10.6778144836
11.7795918367 11.0608339310
11.7836734694 10.2430582047
11.7877551020 3.3389329910
11.7918367347 1.8817782402
11.7959183673 0.0000000000
11.8000000000 0.0000000000
11.8040816327 0.0000000000
11.8081632653 0.0000000000
11.8122448980 0.5565881729
11.8163265306 0.5863904953
11.8204081633 0.0000000000
11.8244897959 0.0000000000
11.8285714286 0.0000000000
11.8326530612 0.0000000000
11.8367346939 0.0000000000
11.8408163265 0.0000000000
11.8448979592 0.0000000000
11.8489795918 0.0000000000
11.8530612245 0.0000000000
11.8571428571 0.0000000000
11.8612244898 0.0000000000
11.8653061224 0.0000000000
11.8693877551 0.0000000000
11.8734693878 0.0000000000
11.8775510204 0.0000000000
11.8816326531 0.0000000000
11.8857142857 0.0000000000
11.8897959184 0.0000000000
11.8938775510 0.0000000000
11.8979591837 0.0000000000
11.9020408163 0.0000000000
11.9061224490 0.0000000000
11.9102040816 0.0000000000
11.9142857143 0.0000000000
11.9183673469 0.0000000000
11.9224489796 0.0000000000
11.9265306122 0.0000000000
11.9306122449 0.0000000000
11.9346938776 0.0000000000
11.9387755102 0.0000000000
11.9428571429 0.0000000000
11.9469387755 0.0000000000
11.9510204082 0.0000000000
11.9551020408 0.0000000000
11.9591836735 0.0000000000
11.9632653061 0.0000000000
11.9673469388 0.0000000000
11.9714285714 0.0000000000
11.9755102041 0.0000000000
11.9795918367 0.0000000000
11.9836734694 0.0000000000
11.9877551020 0.0000000000
11.9918367347 0.0000000000
11.9959183673 0.0000000000
12.0000000000 0.0000000000
12.0040816327 0.0000000000
12.0081632653 0.0000000000
12.0122448980 0.0000000000
12.0163265306 0.0000000000
12.0204081633 0.0000000000
12.0244897959 0.0000000000
12.0285714286 0.0000000000
12.0326530612 0.0000000000
12.0367346939 0.0000000000
12.0408163265 0.0000000000
12.0448979592 0.0000000000
12.0489795918 0.0000000000
12.0530612245 0.6194114685
12.0571428571 2.6564745903
12.0612244898 18.1935729980
12.0653061224 36.8142127991
12.0693877551 50.4267807007
12.0734693878 57.3533782959
12.0775510204 67.9878005981
12.0816326531 91.1196441650
12.0857142857 96.7565155029
12.0897959184 100.3017120361
12.0938775510 91.4704742432
12.0979591837 87.0959472656
12.1020408163 81.7986145020
12.1061224490 70.3003387451
12.1102040816 51.8275222778
12.1142857143 38.4361419678
12.1183673469 20.3858604431
12.1224489796 4.5979022980
12.1265306122 0.0000000000
12.1306122449 0.0000000000
12.1346938776 0.0000000000
12.1387755102 0.0000000000
12.1428571429 0.0000000000
12.1469387755 0.0000000000
12.1510204082 0.0000000000
12.1551020408 2.9131174088
12.1591836735 8.1489086151
12.1632653061 7.6462030411
12.1673469388 10.6580257416
12.1714285714 16.3643951416
12.1755102041 15.1879196167
12.1795918367 9.2308521271
12.1836734694 1.9718408585
12.1877551020 0.0000000000
12.1918367347 0.0000000000
12.1959183673 0.0000000000
12.2000000000 0.0000000000
12.2040816327 0.0000000000
12.2081632653 0.0000000000
12.2122448980 0.0000000000
12.2163265306 1.2840628624
12.2204081633 0.8443593979
12.2244897959 0.0000000000
12.2285714286 0.0000000000
12.2326530612 0.0000000000
12.2367346939 0.0000000000
12.2408163265 0.0000000000
12.2448979592 0.0000000000
12.2489795918 0.0000000000
12.2530612245 0.0000000000
12.2571428571 0.0000000000
12.2612244898 0.0000000000
12.2653061224 0.0000000000
12.2693877551 0.0000000000
12.2734693878 0.0000000000
12.2775510204 0.0000000000
12.2816326531 0.0000000000
12.2857142857 0.0000000000
12.2897959184 0.0000000000
12.2938775510 0.0000000000
12.2979591837 0.0000000000
12.3020408163 0.0000000000
12.3061224490 0.0000000000
12.3102040816 0.0000000000
12.3142857143 0.0000000000
12.3183673469 0.0000000000
12.3224489796 0.0000000000
12.3265306122 0.0000000000
12.3306122449 0.0000000000
12.3346938776 0.0000000000
12.3387755102 0.0000000000
12.3428571429 0.0000000000
12.3469387755 0.0000000000
12.3510204082 0.0000000000
12.3551020408 0.0000000000
12.3591836735 0.0000000000
12.3632653061 0.0000000000
12.3673469388 0.0000000000
12.3714285714 0.0000000000
12.3755102041 0.0000000000
12.3795918367 0.0000000000
12.3836734694 0.0000000000
12.3877551020 0.0000000000
12.3918367347 0.0000000000
12.3959183673 0.0000000000
12.4000000000 0.0000000000
12.4040816327 0.0000000000
12.4081632653 0.0000000000
12.4122448980 0.0000000000
12.4163265306 0.0000000000
12.4204081633 0.0000000000
12.4244897959 0.0000000000
12.4285714286 0.0000000000
12.4326530612 0.0000000000
12.4367346939 0.0000000000
12.4408163265 0.0000000000
12.4448979592 0.0000000000
12.4489795918 0.0000000000
12.4530612245 2.4319887161
12.4571428571 11.4128589630
12.4612244898 29.6239261627
12.4653061224 49.4632873535
12.4693877551 60.8346481323
12.4734693878 72.3288955688
12.4775510204 71.0173492432
12.4816326531 72.1612854004
12.4857142857 73.2569732666
12.4897959184 72.2444763184
12.4938775510 78.6298217773
12.4979591837 76.0743331909
12.5020408163 58.1223945618
12.5061224490 45.2012100220
12.5102040816 38.9990501404
12.5142857143 30.6083564758
12.5183673469 17.6011028290
12.5224489796 5.7539939880
12.5265306122 0.0000000000
12.5306122449 0.0000000000
12.5346938776 0.0000000000
12.5387755102 0.0000000000
12.5428571429 0.0000000000
12.5469387755 0.0000000000
12.5510204082 0.0000000000
12.5551020408 0.0000000000
12.5591836735 0.0000000000
12.5632653061 2.9448568821
12.5673469388 4.0186643600
12.5714285714 7.0774555206
12.5755102041 6.7897439003
12.5795918367 6.5257549286
12.5836734694 7.1221590042
12.5877551020 5.0001144409
12.5918367347 1.5499591827
12.5959183673 2.7672052383
12.6000000000 0.7073879242
12.6040816327 0.0000000000
12.6081632653 0.0000000000
12.6122448980 0.0000000000
12.6163265306 0.0000000000
12.6204081633 0.0000000000
12.6244897959 0.0000000000
12.6285714286 0.0000000000
12.6326530612 0.0000000000
12.6367346939 0.0000000000
12.6408163265 1.0668039322
12.6448979592 2.0718574524
12.6489795918 2.6000738144
12.6530612245 2.5409460068
12.6571428571 1.8792152405
12.6612244898 0.0000000000
12.6653061224 0.0000000000
12.6693877551 0.0000000000
12.6734693878 0.0000000000
12.6775510204 0.0000000000
12.6816326531 0.0000000000
12.6857142857 0.0000000000
12.6897959184 0.0000000000
12.6938775510 0.0000000000
12.6979591837 0.0000000000
12.7020408163 0.0000000000
12.7061224490 0.0000000000
12.7102040816 0.0000000000
12.7142857143 0.0000000000
12.7183673469 0.0000000000
12.7224489796 0.0000000000
12.7265306122 0.0000000000
12.7306122449 0.0000000000
12.7346938776 0.0000000000
12.7387755102 0.0000000000
12.7428571429 0.0000000000
12.7469387755 0.0000000000
12.7510204082 0.0000000000
12.7551020408 0.0000000000
12.7591836735 0.0000000000
12.7632653061 0.0000000000
12.7673469388 0.0000000000
12.7714285714 0.0000000000
12.7755102041 0.0000000000
12.7795918367 0.0000000000
12.7836734694 0.4796981812
12.7877551020 9.1756582260
12.7918367347 9.8179578781
12.7959183673 9.6282958984
12.8000000000 8.4265470505
12.8040816327 6.1309337616
12.8081632653 5.8645606041
12.8122448980 18.8798599243
12.8163265306 32.1655273438
12.8204081633 32.0191955566
12.8244897959 28.4646148682
12.8285714286 37.9054183960
12.8326530612 66.9923782349
12.8367346939 98.7107696533
12.8408163265 102.3482360840
12.8448979592 85.2999954224
12.8489795918 82.2697906494
12.8530612245 72.7626342773
12.8571428571 73.1228637695
12.8612244898 81.2141265869
12.8653061224 76.0453643799
12.8693877551 71.9120330811
12.8734693878 60.7737884521
12.8775510204 47.6156463623
12.8816326531 36.0396499634
12.8857142857 26.4143943787
12.8897959184 22.6330165863
12.8938775510 16.9624023438
12.8979591837 13.5760011673
12.9020408163 7.5743198395
12.9061224490 0.0000000000
12.9102040816 0.0000000000
12.9142857143 0.0000000000
12.9183673469 0.0000000000
12.9224489796 0.0000000000
12.9265306122 0.0000000000
12.9306122449 0.0000000000
12.9346938776 0.0000000000
12.9387755102 0.0000000000
12.9428571429 0.0000000000
12.9469387755 0.0000000000
12.9510204082 0.0000000000
12.9551020408 0.0000000000
12.9591836735 0.0000000000
12.9632653061 0.0000000000
12.9673469388 0.0000000000
12.9714285714 0.0000000000
12.9755102041 0.0000000000
12.9795918367 0.0000000000
12.9836734694 0.0000000000
12.9877551020 0.0000000000
12.9918367347 0.0000000000
12.9959183673 0.0000000000
13.0000000000 0.0000000000
13.0040816327 0.0000000000
13.0081632653 0.0000000000
13.0122448980 0.0000000000
13.0163265306 0.0000000000
13.0204081633 0.0000000000
13.0244897959 0.0000000000
13.0285714286 0.0000000000
13.0326530612 0.0000000000
13.0367346939 0.0000000000
13.0408163265 0.0000000000
13.0448979592 0.0000000000
13.0489795918 0.0000000000
13.0530612245 0.0000000000
13.0571428571 0.0000000000
13.0612244898 0.0000000000
13.0653061224 0.0000000000
13.0693877551 0.4072189331
13.0734693878 1.6126632690
13.0775510204 0.3191232681
13.0816326531 0.0000000000
13.0857142857 0.0000000000
13.0897959184 0.0000000000
13.0938775510 0.0000000000
13.0979591837 0.0000000000
13.1020408163 0.0000000000
13.1061224490 0.0000000000
13.1102040816 3.8515329361
13.1142857143 4.8056840897
13.1183673469 2.0930767059
13.1224489796 3.8247108459
13.1265306122 2.8597116470
13.1306122449 0.0000000000
13.1346938776 0.0000000000
13.1387755102 0.0000000000
13.1428571429 0.0000000000
13.1469387755 0.0000000000
13.1510204082 0.0000000000
13.1551020408 0.0000000000
13.1591836735 0.0000000000
13.1632653061 0.0000000000
13.1673469388 0.0000000000
13.1714285714 0.0000000000
13.1755102041 0.0000000000
13.1795918367 0.0000000000
13.1836734694 0.0000000000
13.1877551020 0.0000000000
13.1918367347 0.0000000000
13.1959183673 35.7242507935
13.2000000000 46.5811233521
13.2040816327 69.3158874512
13.2081632653 88.1980895996
13.2122448980 106.3860473633
13.2163265306 109.6602325439
13.2204081633 95.9352264404
13.2244897959 83.1996002197
13.2285714286 76.8609771729
13.2326530612 67.5745925903
13.2367346939 57.9753799438
13.2408163265 49.8523941040
13.2448979592 39.4089813232
13.2489795918 23.9208564758
13.2530612245 15.0158710480
13.2571428571 5.5902004242
13.2612244898 0.7334947586
13.2653061224 0.0000000000
13.2693877551 3.7169456482
13.2734693878 3.7816762924
13.2775510204 0.7829070091
13.2816326531 0.0000000000
13.2857142857 0.0000000000
13.2897959184 0.0000000000
13.2938775510 0.0000000000
13.2979591837 0.0000000000
13.3020408163 0.0000000000
13.3061224490 0.0000000000
13.3102040816 0.0000000000
13.3142857143 0.0000000000
13.3183673469 0.0000000000
13.3224489796 0.0000000000
13.3265306122 0.0000000000
13.3306122449 0.0000000000
13.3346938776 0.0000000000
13.3387755102 0.0000000000
13.3428571429 0.0000000000
13.3469387755 0.0000000000
13.3510204082 0.0000000000
13.3551020408 0.0000000000
13.3591836735 0.0000000000
13.3632653061 0.0000000000
13.3673469388 0.0000000000
13.3714285714 0.0000000000
13.3755102041 0.0000000000
13.3795918367 0.0000000000
13.3836734694 0.0000000000
13.3877551020 0.0000000000
13.3918367347 0.0000000000
13.3959183673 0.0000000000
13.4000000000 0.0000000000
13.4040816327 0.0000000000
13.4081632653 0.0000000000
13.4122448980 0.0000000000
13.4163265306 0.0000000000
13.4204081633 0.0000000000
13.4244897959 0.0000000000
13.4285714286 0.0000000000
13.4326530612 0.0000000000
13.4367346939 0.0000000000
13.4408163265 0.0000000000
13.4448979592 0.0000000000
13.4489795918 0.0000000000
13.4530612245 0.0000000000
13.4571428571 0.0000000000
13.4612244898 0.0000000000
13.4653061224 0.0000000000
13.4693877551 0.0000000000
13.4734693878 0.0000000000
13.4775510204 0.0000000000
13.4816326531 0.0000000000
13.4857142857 0.0000000000
13.4897959184 0.0000000000
13.4938775510 0.0000000000
13.4979591837 0.0000000000
13.5020408163 0.0000000000
13.5061224490 0.0000000000
13.5102040816 0.0000000000
13.5142857143 0.0000000000
13.5183673469 0.0000000000
13.5224489796 0.0000000000
13.5265306122 0.0000000000
13.5306122449 0.0000000000
13.5346938776 0.0000000000
13.5387755102 0.0000000000
13.5428571429 0.0000000000
13.5469387755 0.0000000000
13.5510204082 0.0000000000
13.5551020408 0.0000000000
13.5591836735 0.0000000000
13.5632653061 0.0000000000
13.5673469388 9.0602636337
13.5714285714 14.8388748169
13.5755102041 22.7313194275
13.5795918367 62.1021080017
13.5836734694 72.8160552979
13.5877551020 81.9659576416
13.5918367347 94.6151580811
13.5959183673 112.7830734253
13.6000000000 113.7325134277
13.6040816327 104.1702575684
13.6081632653 95.5035858154
13.6122448980 84.6860351562
13.6163265306 76.0312347412
13.6204081633 65.0781784058
13.6244897959 56.8963699341
13.6285714286 47.8286590576
13.6326530612 41.3733215332
13.6367346939 32.4067764282
13.6408163265 21.4030036926
13.6448979592 13.6594772339
13.6489795918 7.6179504395
13.6530612245 6.5011978149
13.6571428571 3.2052993774
13.6612244898 0.0000000000
13.6653061224 0.0000000000
13.6693877551 0.0000000000
13.6734693878 0.0000000000
13.6775510204 0.0000000000
13.6816326531 0.0000000000
13.6857142857 0.0000000000
13.6897959184 0.0000000000
13.6938775510 0.0000000000
13.6979591837 0.0000000000
13.7020408163 0.0000000000
13.7061224490 0.0000000000
13.7102040816 0.0000000000
13.7142857143 0.0000000000
13.7183673469 0.0000000000
13.7224489796 0.0000000000
13.7265306122 0.0000000000
13.7306122449 0.0000000000
13.7346938776 0.0000000000
13.7387755102 0.0000000000
13.7428571429 0.0000000000
13.7469387755 0.0000000000
13.7510204082 0.0000000000
13.7551020408 0.0000000000
13.7591836735 0.0000000000
13.7632653061 0.0000000000
13.7673469388 0.0000000000
13.7714285714 0.0000000000
13.7755102041 0.0000000000
13.7795918367 0.0000000000
13.7836734694 0.0000000000
13.7877551020 0.0000000000
13.7918367347 0.0000000000
13.7959183673 0.0000000000
13.8000000000 0.0000000000
13.8040816327 0.0000000000
13.8081632653 3.6744923592
13.8122448980 6.6935567856
13.8163265306 7.7260584831
13.8204081633 7.4804425240
13.8244897959 10.9679698944
13.8285714286 10.5031127930
13.8326530612 10.4933977127
13.8367346939 4.8317012787
13.8408163265 0.3985613585
13.8448979592 1.2427568436
13.8489795918 0.0000000000
13.8530612245 0.0000000000
13.8571428571 0.0000000000
13.8612244898 0.0000000000
13.8653061224 0.0000000000
13.8693877551 5.0653514862
13.8734693878 11.4033813477
13.8775510204 8.8328723907
13.8816326531 8.5784339905
13.8857142857 5.3711833954
13.8897959184 2.2969543934
13.8938775510 0.5578696728
13.8979591837 0.0000000000
13.9020408163 0.0000000000
13.9061224490 0.0000000000
13.9102040816 0.0000000000
13.9142857143 0.0000000000
13.9183673469 0.0000000000
13.9224489796 0.0000000000
13.9265306122 0.0000000000
13.9306122449 0.0000000000
13.9346938776 0.0000000000
13.9387755102 0.0000000000
13.9428571429 0.0000000000
13.9469387755 0.0000000000
13.9510204082 13.6839447021
13.9551020408 36.9024276733
13.9591836735 64.6846313477
13.9632653061 82.5950164795
13.9673469388 92.6030807495
13.9714285714 99.1457672119
13.9755102041 100.7409973145
13.9795918367 98.6453552246
13.9836734694 86.9342041016
13.9877551020 84.1746978760
13.9918367347 71.9348754883
13.9959183673 57.8077430725
14.0000000000 48.0276947021
14.0040816327 43.9970512390
14.0081632653 33.0494651794
14.0122448980 22.2194194794
14.0163265306 12.6204490662
14.0204081633 4.8229098320
14.0244897959 0.4824995995
14.0285714286 0.2226233482
14.0326530612 1.3323426247
14.0367346939 2.9207468033
14.0408163265 0.0000000000
14.0448979592 0.0000000000
14.0489795918 0.0000000000
14.0530612245 0.0000000000
14.0571428571 0.0000000000
14.0612244898 0.0000000000
14.0653061224 0.0000000000
14.0693877551 0.0000000000
14.0734693878 0.0000000000
14.0775510204 0.0000000000
14.0816326531 0.0000000000
14.0857142857 0.0000000000
14.0897959184 0.0000000000
14.0938775510 0.0000000000
14.0979591837 0.0000000000
14.1020408163 0.0000000000
14.1061224490 0.0000000000
14.1102040816 0.0000000000
14.1142857143 0.0000000000
14.1183673469 0.0000000000
14.1224489796 0.0000000000
14.1265306122 0.0000000000
14.1306122449 0.0000000000
14.1346938776 0.0000000000
14.1387755102 0.0000000000
14.1428571429 0.0000000000
14.1469387755 0.0000000000
14.1510204082 0.0000000000
14.1551020408 0.0000000000
14.1591836735 0.0000000000
14.1632653061 0.0000000000
14.1673469388 0.0000000000
14.1714285714 4.7007799149
14.1755102041 4.0790438652
14.1795918367 2.0341434479
14.1836734694 14.4393444061
14.1877551020 13.0395889282
14.1918367347 9.0652704239
14.1959183673 3.8416087627
14.2000000000 4.2471289635
14.2040816327 2.3437142372
14.2081632653 9.3340282440
14.2122448980 15.3472709656
14.2163265306 19.2797775269
14.2204081633 14.4542455673
14.2244897959 4.1074752808
14.2285714286 5.4255127907
14.2326530612 13.7863750458
14.2367346939 7.7953934669
14.2408163265 3.5160779953
14.2448979592 1.4290809631
14.2489795918 0.0000000000
14.2530612245 0.0000000000
14.2571428571 0.0000000000
14.2612244898 0.0000000000
14.2653061224 0.0000000000
14.2693877551 0.0000000000
14.2734693878 0.0000000000
14.2775510204 0.0000000000
14.2816326531 0.0000000000
14.2857142857 0.0000000000
14.2897959184 0.0000000000
14.2938775510 0.0000000000
14.2979591837 0.0000000000
14.3020408163 0.0000000000
14.3061224490 0.0000000000
14.3102040816 0.0000000000
14.3142857143 7.4321327209
14.3183673469 38.6121864319
14.3224489796 63.1833381653
14.3265306122 93.9024047852
14.3306122449 131.8879394531
14.3346938776 147.3515472412
14.3387755102 150.8729553223
14.3428571429 155.5181884766
14.3469387755 151.3207702637
14.3510204082 133.5175323486
14.3551020408 108.3197937012
14.3591836735 83.7576446533
14.3632653061 63.3010101318
14.3673469388 51.3546295166
14.3714285714 36.2279434204
14.3755102041 14.0703916550
14.3795918367 0.0000000000
14.3836734694 0.0000000000
14.3877551020 0.0000000000
14.3918367347 0.0000000000
14.3959183673 0.0000000000
14.4000000000 0.0000000000
14.4040816327 0.0000000000
14.4081632653 0.0000000000
14.4122448980 0.0000000000
14.4163265306 0.0000000000
14.4204081633 0.0000000000
14.4244897959 0.0000000000
14.4285714286 0.0000000000
14.4326530612 0.0000000000
14.4367346939 0.0000000000
14.4408163265 0.0000000000
14.4448979592 0.0000000000
14.4489795918 0.0000000000
14.4530612245 0.0000000000
14.4571428571 0.0000000000
14.4612244898 0.0000000000
14.4653061224 0.0000000000
14.4693877551 0.0000000000
14.4734693878 0.0000000000
14.4775510204 0.0000000000
14.4816326531 0.0000000000
14.4857142857 0.0000000000
14.4897959184 0.0000000000
14.4938775510 0.0000000000
14.4979591837 0.0000000000
14.5020408163 0.0000000000
14.5061224490 0.0000000000
14.5102040816 0.0000000000
14.5142857143 0.1786053181
14.5183673469 0.0000000000
14.5224489796 0.4701316357
14.5265306122 4.1323900223
14.5306122449 4.6455860138
14.5346938776 12.8891468048
14.5387755102 19.5044879913
14.5428571429 19.6814537048
14.5469387755 20.6214790344
14.5510204082 23.0548667908
14.5551020408 34.1706848145
14.5591836735 35.7635841370
14.5632653061 25.3998870850
14.5673469388 16.6120529175
14.5714285714 14.2011642456
14.5755102041 20.3313522339
14.5795918367 22.6391563416
14.5836734694 17.2615661621
14.5877551020 9.8603363037
14.5918367347 5.2540302277
14.5959183673 4.0782985687
14.6000000000 2.6836247444
14.6040816327 3.3153593540
14.6081632653 3.0357093811
14.6122448980 3.5768747330
14.6163265306 3.3211708069
14.6204081633 9.9700679779
14.6244897959 15.0789318085
14.6285714286 14.9483680725
14.6326530612 12.4473276138
14.6367346939 8.7763967514
14.6408163265 3.5461783409
14.6448979592 0.2093315125
14.6489795918 0.0000000000
14.6530612245 0.0000000000
14.6571428571 0.0000000000
14.6612244898 0.0000000000
14.6653061224 0.0000000000
14.6693877551 0.0000000000
14.6734693878 0.0000000000
14.6775510204 0.0000000000
14.6816326531 0.0000000000
14.6857142857 0.0000000000
14.6897959184 0.0000000000
14.6938775510 0.0000000000
14.6979591837 0.0000000000
14.7020408163 0.0000000000
14.7061224490 0.0132918358
14.7102040816 25.2529678345
14.7142857143 54.8129501343
14.7183673469 75.9769058228
14.7224489796 80.1264190674
14.7265306122 83.1351242065
14.7306122449 80.8089981079
14.7346938776 75.6030426025
14.7387755102 73.9353866577
14.7428571429 62.1541748047
14.7469387755 49.5760459900
14.7510204082 41.3194885254
14.7551020408 36.2118453979
14.7591836735 32.0761795044
14.7632653061 28.2838134766
14.7673469388 23.5097408295
14.7714285714 17.4758434296
14.7755102041 14.0414237976
14.7795918367 4.5897364616
14.7836734694 0.5726814270
14.7877551020 0.0000000000
14.7918367347 0.0000000000
14.7959183673 0.0000000000
14.8000000000 0.0000000000
14.8040816327 0.0000000000
14.8081632653 0.0000000000
14.8122448980 0.0000000000
14.8163265306 0.0000000000
14.8204081633 0.0000000000
14.8244897959 0.0000000000
14.8285714286 0.0000000000
14.8326530612 0.0000000000
14.8367346939 0.0000000000
14.8408163265 0.0000000000
14.8448979592 0.0000000000
14.8489795918 0.0000000000
14.8530612245 0.0000000000
14.8571428571 0.0000000000
14.8612244898 0.0000000000
14.8653061224 0.0000000000
14.8693877551 0.0000000000
14.8734693878 0.4753582180
14.8775510204 0.1528263092
14.8816326531 0.5463510752
14.8857142857 0.2079010010
14.8897959184 0.0000000000
14.8938775510 0.0000000000
14.8979591837 0.0000000000
14.9020408163 0.0000000000
14.9061224490 0.0000000000
14.9102040816 0.0000000000
14.9142857143 0.0000000000
14.9183673469 0.0000000000
14.9224489796 0.0000000000
14.9265306122 2.9056072235
14.9306122449 0.0000000000
14.9346938776 3.1945705414
14.9387755102 4.4499039650
14.9428571429 1.1923909187
14.9469387755 0.8383989334
14.9510204082 0.0000000000
14.9551020408 0.0000000000
14.9591836735 0.0000000000
14.9632653061 0.0000000000
14.9673469388 0.0000000000
14.9714285714 0.0000000000
14.9755102041 0.0000000000
