0.0040816327 26.2664852142
0.0081632653 5.6667923927
0.0122448980 0.0000000000
0.0163265306 0.0000000000
0.0204081633 0.0000000000
0.0244897959 0.0000000000
0.0285714286 0.0000000000
0.0326530612 0.0000000000
0.0367346939 0.0000000000
0.0408163265 0.0000000000
0.0448979592 0.0000000000
0.0489795918 0.0000000000
0.0530612245 0.0000000000
0.0571428571 0.0000000000
0.0612244898 0.0000000000
0.0653061224 0.0000000000
0.0693877551 0.0000000000
0.0734693878 0.0000000000
0.0775510204 0.0000000000
0.0816326531 0.0000000000
0.0857142857 0.0000000000
0.0897959184 0.0000000000
0.0938775510 0.0000000000
0.0979591837 0.0000000000
0.1020408163 0.0000000000
0.1061224490 0.0000000000
0.1102040816 0.0000000000
0.1142857143 0.0000000000
0.1183673469 0.0000000000
0.1224489796 0.0000000000
0.1265306122 0.0000000000
0.1306122449 0.0000000000
0.1346938776 0.0000000000
0.1387755102 0.0000000000
0.1428571429 0.0000000000
0.1469387755 0.0000000000
0.1510204082 0.0000000000
0.1551020408 0.0000000000
0.1591836735 0.0000000000
0.1632653061 0.0000000000
0.1673469388 0.0000000000
0.1714285714 0.0000000000
0.1755102041 0.0000000000
0.1795918367 0.0000000000
0.1836734694 0.0000000000
0.1877551020 0.0000000000
0.1918367347 0.0000000000
0.1959183673 0.0000000000
0.2000000000 0.0000000000
0.2040816327 0.0000000000
0.2081632653 0.0000000000
0.2122448980 0.0000000000
0.2163265306 0.0000000000
0.2204081633 0.0000000000
0.2244897959 0.0000000000
0.2285714286 0.0000000000
0.2326530612 0.0000000000
0.2367346939 0.0000000000
0.2408163265 4.2965412140
0.2448979592 2.8322339058
0.2489795918 0.6067044735
0.2530612245 0.0000000000
0.2571428571 0.0000000000
0.2612244898 0.0000000000
0.2653061224 0.0000000000
0.2693877551 0.0000000000
0.2734693878 0.0000000000
0.2775510204 0.0000000000
0.2816326531 0.1007318497
0.2857142857 12.4542713165
0.2897959184 80.5902328491
0.2938775510 116.4232940674
0.2979591837 164.1344604492
0.3020408163 185.3602294922
0.3061224490 160.8688507080
0.3102040816 128.9049682617
0.3142857143 100.5578613281
0.3183673469 78.5752563477
0.3224489796 64.7373809814
0.3265306122 50.3753433228
0.3306122449 33.7280044556
0.3346938776 20.7511177063
0.3387755102 7.0215463638
0.3428571429 0.0000000000
0.3469387755 0.0000000000
0.3510204082 0.0000000000
0.3551020408 0.0000000000
0.3591836735 0.0000000000
0.3632653061 0.0000000000
0.3673469388 0.0000000000
0.3714285714 0.0000000000
0.3755102041 0.0000000000
0.3795918367 0.0000000000
0.3836734694 0.0000000000
0.3877551020 0.0000000000
0.3918367347 0.0000000000
0.3959183673 0.0000000000
0.4000000000 0.0000000000
0.4040816327 0.0000000000
0.4081632653 0.0000000000
0.4122448980 0.0000000000
0.4163265306 0.0000000000
0.4204081633 0.0000000000
0.4244897959 0.0000000000
0.4285714286 0.0000000000
0.4326530612 0.0000000000
0.4367346939 0.0000000000
0.4408163265 0.0000000000
0.4448979592 0.0000000000
0.4489795918 0.0000000000
0.4530612245 0.0000000000
0.4571428571 0.0000000000
0.4612244898 0.0000000000
0.4653061224 0.0000000000
0.4693877551 0.0000000000
0.4734693878 0.0000000000
0.4775510204 0.0000000000
0.4816326531 0.0000000000
0.4857142857 0.0000000000
0.4897959184 0.0000000000
0.4938775510 0.0000000000
0.4979591837 0.0000000000
0.5020408163 0.0000000000
0.5061224490 0.0000000000
0.5102040816 0.0000000000
0.5142857143 0.0000000000
0.5183673469 0.0000000000
0.5224489796 0.0000000000
0.5265306122 0.0000000000
0.5306122449 0.0000000000
0.5346938776 0.0000000000
0.5387755102 0.0000000000
0.5428571429 0.0000000000
0.5469387755 0.0000000000
0.5510204082 0.0000000000
0.5551020408 0.0000000000
0.5591836735 0.0000000000
0.5632653061 0.0000000000
0.5673469388 0.0000000000
0.5714285714 0.0000000000
0.5755102041 0.0000000000
0.5795918367 0.0000000000
0.5836734694 0.0000000000
0.5877551020 0.0000000000
0.5918367347 0.0000000000
0.5959183673 0.0000000000
0.6000000000 0.0000000000
0.6040816327 0.0000000000
0.6081632653 0.0000000000
0.6122448980 0.0000000000
0.6163265306 0.0000000000
0.6204081633 0.0000000000
0.6244897959 0.0000000000
0.6285714286 0.0000000000
0.6326530612 7.8715381622
0.6367346939 29.3834800720
0.6408163265 83.4732055664
0.6448979592 133.8543701172
0.6489795918 142.9384002686
0.6530612245 122.2602996826
0.6571428571 112.1670303345
0.6612244898 103.9815521240
0.6653061224 84.6802368164
0.6693877551 66.9857330322
0.6734693878 55.0711746216
0.6775510204 39.6888237000
0.6816326531 19.8577041626
0.6857142857 7.0633888245
0.6897959184 0.2919435501
0.6938775510 0.0000000000
0.6979591837 0.0000000000
0.7020408163 0.0000000000
0.7061224490 0.0000000000
0.7102040816 0.0000000000
0.7142857143 0.0000000000
0.7183673469 0.0000000000
0.7224489796 0.0000000000
0.7265306122 0.0000000000
0.7306122449 0.0000000000
0.7346938776 0.0000000000
0.7387755102 0.0000000000
0.7428571429 0.0000000000
0.7469387755 0.0000000000
0.7510204082 0.0000000000
0.7551020408 0.0000000000
0.7591836735 0.0000000000
0.7632653061 0.0000000000
0.7673469388 0.0000000000
0.7714285714 0.0000000000
0.7755102041 0.0000000000
0.7795918367 0.0000000000
0.7836734694 0.0000000000
0.7877551020 0.0000000000
0.7918367347 0.0000000000
0.7959183673 0.0000000000
0.8000000000 0.0000000000
0.8040816327 0.0000000000
0.8081632653 0.0000000000
0.8122448980 0.0000000000
0.8163265306 0.8194446564
0.8204081633 1.2032389641
0.8244897959 0.0000000000
0.8285714286 0.0000000000
0.8326530612 0.0000000000
0.8367346939 0.0000000000
0.8408163265 0.0000000000
0.8448979592 0.0000000000
0.8489795918 0.0000000000
0.8530612245 0.0000000000
0.8571428571 0.0000000000
0.8612244898 0.0000000000
0.8653061224 0.0000000000
0.8693877551 0.0000000000
0.8734693878 0.0000000000
0.8775510204 0.0000000000
0.8816326531 0.0000000000
0.8857142857 0.0000000000
0.8897959184 0.0000000000
0.8938775510 0.0000000000
0.8979591837 0.0000000000
0.9020408163 0.0000000000
0.9061224490 1.5316605568
0.9102040816 1.9050836563
0.9142857143 0.6723403931
0.9183673469 0.0000000000
0.9224489796 0.0000000000
0.9265306122 0.4136562347
0.9306122449 0.0000000000
0.9346938776 0.0000000000
0.9387755102 1.4499276876
0.9428571429 0.0000000000
0.9469387755 0.0000000000
0.9510204082 0.0000000000
0.9551020408 0.0000000000
0.9591836735 0.0000000000
0.9632653061 5.3581037521
0.9673469388 56.1711502075
0.9714285714 102.1173553467
0.9755102041 127.9417266846
0.9795918367 136.2056732178
0.9836734694 110.2659759521
0.9877551020 94.4396209717
0.9918367347 81.8481903076
0.9959183673 63.1227493286
1.0000000000 43.6737518311
1.0040816327 25.9180393219
1.0081632653 11.0404815674
1.0122448980 1.6694068909
1.0163265306 0.0000000000
1.0204081633 0.0000000000
1.0244897959 0.0000000000
1.0285714286 0.0000000000
1.0326530612 0.0000000000
1.0367346939 0.0000000000
1.0408163265 0.0000000000
1.0448979592 0.0000000000
1.0489795918 0.0000000000
1.0530612245 0.0000000000
1.0571428571 0.0000000000
1.0612244898 0.0000000000
1.0653061224 0.0000000000
1.0693877551 0.0000000000
1.0734693878 0.0000000000
1.0775510204 0.0000000000
1.0816326531 0.0000000000
1.0857142857 0.0000000000
1.0897959184 0.0000000000
1.0938775510 0.0000000000
1.0979591837 0.0000000000
1.1020408163 0.0000000000
1.1061224490 0.0000000000
1.1102040816 0.0000000000
1.1142857143 0.0000000000
1.1183673469 0.0000000000
1.1224489796 0.0000000000
1.1265306122 0.0000000000
1.1306122449 0.0000000000
1.1346938776 0.0000000000
1.1387755102 0.0000000000
1.1428571429 0.0000000000
1.1469387755 0.0000000000
1.1510204082 0.0000000000
1.1551020408 0.0000000000
1.1591836735 0.0000000000
1.1632653061 0.0000000000
1.1673469388 0.0000000000
1.1714285714 0.0000000000
1.1755102041 0.0000000000
1.1795918367 0.0000000000
1.1836734694 0.0000000000
1.1877551020 0.0000000000
1.1918367347 0.0000000000
1.1959183673 0.0000000000
1.2000000000 0.0000000000
1.2040816327 0.0000000000
1.2081632653 0.0000000000
1.2122448980 0.0000000000
1.2163265306 0.0000000000
1.2204081633 0.0000000000
1.2244897959 0.0000000000
1.2285714286 0.0000000000
1.2326530612 0.0000000000
1.2367346939 0.0000000000
1.2408163265 0.0000000000
1.2448979592 0.0000000000
1.2489795918 0.0000000000
1.2530612245 0.0000000000
1.2571428571 0.0000000000
1.2612244898 0.0000000000
1.2653061224 0.0000000000
1.2693877551 0.0000000000
1.2734693878 0.0000000000
1.2775510204 0.0000000000
1.2816326531 0.0000000000
1.2857142857 0.0000000000
1.2897959184 0.0000000000
1.2938775510 0.0000000000
1.2979591837 0.0000000000
1.3020408163 1.9116699696
1.3061224490 11.2004051208
1.3102040816 35.1746749878
1.3142857143 82.5860595703
1.3183673469 96.8872604370
1.3224489796 86.7149505615
1.3265306122 74.8772354126
1.3306122449 62.8216857910
1.3346938776 48.3006820679
1.3387755102 39.9296569824
1.3428571429 28.6435184479
1.3469387755 12.5063657761
1.3510204082 3.0593872070
1.3551020408 0.0000000000
1.3591836735 0.0000000000
1.3632653061 0.0000000000
1.3673469388 0.0000000000
1.3714285714 0.0000000000
1.3755102041 0.0000000000
1.3795918367 0.0000000000
1.3836734694 0.0000000000
1.3877551020 0.0000000000
1.3918367347 0.0000000000
1.3959183673 0.0000000000
1.4000000000 0.0000000000
1.4040816327 0.0000000000
1.4081632653 0.0000000000
1.4122448980 0.0000000000
1.4163265306 0.0000000000
1.4204081633 0.0000000000
1.4244897959 0.0000000000
1.4285714286 0.0000000000
1.4326530612 0.0000000000
1.4367346939 0.0000000000
1.4408163265 0.0000000000
1.4448979592 0.0000000000
1.4489795918 0.0000000000
1.4530612245 0.0000000000
1.4571428571 0.0000000000
1.4612244898 0.0000000000
1.4653061224 0.0000000000
1.4693877551 0.0000000000
1.4734693878 0.0000000000
1.4775510204 0.0000000000
1.4816326531 0.0000000000
1.4857142857 0.0000000000
1.4897959184 0.0000000000
1.4938775510 0.0000000000
1.4979591837 0.0000000000
1.5020408163 0.0000000000
1.5061224490 0.0000000000
1.5102040816 0.0000000000
1.5142857143 0.0000000000
1.5183673469 0.0000000000
1.5224489796 0.0000000000
1.5265306122 0.0000000000
1.5306122449 0.0000000000
1.5346938776 0.0000000000
1.5387755102 0.0000000000
1.5428571429 0.0000000000
1.5469387755 0.0000000000
1.5510204082 0.0000000000
1.5551020408 0.0000000000
1.5591836735 0.0000000000
1.5632653061 0.0000000000
1.5673469388 0.0000000000
1.5714285714 0.0000000000
1.5755102041 0.0000000000
1.5795918367 0.0000000000
1.5836734694 0.0000000000
1.5877551020 0.0000000000
1.5918367347 0.0000000000
1.5959183673 0.0000000000
1.6000000000 0.0000000000
1.6040816327 0.0000000000
1.6081632653 0.0000000000
1.6122448980 0.0000000000
1.6163265306 0.0000000000
1.6204081633 0.0000000000
1.6244897959 0.3000497818
1.6285714286 5.3158998489
1.6326530612 25.1724720001
1.6367346939 46.8669509888
1.6408163265 53.5238990784
1.6448979592 53.3842430115
1.6489795918 49.2779006958
1.6530612245 40.1028976440
1.6571428571 25.4196529388
1.6612244898 10.6924171448
1.6653061224 0.0000000000
1.6693877551 0.0000000000
1.6734693878 0.0000000000
1.6775510204 0.0000000000
1.6816326531 0.0000000000
1.6857142857 0.0000000000
1.6897959184 0.0000000000
1.6938775510 0.0000000000
1.6979591837 0.0000000000
1.7020408163 0.0000000000
1.7061224490 0.0000000000
1.7102040816 0.0000000000
1.7142857143 0.0000000000
1.7183673469 0.0000000000
1.7224489796 0.0000000000
1.7265306122 0.1688599586
1.7306122449 0.1140832901
1.7346938776 0.0000000000
1.7387755102 0.0000000000
1.7428571429 0.0000000000
1.7469387755 0.0000000000
1.7510204082 0.0000000000
1.7551020408 0.0000000000
1.7591836735 0.0000000000
1.7632653061 0.0000000000
1.7673469388 0.0000000000
1.7714285714 0.0000000000
1.7755102041 0.0000000000
1.7795918367 0.0000000000
1.7836734694 1.2284517288
1.7877551020 1.2963414192
1.7918367347 0.0404119492
1.7959183673 0.0000000000
1.8000000000 0.0000000000
1.8040816327 0.0000000000
1.8081632653 0.0000000000
1.8122448980 0.0000000000
1.8163265306 0.0000000000
1.8204081633 0.0000000000
1.8244897959 4.8959255219
1.8285714286 10.4399471283
1.8326530612 17.2049407959
1.8367346939 26.6766548157
1.8408163265 25.6526184082
1.8448979592 18.0105552673
1.8489795918 15.4173221588
1.8530612245 11.9152221680
1.8571428571 6.0771703720
1.8612244898 7.7948570251
1.8653061224 2.4788975716
1.8693877551 1.2302994728
1.8734693878 0.0000000000
1.8775510204 0.0000000000
1.8816326531 0.0000000000
1.8857142857 0.0000000000
1.8897959184 0.0000000000
1.8938775510 0.0000000000
1.8979591837 0.0000000000
1.9020408163 0.0000000000
1.9061224490 0.0000000000
1.9102040816 0.0000000000
1.9142857143 0.0000000000
1.9183673469 0.0000000000
1.9224489796 0.0000000000
1.9265306122 0.0000000000
1.9306122449 0.0000000000
1.9346938776 0.0000000000
1.9387755102 0.0000000000
1.9428571429 2.1238327026
1.9469387755 3.9282441139
1.9510204082 5.1356554031
1.9551020408 3.9588809013
1.9591836735 2.7925372124
1.9632653061 2.3252665997
1.9673469388 3.2351090908
1.9714285714 7.6422839165
1.9755102041 14.6704616547
1.9795918367 26.0377979279
1.9836734694 32.4729995728
1.9877551020 65.8719635010
1.9918367347 87.0133819580
1.9959183673 82.2292556763
2.0000000000 71.4098815918
2.0040816327 57.0061798096
2.0081632653 47.2223739624
2.0122448980 30.5579013824
2.0163265306 18.7702331543
2.0204081633 9.0606956482
2.0244897959 6.8564414978
2.0285714286 7.0348978043
2.0326530612 5.1496624947
2.0367346939 0.2243518829
2.0408163265 0.0000000000
2.0448979592 0.0000000000
2.0489795918 0.0000000000
2.0530612245 0.0000000000
2.0571428571 0.0000000000
2.0612244898 0.0000000000
2.0653061224 0.0000000000
2.0693877551 0.0000000000
2.0734693878 0.0000000000
2.0775510204 0.0000000000
2.0816326531 0.0000000000
2.0857142857 0.0000000000
2.0897959184 0.0000000000
2.0938775510 0.0000000000
2.0979591837 0.0000000000
2.1020408163 0.0000000000
2.1061224490 0.0000000000
2.1102040816 0.0000000000
2.1142857143 0.0000000000
2.1183673469 0.0000000000
2.1224489796 0.0000000000
2.1265306122 0.0000000000
2.1306122449 0.0000000000
2.1346938776 0.0000000000
2.1387755102 0.0000000000
2.1428571429 0.0000000000
2.1469387755 0.0000000000
2.1510204082 0.0000000000
2.1551020408 0.0000000000
2.1591836735 0.0000000000
2.1632653061 0.0000000000
2.1673469388 0.0000000000
2.1714285714 0.0000000000
2.1755102041 0.5360841751
2.1795918367 0.0000000000
2.1836734694 0.0000000000
2.1877551020 0.0000000000
2.1918367347 0.0000000000
2.1959183673 0.0000000000
2.2000000000 0.0000000000
2.2040816327 0.0000000000
2.2081632653 0.0000000000
2.2122448980 0.0000000000
2.2163265306 0.0000000000
2.2204081633 0.0000000000
2.2244897959 0.0000000000
2.2285714286 0.0000000000
2.2326530612 0.0000000000
2.2367346939 0.0000000000
2.2408163265 0.0000000000
2.2448979592 0.5225241184
2.2489795918 0.0000000000
2.2530612245 0.0000000000
2.2571428571 0.0000000000
2.2612244898 0.0000000000
2.2653061224 0.0000000000
2.2693877551 0.0000000000
2.2734693878 0.0000000000
2.2775510204 0.0000000000
2.2816326531 0.0000000000
2.2857142857 0.0000000000
2.2897959184 0.0000000000
2.2938775510 0.0000000000
2.2979591837 0.0000000000
2.3020408163 0.0000000000
2.3061224490 0.0000000000
2.3102040816 0.0000000000
2.3142857143 6.4437985420
2.3183673469 17.1222686768
2.3224489796 16.2697429657
2.3265306122 23.2826480865
2.3306122449 26.4948616028
2.3346938776 30.7767333984
2.3387755102 28.7899227142
2.3428571429 16.1277580261
2.3469387755 5.1664781570
2.3510204082 0.0000000000
2.3551020408 0.0000000000
2.3591836735 0.0000000000
2.3632653061 0.0000000000
2.3673469388 0.0000000000
2.3714285714 0.0000000000
2.3755102041 0.0000000000
2.3795918367 0.0000000000
2.3836734694 0.0000000000
2.3877551020 0.0000000000
2.3918367347 0.0000000000
2.3959183673 0.0000000000
2.4000000000 0.0000000000
2.4040816327 0.0000000000
2.4081632653 0.0000000000
2.4122448980 0.0000000000
2.4163265306 0.0000000000
2.4204081633 0.0000000000
2.4244897959 0.0000000000
2.4285714286 0.0000000000
2.4326530612 0.0000000000
2.4367346939 0.0000000000
2.4408163265 0.0000000000
2.4448979592 0.0000000000
2.4489795918 0.0000000000
2.4530612245 0.0000000000
2.4571428571 0.0000000000
2.4612244898 0.0000000000
2.4653061224 0.0000000000
2.4693877551 0.0000000000
2.4734693878 0.0000000000
2.4775510204 0.0000000000
2.4816326531 0.0000000000
2.4857142857 0.0000000000
2.4897959184 0.0000000000
2.4938775510 0.0000000000
2.4979591837 2.3185014725
2.5020408163 1.6751289368
2.5061224490 0.0963211060
2.5102040816 0.0000000000
2.5142857143 0.0000000000
2.5183673469 0.0000000000
2.5224489796 0.0000000000
2.5265306122 0.0000000000
2.5306122449 0.0000000000
2.5346938776 0.0000000000
2.5387755102 0.0000000000
2.5428571429 0.0000000000
2.5469387755 0.0000000000
2.5510204082 0.0000000000
2.5551020408 0.0000000000
2.5591836735 0.0000000000
2.5632653061 0.0035986304
2.5673469388 3.2032206059
2.5714285714 12.5837841034
2.5755102041 12.4409275055
2.5795918367 21.8430595398
2.5836734694 27.8615188599
2.5877551020 43.6118850708
2.5918367347 35.6414489746
2.5959183673 26.8272895813
2.6000000000 27.7831268311
2.6040816327 42.3953895569
2.6081632653 57.3858222961
2.6122448980 72.3333358765
2.6163265306 78.3172836304
2.6204081633 87.5143737793
2.6244897959 102.0306320190
2.6285714286 88.1911392212
2.6326530612 71.1972732544
2.6367346939 55.4034423828
2.6408163265 39.9649734497
2.6448979592 31.2477951050
2.6489795918 20.7566623688
2.6530612245 9.3624591827
2.6571428571 0.9348392487
2.6612244898 0.0000000000
2.6653061224 0.0000000000
2.6693877551 0.0000000000
2.6734693878 0.0000000000
2.6775510204 0.0000000000
2.6816326531 0.0000000000
2.6857142857 0.0000000000
2.6897959184 0.0000000000
2.6938775510 0.0000000000
2.6979591837 0.0000000000
2.7020408163 0.0000000000
2.7061224490 0.0000000000
2.7102040816 0.0000000000
2.7142857143 0.0000000000
2.7183673469 0.0000000000
2.7224489796 0.0000000000
2.7265306122 0.0000000000
2.7306122449 0.0000000000
2.7346938776 0.0000000000
2.7387755102 0.0000000000
2.7428571429 0.0000000000
2.7469387755 0.0000000000
2.7510204082 0.0000000000
2.7551020408 0.0000000000
2.7591836735 0.0000000000
2.7632653061 0.0000000000
2.7673469388 0.0000000000
2.7714285714 0.0000000000
2.7755102041 0.0000000000
2.7795918367 0.0000000000
2.7836734694 0.0000000000
2.7877551020 0.0000000000
2.7918367347 0.0000000000
2.7959183673 0.0000000000
2.8000000000 0.0000000000
2.8040816327 0.0000000000
2.8081632653 0.0000000000
2.8122448980 0.0000000000
2.8163265306 0.0000000000
2.8204081633 0.0000000000
2.8244897959 0.0000000000
2.8285714286 0.0000000000
2.8326530612 0.0000000000
2.8367346939 0.0000000000
2.8408163265 0.0000000000
2.8448979592 0.0000000000
2.8489795918 0.0000000000
2.8530612245 0.0000000000
2.8571428571 0.0000000000
2.8612244898 0.0000000000
2.8653061224 0.0000000000
2.8693877551 0.0000000000
2.8734693878 0.6591081619
2.8775510204 0.0000000000
2.8816326531 0.0000000000
2.8857142857 0.0000000000
2.8897959184 0.0000000000
2.8938775510 0.0000000000
2.8979591837 0.0000000000
2.9020408163 2.5016367435
2.9061224490 10.5097293854
2.9102040816 14.7603750229
2.9142857143 11.5962028503
2.9183673469 3.8545875549
2.9224489796 1.0527968407
2.9265306122 2.0762383938
2.9306122449 0.0000000000
2.9346938776 0.2174377441
2.9387755102 2.8517842293
2.9428571429 2.1648406982
2.9469387755 3.3534765244
2.9510204082 8.7085361481
2.9551020408 6.0502963066
2.9591836735 1.5807747841
2.9632653061 0.1043081284
2.9673469388 1.0052099228
2.9714285714 4.4139919281
2.9755102041 5.1443576813
2.9795918367 0.0000000000
2.9836734694 0.0000000000
2.9877551020 0.0000000000
2.9918367347 0.0000000000
2.9959183673 0.0000000000
3.0000000000 0.0000000000
3.0040816327 0.0000000000
3.0081632653 0.0000000000
3.0122448980 0.0000000000
3.0163265306 0.0000000000
3.0204081633 0.0000000000
3.0244897959 0.0000000000
3.0285714286 0.5129575729
3.0326530612 0.0000000000
3.0367346939 0.0000000000
3.0408163265 0.8669495583
3.0448979592 0.0000000000
3.0489795918 1.2779235840
3.0530612245 0.2551078796
3.0571428571 0.0000000000
3.0612244898 0.0000000000
3.0653061224 0.0000000000
3.0693877551 0.0000000000
3.0734693878 0.0000000000
3.0775510204 0.1509785652
3.0816326531 0.0000000000
3.0857142857 0.0000000000
3.0897959184 0.8512139320
3.0938775510 0.0000000000
3.0979591837 0.0000000000
3.1020408163 4.6453142166
3.1061224490 46.2505187988
3.1102040816 105.5527954102
3.1142857143 119.5446777344
3.1183673469 126.5000686646
3.1224489796 115.4076995850
3.1265306122 90.9313507080
3.1306122449 58.5497589111
3.1346938776 36.7425537109
3.1387755102 24.5701217651
3.1428571429 13.0439548492
3.1469387755 5.7559013367
3.1510204082 0.3635287285
3.1551020408 0.0000000000
3.1591836735 0.0000000000
3.1632653061 1.7130374908
3.1673469388 2.9303431511
3.1714285714 1.8852949142
3.1755102041 0.0000000000
3.1795918367 0.0000000000
3.1836734694 0.0000000000
3.1877551020 0.0000000000
3.1918367347 0.0000000000
3.1959183673 0.0000000000
3.2000000000 0.0000000000
3.2040816327 0.0000000000
3.2081632653 0.0000000000
3.2122448980 0.0000000000
3.2163265306 0.0000000000
3.2204081633 0.0000000000
3.2244897959 0.0000000000
3.2285714286 0.0000000000
3.2326530612 0.0000000000
3.2367346939 2.3167841434
3.2408163265 4.9895944595
3.2448979592 7.0363578796
3.2489795918 8.5259675980
3.2530612245 7.8981518745
3.2571428571 9.9321603775
3.2612244898 14.9384193420
3.2653061224 11.9055728912
3.2693877551 25.4673805237
3.2734693878 18.7675952911
3.2775510204 13.5893039703
3.2816326531 17.1257286072
3.2857142857 19.7213439941
3.2897959184 21.0175209045
3.2938775510 15.1923599243
3.2979591837 17.6315765381
3.3020408163 12.1643543243
3.3061224490 4.4882593155
3.3102040816 0.0000000000
3.3142857143 0.0000000000
3.3183673469 0.0000000000
3.3224489796 0.0000000000
3.3265306122 0.0000000000
3.3306122449 0.0128746033
3.3346938776 0.0000000000
3.3387755102 0.0000000000
3.3428571429 0.0000000000
3.3469387755 0.0000000000
3.3510204082 0.0000000000
3.3551020408 0.0000000000
3.3591836735 0.0000000000
3.3632653061 0.0000000000
3.3673469388 0.0000000000
3.3714285714 0.0000000000
3.3755102041 0.0000000000
3.3795918367 0.0000000000
3.3836734694 0.0000000000
3.3877551020 0.0000000000
3.3918367347 0.0000000000
3.3959183673 0.0000000000
3.4000000000 0.0000000000
3.4040816327 0.2024769783
3.4081632653 0.4615187645
3.4122448980 3.5418868065
3.4163265306 3.6310701370
3.4204081633 4.3496789932
3.4244897959 7.3961915970
3.4285714286 14.5196475983
3.4326530612 18.9231491089
3.4367346939 21.3671913147
3.4408163265 18.2097854614
3.4448979592 12.9363536835
3.4489795918 11.7647943497
3.4530612245 3.7205219269
3.4571428571 0.2843439579
3.4612244898 0.0000000000
3.4653061224 0.0000000000
3.4693877551 0.0000000000
3.4734693878 0.0000000000
3.4775510204 0.0000000000
3.4816326531 0.0000000000
3.4857142857 0.0000000000
3.4897959184 0.0000000000
3.4938775510 0.0000000000
3.4979591837 0.0000000000
3.5020408163 0.0000000000
3.5061224490 0.0000000000
3.5102040816 0.0000000000
3.5142857143 0.0000000000
3.5183673469 0.0000000000
3.5224489796 0.0000000000
3.5265306122 0.0000000000
3.5306122449 0.0000000000
3.5346938776 0.0000000000
3.5387755102 0.0000000000
3.5428571429 0.0000000000
3.5469387755 0.0000000000
3.5510204082 0.0000000000
3.5551020408 0.0000000000
3.5591836735 0.0000000000
3.5632653061 0.0000000000
3.5673469388 0.0000000000
3.5714285714 0.0000000000
3.5755102041 0.0000000000
3.5795918367 0.0000000000
3.5836734694 0.0000000000
3.5877551020 19.6483726501
3.5918367347 52.8726882935
3.5959183673 71.0121078491
3.6000000000 81.2630920410
3.6040816327 74.3525924683
3.6081632653 63.6268539429
3.6122448980 60.2062911987
3.6163265306 56.0107536316
3.6204081633 44.0966339111
3.6244897959 32.8070526123
3.6285714286 19.6535301208
3.6326530612 13.6620998383
3.6367346939 8.0792608261
3.6408163265 1.0831356049
3.6448979592 0.0000000000
3.6489795918 0.0000000000
3.6530612245 0.0000000000
3.6571428571 0.0000000000
3.6612244898 0.0000000000
3.6653061224 0.0000000000
3.6693877551 0.0000000000
3.6734693878 0.0000000000
3.6775510204 0.0000000000
3.6816326531 0.0000000000
3.6857142857 0.0000000000
3.6897959184 0.0000000000
3.6938775510 0.0000000000
3.6979591837 0.0000000000
3.7020408163 0.0000000000
3.7061224490 0.0000000000
3.7102040816 0.0000000000
3.7142857143 0.0000000000
3.7183673469 0.0000000000
3.7224489796 0.0000000000
3.7265306122 0.0000000000
3.7306122449 0.0000000000
3.7346938776 0.0000000000
3.7387755102 0.0000000000
3.7428571429 0.0000000000
3.7469387755 0.0000000000
3.7510204082 0.0000000000
3.7551020408 0.0000000000
3.7591836735 0.0000000000
3.7632653061 0.0000000000
3.7673469388 0.0000000000
3.7714285714 0.0000000000
3.7755102041 0.0000000000
3.7795918367 0.0000000000
3.7836734694 0.0000000000
3.7877551020 0.0000000000
3.7918367347 0.0000000000
3.7959183673 0.0000000000
3.8000000000 0.0000000000
3.8040816327 0.0000000000
3.8081632653 0.0000000000
3.8122448980 0.0000000000
3.8163265306 0.0000000000
3.8204081633 0.0000000000
3.8244897959 0.0000000000
3.8285714286 0.0000000000
3.8326530612 0.0000000000
3.8367346939 0.0000000000
3.8408163265 0.0000000000
3.8448979592 0.0000000000
3.8489795918 0.0000000000
3.8530612245 0.0000000000
3.8571428571 0.0000000000
3.8612244898 0.0000000000
3.8653061224 0.0000000000
3.8693877551 0.0000000000
3.8734693878 0.0000000000
3.8775510204 0.0000000000
3.8816326531 0.0000000000
3.8857142857 0.0000000000
3.8897959184 0.0000000000
3.8938775510 3.6151409149
3.8979591837 22.4080696106
3.9020408163 26.4325141907
3.9061224490 28.1123504639
3.9102040816 41.7385101318
3.9142857143 51.9648780823
3.9183673469 48.9875068665
3.9224489796 56.3460006714
3.9265306122 46.6599769592
3.9306122449 34.7062339783
3.9346938776 27.8547401428
3.9387755102 20.3649997711
3.9428571429 8.1458091736
3.9469387755 2.5427937508
3.9510204082 0.0000000000
3.9551020408 0.0000000000
3.9591836735 0.0000000000
3.9632653061 0.0000000000
3.9673469388 0.0000000000
3.9714285714 0.0000000000
3.9755102041 0.0000000000
3.9795918367 0.0000000000
3.9836734694 0.0000000000
3.9877551020 0.0000000000
3.9918367347 0.0000000000
3.9959183673 0.0000000000
4.0000000000 0.0000000000
4.0040816327 0.0000000000
4.0081632653 0.0000000000
4.0122448980 0.0000000000
4.0163265306 0.0000000000
4.0204081633 0.0000000000
4.0244897959 0.0000000000
4.0285714286 0.0000000000
4.0326530612 0.0000000000
4.0367346939 0.0000000000
4.0408163265 0.0000000000
4.0448979592 0.0000000000
4.0489795918 0.0000000000
4.0530612245 0.0000000000
4.0571428571 0.0000000000
4.0612244898 0.0000000000
4.0653061224 0.0000000000
4.0693877551 0.0000000000
4.0734693878 0.0000000000
4.0775510204 0.0000000000
4.0816326531 0.0000000000
4.0857142857 0.0000000000
4.0897959184 0.0000000000
4.0938775510 0.0000000000
4.0979591837 0.0000000000
4.1020408163 0.0000000000
4.1061224490 0.0000000000
4.1102040816 0.0000000000
4.1142857143 0.0000000000
4.1183673469 0.0000000000
4.1224489796 0.0000000000
4.1265306122 0.0000000000
4.1306122449 0.0000000000
4.1346938776 0.0000000000
4.1387755102 0.0000000000
4.1428571429 0.0000000000
4.1469387755 0.0000000000
4.1510204082 0.0000000000
4.1551020408 0.0000000000
4.1591836735 0.0000000000
4.1632653061 0.0000000000
4.1673469388 0.0000000000
4.1714285714 0.0000000000
4.1755102041 0.0000000000
4.1795918367 0.0000000000
4.1836734694 0.0000000000
4.1877551020 0.0000000000
4.1918367347 0.0000000000
4.1959183673 0.0000000000
4.2000000000 1.2179613113
4.2040816327 11.4320516586
4.2081632653 24.9120597839
4.2122448980 58.9711685181
4.2163265306 76.8075561523
4.2204081633 88.2918853760
4.2244897959 75.8016662598
4.2285714286 63.5511856079
4.2326530612 45.5360412598
4.2367346939 24.9983215332
4.2408163265 15.7087297440
4.2448979592 6.4696969986
4.2489795918 0.0000000000
4.2530612245 0.0000000000
4.2571428571 0.0000000000
4.2612244898 0.0000000000
4.2653061224 0.0000000000
4.2693877551 0.0000000000
4.2734693878 0.0000000000
4.2775510204 0.0000000000
4.2816326531 0.0000000000
4.2857142857 0.0000000000
4.2897959184 0.0000000000
4.2938775510 0.0000000000
4.2979591837 0.0000000000
4.3020408163 0.0000000000
4.3061224490 0.0000000000
4.3102040816 0.0000000000
4.3142857143 0.0000000000
4.3183673469 0.0000000000
4.3224489796 0.0000000000
4.3265306122 0.0000000000
4.3306122449 0.0000000000
4.3346938776 0.0000000000
4.3387755102 0.0000000000
4.3428571429 0.0000000000
4.3469387755 0.0000000000
4.3510204082 0.0000000000
4.3551020408 0.0000000000
4.3591836735 0.0000000000
4.3632653061 0.0000000000
4.3673469388 0.0000000000
4.3714285714 0.0000000000
4.3755102041 0.0000000000
4.3795918367 8.3287620544
4.3836734694 31.8582038879
4.3877551020 65.0590820312
4.3918367347 72.0086364746
4.3959183673 81.3042221069
4.4000000000 72.0208282471
4.4040816327 55.7157707214
4.4081632653 43.7566947937
4.4122448980 26.4326934814
4.4163265306 12.6575908661
4.4204081633 5.7575087547
4.4244897959 2.8799958229
4.4285714286 0.0000000000
4.4326530612 0.0000000000
4.4367346939 0.0000000000
4.4408163265 0.0000000000
4.4448979592 0.0000000000
4.4489795918 0.0000000000
4.4530612245 0.0000000000
4.4571428571 0.0000000000
4.4612244898 0.0000000000
4.4653061224 0.0000000000
4.4693877551 0.0000000000
4.4734693878 0.0000000000
4.4775510204 0.0000000000
4.4816326531 0.0000000000
4.4857142857 0.0000000000
4.4897959184 0.0000000000
4.4938775510 0.0000000000
4.4979591837 0.0000000000
4.5020408163 0.0000000000
4.5061224490 0.0000000000
4.5102040816 0.0000000000
4.5142857143 0.0000000000
4.5183673469 0.0000000000
4.5224489796 0.0000000000
4.5265306122 0.0000000000
4.5306122449 0.0000000000
4.5346938776 0.0000000000
4.5387755102 0.1617670059
4.5428571429 0.0000000000
4.5469387755 2.6429295540
4.5510204082 10.0482406616
4.5551020408 27.6639709473
4.5591836735 39.6634216309
4.5632653061 38.0581512451
4.5673469388 40.0225486755
4.5714285714 39.9108200073
4.5755102041 34.5520324707
4.5795918367 25.1747665405
4.5836734694 14.6858463287
4.5877551020 4.2686758041
4.5918367347 0.0000000000
4.5959183673 0.0000000000
4.6000000000 0.0000000000
4.6040816327 0.0000000000
4.6081632653 0.0000000000
4.6122448980 0.0000000000
4.6163265306 0.0000000000
4.6204081633 0.0000000000
4.6244897959 0.0000000000
4.6285714286 0.0000000000
4.6326530612 0.0000000000
4.6367346939 0.0000000000
4.6408163265 0.0000000000
4.6448979592 0.0000000000
4.6489795918 0.0000000000
4.6530612245 0.0000000000
4.6571428571 0.0000000000
4.6612244898 0.0000000000
4.6653061224 0.0000000000
4.6693877551 0.0000000000
4.6734693878 0.0000000000
4.6775510204 0.0000000000
4.6816326531 0.0000000000
4.6857142857 0.0000000000
4.6897959184 0.0000000000
4.6938775510 0.0000000000
4.6979591837 0.0000000000
4.7020408163 0.0000000000
4.7061224490 0.0000000000
4.7102040816 0.0000000000
4.7142857143 0.0000000000
4.7183673469 0.0000000000
4.7224489796 0.0000000000
4.7265306122 0.0000000000
4.7306122449 0.0000000000
4.7346938776 0.0000000000
4.7387755102 0.0000000000
4.7428571429 0.0000000000
4.7469387755 0.0000000000
4.7510204082 0.0000000000
4.7551020408 0.0000000000
4.7591836735 0.0000000000
4.7632653061 0.0000000000
4.7673469388 0.0000000000
4.7714285714 0.0000000000
4.7755102041 0.0000000000
4.7795918367 0.0000000000
4.7836734694 0.0000000000
4.7877551020 0.0000000000
4.7918367347 0.0000000000
4.7959183673 0.0000000000
4.8000000000 0.0000000000
4.8040816327 0.0000000000
4.8081632653 0.0000000000
4.8122448980 0.0000000000
4.8163265306 0.0000000000
4.8204081633 0.0000000000
4.8244897959 0.0000000000
4.8285714286 0.0000000000
4.8326530612 0.0000000000
4.8367346939 0.0000000000
4.8408163265 0.0000000000
4.8448979592 0.0000000000
4.8489795918 0.0000000000
4.8530612245 0.0000000000
4.8571428571 0.0000000000
4.8612244898 0.0000000000
4.8653061224 0.0000000000
4.8693877551 0.0000000000
4.8734693878 0.7083415985
4.8775510204 0.1470446587
4.8816326531 0.0000000000
4.8857142857 0.1452565193
4.8897959184 0.3463625908
4.8938775510 0.0000000000
4.8979591837 0.0000000000
4.9020408163 0.0000000000
4.9061224490 0.0000000000
4.9102040816 0.0000000000
4.9142857143 0.0000000000
4.9183673469 0.0000000000
4.9224489796 0.0000000000
4.9265306122 0.0000000000
4.9306122449 0.0000000000
4.9346938776 0.0000000000
4.9387755102 0.0000000000
4.9428571429 0.0000000000
4.9469387755 0.0000000000
4.9510204082 0.0000000000
4.9551020408 0.0000000000
4.9591836735 0.0000000000
4.9632653061 0.0000000000
4.9673469388 0.0000000000
4.9714285714 0.0000000000
4.9755102041 0.0000000000
4.9795918367 0.0000000000
4.9836734694 0.0000000000
4.9877551020 0.0000000000
4.9918367347 0.0000000000
4.9959183673 0.0000000000
5.0000000000 0.0000000000
5.0040816327 0.0000000000
5.0081632653 0.0000000000
5.0122448980 0.0000000000
5.0163265306 0.0000000000
5.0204081633 0.0000000000
5.0244897959 3.2132267952
5.0285714286 4.4342427254
5.0326530612 10.4026498795
5.0367346939 16.4563522339
5.0408163265 32.0452766418
5.0448979592 43.9170761108
5.0489795918 60.7395553589
5.0530612245 68.2860641479
5.0571428571 71.2964019775
5.0612244898 72.9734725952
5.0653061224 67.2810363770
5.0693877551 50.0811195374
5.0734693878 32.7067947388
5.0775510204 18.7289276123
5.0816326531 7.7090711594
5.0857142857 0.4498958588
5.0897959184 0.0000000000
5.0938775510 0.0000000000
5.0979591837 0.0000000000
5.1020408163 0.0000000000
5.1061224490 0.0000000000
5.1102040816 0.0000000000
5.1142857143 0.0000000000
5.1183673469 0.0000000000
5.1224489796 0.0000000000
5.1265306122 0.0000000000
5.1306122449 0.0000000000
5.1346938776 0.0000000000
5.1387755102 0.0000000000
5.1428571429 0.0000000000
5.1469387755 0.0000000000
5.1510204082 0.0000000000
5.1551020408 0.0000000000
5.1591836735 0.0000000000
5.1632653061 0.0000000000
5.1673469388 0.0000000000
5.1714285714 0.0000000000
5.1755102041 0.0000000000
5.1795918367 0.0000000000
5.1836734694 0.0000000000
5.1877551020 0.0000000000
5.1918367347 0.0000000000
5.1959183673 0.0000000000
5.2000000000 0.0000000000
5.2040816327 0.0000000000
5.2081632653 0.0000000000
5.2122448980 0.5522370338
5.2163265306 3.4827291965
5.2204081633 7.6889691353
5.2244897959 13.5929279327
5.2285714286 20.4862365723
5.2326530612 23.3702354431
5.2367346939 20.2012062073
5.2408163265 13.5824680328
5.2448979592 7.7299623489
5.2489795918 5.7342944145
5.2530612245 12.7587165833
5.2571428571 12.7381687164
5.2612244898 4.7417879105
5.2653061224 3.8515329361
5.2693877551 0.0000000000
5.2734693878 0.0000000000
5.2775510204 0.0000000000
5.2816326531 0.0000000000
5.2857142857 0.0000000000
5.2897959184 0.0000000000
5.2938775510 0.0000000000
5.2979591837 0.0000000000
5.3020408163 0.0000000000
5.3061224490 0.0000000000
5.3102040816 0.0000000000
5.3142857143 0.0000000000
5.3183673469 0.0000000000
5.3224489796 0.0000000000
5.3265306122 0.0000000000
5.3306122449 0.0000000000
5.3346938776 0.0000000000
5.3387755102 0.0000000000
5.3428571429 0.0000000000
5.3469387755 0.0000000000
5.3510204082 0.0000000000
5.3551020408 0.0000000000
5.3591836735 0.0000000000
5.3632653061 0.0000000000
5.3673469388 0.0000000000
5.3714285714 0.0000000000
5.3755102041 0.0000000000
5.3795918367 0.0000000000
5.3836734694 0.0000000000
5.3877551020 0.0000000000
5.3918367347 0.0000000000
5.3959183673 0.0000000000
5.4000000000 0.0000000000
5.4040816327 0.0000000000
5.4081632653 0.0000000000
5.4122448980 0.0000000000
5.4163265306 0.0000000000
5.4204081633 0.0000000000
5.4244897959 0.0000000000
5.4285714286 0.0000000000
5.4326530612 0.0000000000
5.4367346939 0.0000000000
5.4408163265 0.0000000000
5.4448979592 0.0000000000
5.4489795918 0.0000000000
5.4530612245 0.0000000000
5.4571428571 0.0000000000
5.4612244898 0.0000000000
5.4653061224 0.0000000000
5.4693877551 0.0000000000
5.4734693878 0.0000000000
5.4775510204 0.0000000000
5.4816326531 0.0000000000
5.4857142857 0.0000000000
5.4897959184 1.7418861389
5.4938775510 5.4332017899
5.4979591837 4.3029189110
5.5020408163 1.3055205345
5.5061224490 6.4515471458
5.5102040816 17.7992057800
5.5142857143 25.4736404419
5.5183673469 24.8148155212
5.5224489796 10.3473968506
5.5265306122 3.3626258373
5.5306122449 0.0000000000
5.5346938776 0.0000000000
5.5387755102 0.0000000000
5.5428571429 0.0000000000
5.5469387755 0.0000000000
5.5510204082 0.0000000000
5.5551020408 0.0000000000
5.5591836735 0.0000000000
5.5632653061 0.0000000000
5.5673469388 0.0000000000
5.5714285714 0.0000000000
5.5755102041 0.0000000000
5.5795918367 0.0000000000
5.5836734694 0.0000000000
5.5877551020 0.1942813396
5.5918367347 0.0000000000
5.5959183673 0.0000000000
5.6000000000 0.0000000000
5.6040816327 0.0000000000
5.6081632653 0.0000000000
5.6122448980 0.0000000000
5.6163265306 0.0000000000
5.6204081633 0.0000000000
5.6244897959 0.0000000000
5.6285714286 0.0000000000
5.6326530612 0.0000000000
5.6367346939 0.0000000000
5.6408163265 0.0000000000
5.6448979592 0.0000000000
5.6489795918 0.0000000000
5.6530612245 0.0000000000
5.6571428571 12.5411167145
5.6612244898 29.5318374634
5.6653061224 43.7385139465
5.6693877551 54.4055709839
5.6734693878 59.8270874023
5.6775510204 78.0035247803
5.6816326531 90.0577850342
5.6857142857 91.1478424072
5.6897959184 76.0839843750
5.6938775510 59.5428047180
5.6979591837 43.2491912842
5.7020408163 28.0959911346
5.7061224490 14.6877765656
5.7102040816 2.0130872726
5.7142857143 0.0000000000
5.7183673469 0.0000000000
5.7224489796 0.0000000000
5.7265306122 0.0000000000
5.7306122449 0.0000000000
5.7346938776 0.0000000000
5.7387755102 0.0000000000
5.7428571429 0.0000000000
5.7469387755 0.0000000000
5.7510204082 0.0000000000
5.7551020408 0.0000000000
5.7591836735 0.0000000000
5.7632653061 0.0000000000
5.7673469388 0.0000000000
5.7714285714 0.0000000000
5.7755102041 0.0000000000
5.7795918367 0.0000000000
5.7836734694 0.0000000000
5.7877551020 0.0000000000
5.7918367347 0.0000000000
5.7959183673 0.0000000000
5.8000000000 0.0000000000
5.8040816327 0.0000000000
5.8081632653 0.0000000000
5.8122448980 0.0000000000
5.8163265306 0.0000000000
5.8204081633 0.0000000000
5.8244897959 13.4924945831
5.8285714286 46.2608337402
5.8326530612 94.0898132324
5.8367346939 111.5279464722
5.8408163265 122.3288040161
5.8448979592 142.8790435791
5.8489795918 136.0368957520
5.8530612245 122.4967193604
5.8571428571 103.6658935547
5.8612244898 82.8679046631
5.8653061224 61.8602943420
5.8693877551 41.5449447632
5.8734693878 22.4703998566
5.8775510204 7.5972375870
5.8816326531 0.0000000000
5.8857142857 0.0000000000
5.8897959184 0.0000000000
5.8938775510 0.0000000000
5.8979591837 0.0000000000
5.9020408163 0.0000000000
5.9061224490 0.0000000000
5.9102040816 0.0000000000
5.9142857143 0.0000000000
5.9183673469 0.0000000000
5.9224489796 0.0000000000
5.9265306122 0.0000000000
5.9306122449 0.0000000000
5.9346938776 0.0000000000
5.9387755102 0.0000000000
5.9428571429 0.0000000000
5.9469387755 0.0000000000
5.9510204082 0.0000000000
5.9551020408 0.0000000000
5.9591836735 0.0000000000
5.9632653061 0.0000000000
5.9673469388 0.0000000000
5.9714285714 0.0000000000
5.9755102041 0.0000000000
5.9795918367 0.0000000000
5.9836734694 0.0000000000
5.9877551020 0.0000000000
5.9918367347 0.0000000000
5.9959183673 0.0000000000
6.0000000000 0.0000000000
6.0040816327 0.0000000000
6.0081632653 0.0000000000
6.0122448980 0.0000000000
6.0163265306 0.0000000000
6.0204081633 0.0000000000
6.0244897959 0.0000000000
6.0285714286 0.0000000000
6.0326530612 0.0000000000
6.0367346939 0.0000000000
6.0408163265 0.0000000000
6.0448979592 0.0000000000
6.0489795918 0.0000000000
6.0530612245 0.0000000000
6.0571428571 0.0000000000
6.0612244898 0.0000000000
6.0653061224 0.0000000000
6.0693877551 0.0000000000
6.0734693878 0.0000000000
6.0775510204 0.0000000000
6.0816326531 0.0000000000
6.0857142857 0.0000000000
6.0897959184 0.0000000000
6.0938775510 0.0000000000
6.0979591837 0.0000000000
6.1020408163 0.0000000000
6.1061224490 0.0000000000
6.1102040816 0.0000000000
6.1142857143 0.0000000000
6.1183673469 0.0000000000
6.1224489796 0.0000000000
6.1265306122 0.0000000000
6.1306122449 0.0000000000
6.1346938776 0.0000000000
6.1387755102 0.0000000000
6.1428571429 0.0000000000
6.1469387755 0.0000000000
6.1510204082 0.0000000000
6.1551020408 0.0000000000
6.1591836735 0.0000000000
6.1632653061 0.0000000000
6.1673469388 0.0000000000
6.1714285714 2.0076632500
6.1755102041 0.0000000000
6.1795918367 0.0000000000
6.1836734694 0.0000000000
6.1877551020 0.0000000000
6.1918367347 0.0000000000
6.1959183673 0.0000000000
6.2000000000 0.0000000000
6.2040816327 0.0000000000
6.2081632653 0.0000000000
6.2122448980 0.0000000000
6.2163265306 0.0000000000
6.2204081633 0.0000000000
6.2244897959 0.0000000000
6.2285714286 0.0000000000
6.2326530612 0.0000000000
6.2367346939 0.0000000000
6.2408163265 0.0000000000
6.2448979592 0.0000000000
6.2489795918 0.0000000000
6.2530612245 0.0000000000
6.2571428571 0.0000000000
6.2612244898 0.0000000000
6.2653061224 0.0000000000
6.2693877551 0.0000000000
6.2734693878 0.0000000000
6.2775510204 0.0000000000
6.2816326531 0.0000000000
6.2857142857 0.0000000000
6.2897959184 0.0000000000
6.2938775510 0.0000000000
6.2979591837 0.0000000000
6.3020408163 0.0000000000
6.3061224490 0.0000000000
6.3102040816 0.0000000000
6.3142857143 0.0000000000
6.3183673469 0.0000000000
6.3224489796 0.0000000000
6.3265306122 0.0000000000
6.3306122449 0.0000000000
6.3346938776 0.0000000000
6.3387755102 0.0000000000
6.3428571429 0.0000000000
6.3469387755 0.0000000000
6.3510204082 0.0000000000
6.3551020408 0.0000000000
6.3591836735 0.0000000000
6.3632653061 0.3248453140
6.3673469388 0.7700920105
6.3714285714 0.0000000000
6.3755102041 0.0000000000
6.3795918367 0.0000000000
6.3836734694 0.0000000000
6.3877551020 0.0000000000
6.3918367347 0.0000000000
6.3959183673 0.0000000000
6.4000000000 0.0000000000
6.4040816327 0.0000000000
6.4081632653 0.0000000000
6.4122448980 0.0000000000
6.4163265306 0.0000000000
6.4204081633 0.0000000000
6.4244897959 0.0000000000
6.4285714286 0.0000000000
6.4326530612 0.0000000000
6.4367346939 0.0000000000
6.4408163265 0.0000000000
6.4448979592 0.0000000000
6.4489795918 0.0000000000
6.4530612245 0.0000000000
6.4571428571 2.1867752075
6.4612244898 6.3921213150
6.4653061224 8.3286762238
6.4693877551 7.9056620598
6.4734693878 7.8628063202
6.4775510204 6.9062113762
6.4816326531 0.4755854607
6.4857142857 4.8406124115
6.4897959184 41.8732147217
6.4938775510 88.3315200806
6.4979591837 113.2469787598
6.5020408163 126.9326782227
6.5061224490 123.3062133789
6.5102040816 108.2291641235
6.5142857143 89.0194168091
6.5183673469 77.5294952393
6.5224489796 65.3890380859
6.5265306122 48.8853836060
6.5306122449 37.2090148926
6.5346938776 23.6621208191
6.5387755102 8.9271364212
6.5428571429 1.4581680298
6.5469387755 0.0000000000
6.5510204082 1.0625123978
6.5551020408 2.2656638622
6.5591836735 0.7672440410
6.5632653061 0.0733733177
6.5673469388 0.9786337614
6.5714285714 0.1081228256
6.5755102041 0.0000000000
6.5795918367 0.0000000000
6.5836734694 0.0000000000
6.5877551020 0.0000000000
6.5918367347 0.0000000000
6.5959183673 0.0000000000
6.6000000000 0.0000000000
6.6040816327 0.0000000000
6.6081632653 0.0000000000
6.6122448980 0.0000000000
6.6163265306 0.0000000000
6.6204081633 0.0000000000
6.6244897959 0.0000000000
6.6285714286 0.0000000000
6.6326530612 0.0000000000
6.6367346939 0.0000000000
6.6408163265 0.0000000000
6.6448979592 0.0000000000
6.6489795918 0.0000000000
6.6530612245 0.0000000000
6.6571428571 0.0000000000
6.6612244898 0.0000000000
6.6653061224 0.0000000000
6.6693877551 0.0000000000
6.6734693878 0.0000000000
6.6775510204 0.0000000000
6.6816326531 0.0000000000
6.6857142857 0.0000000000
6.6897959184 0.0000000000
6.6938775510 0.0000000000
6.6979591837 0.0000000000
6.7020408163 0.0000000000
6.7061224490 0.0000000000
6.7102040816 0.0000000000
6.7142857143 0.0000000000
6.7183673469 0.0000000000
6.7224489796 0.0000000000
6.7265306122 0.0000000000
6.7306122449 0.0000000000
6.7346938776 0.0000000000
6.7387755102 0.0000000000
6.7428571429 0.0000000000
6.7469387755 0.0000000000
6.7510204082 0.0000000000
6.7551020408 0.0000000000
6.7591836735 0.0000000000
6.7632653061 0.0000000000
6.7673469388 0.0000000000
6.7714285714 0.0000000000
6.7755102041 1.2428760529
6.7795918367 2.2193193436
6.7836734694 0.0000000000
6.7877551020 0.0000000000
6.7918367347 4.6370773315
6.7959183673 26.7818565369
6.8000000000 74.6209335327
6.8040816327 100.2162399292
6.8081632653 130.5816192627
6.8122448980 189.5581970215
6.8163265306 184.4320373535
6.8204081633 166.3682403564
6.8244897959 138.7243957520
6.8285714286 118.7606506348
6.8326530612 98.4955444336
6.8367346939 78.3692016602
6.8408163265 61.9771499634
6.8448979592 41.7195587158
6.8489795918 24.0396842957
6.8530612245 11.0357999802
6.8571428571 0.6779432297
6.8612244898 0.0000000000
6.8653061224 0.0000000000
6.8693877551 0.0000000000
6.8734693878 0.0000000000
6.8775510204 0.0000000000
6.8816326531 0.0000000000
6.8857142857 0.1132488251
6.8897959184 1.7175674438
6.8938775510 0.8003115654
6.8979591837 0.0000000000
6.9020408163 0.0000000000
6.9061224490 0.0000000000
6.9102040816 0.0000000000
6.9142857143 0.0000000000
6.9183673469 0.0000000000
6.9224489796 0.0000000000
6.9265306122 0.0000000000
6.9306122449 0.0000000000
6.9346938776 0.0000000000
6.9387755102 0.0000000000
6.9428571429 1.0837763548
6.9469387755 0.1608040184
6.9510204082 0.0000000000
6.9551020408 0.0000000000
6.9591836735 0.0000000000
6.9632653061 0.0000000000
6.9673469388 0.0000000000
6.9714285714 0.0000000000
6.9755102041 0.0000000000
6.9795918367 0.0000000000
6.9836734694 0.0000000000
6.9877551020 0.0000000000
6.9918367347 0.0000000000
6.9959183673 0.0000000000
7.0000000000 0.0000000000
7.0040816327 0.0000000000
7.0081632653 0.0000000000
7.0122448980 0.0000000000
7.0163265306 0.0000000000
7.0204081633 0.0000000000
7.0244897959 0.0000000000
7.0285714286 0.0000000000
7.0326530612 0.0000000000
7.0367346939 0.0000000000
7.0408163265 0.0000000000
7.0448979592 0.0000000000
7.0489795918 0.0000000000
7.0530612245 0.0000000000
7.0571428571 0.0000000000
7.0612244898 0.0000000000
7.0653061224 0.0000000000
7.0693877551 0.0000000000
7.0734693878 0.0000000000
7.0775510204 0.0000000000
7.0816326531 0.0000000000
7.0857142857 0.0000000000
7.0897959184 0.0000000000
7.0938775510 0.0000000000
7.0979591837 0.0000000000
7.1020408163 0.0000000000
7.1061224490 0.0000000000
7.1102040816 0.0000000000
7.1142857143 0.0000000000
7.1183673469 6.0969142914
7.1224489796 24.1903209686
7.1265306122 46.5199203491
7.1306122449 76.8943176270
7.1346938776 89.7121734619
7.1387755102 96.5981750488
7.1428571429 94.5799636841
7.1469387755 80.1599884033
7.1510204082 73.3540954590
7.1551020408 58.0746536255
7.1591836735 45.1951599121
7.1632653061 25.8595352173
7.1673469388 8.3004236221
7.1714285714 0.0594854355
7.1755102041 0.0000000000
7.1795918367 0.0000000000
7.1836734694 0.0000000000
7.1877551020 0.0000000000
7.1918367347 0.0000000000
7.1959183673 0.1748204231
7.2000000000 0.0000000000
7.2040816327 0.0000000000
7.2081632653 0.0000000000
7.2122448980 0.0000000000
7.2163265306 0.0000000000
7.2204081633 0.0000000000
7.2244897959 0.0000000000
7.2285714286 0.0000000000
7.2326530612 0.0000000000
7.2367346939 0.0000000000
7.2408163265 0.0000000000
7.2448979592 0.0000000000
7.2489795918 0.0000000000
7.2530612245 0.0000000000
7.2571428571 0.0000000000
7.2612244898 0.0000000000
7.2653061224 0.0000000000
7.2693877551 0.0000000000
7.2734693878 0.0000000000
7.2775510204 0.0000000000
7.2816326531 0.0000000000
7.2857142857 0.0000000000
7.2897959184 0.0000000000
7.2938775510 0.0000000000
7.2979591837 0.0000000000
7.3020408163 0.0000000000
7.3061224490 0.0000000000
7.3102040816 6.2364339828
7.3142857143 6.5318346024
7.3183673469 3.9440393448
7.3224489796 0.0000000000
7.3265306122 0.0000000000
7.3306122449 0.0000000000
7.3346938776 0.0000000000
7.3387755102 0.0000000000
7.3428571429 0.0000000000
7.3469387755 0.0000000000
7.3510204082 0.0000000000
7.3551020408 0.0000000000
7.3591836735 0.0000000000
7.3632653061 0.0000000000
7.3673469388 0.0000000000
7.3714285714 0.0000000000
7.3755102041 0.0000000000
7.3795918367 0.0000000000
7.3836734694 0.0000000000
7.3877551020 0.0000000000
7.3918367347 0.7462501526
7.3959183673 1.0808706284
7.4000000000 3.5407543182
7.4040816327 2.2143125534
7.4081632653 1.4348030090
7.4122448980 0.0000000000
7.4163265306 0.0000000000
7.4204081633 0.0000000000
7.4244897959 0.0000000000
7.4285714286 0.0000000000
7.4326530612 0.0000000000
7.4367346939 0.0000000000
7.4408163265 0.0000000000
7.4448979592 0.0000000000
7.4489795918 0.0000000000
7.4530612245 0.0000000000
7.4571428571 0.0000000000
7.4612244898 3.8671960831
7.4653061224 16.7262344360
7.4693877551 60.9765853882
7.4734693878 105.6703262329
7.4775510204 109.0180511475
7.4816326531 114.2194290161
7.4857142857 94.6632385254
7.4897959184 78.5446319580
7.4938775510 69.4627761841
7.4979591837 50.0462646484
7.5020408163 30.4644699097
7.5061224490 13.2107143402
7.5102040816 4.1806697845
7.5142857143 0.0000000000
7.5183673469 0.0000000000
7.5224489796 0.0000000000
7.5265306122 0.0000000000
7.5306122449 0.0000000000
7.5346938776 0.0000000000
7.5387755102 0.0000000000
7.5428571429 0.0000000000
7.5469387755 0.0000000000
7.5510204082 0.0000000000
7.5551020408 0.0000000000
7.5591836735 0.0000000000
7.5632653061 0.0000000000
7.5673469388 0.0000000000
7.5714285714 0.0000000000
7.5755102041 0.0000000000
7.5795918367 0.0000000000
7.5836734694 0.0000000000
7.5877551020 0.0000000000
7.5918367347 0.0000000000
7.5959183673 0.0000000000
7.6000000000 0.0000000000
7.6040816327 0.0000000000
7.6081632653 0.0000000000
7.6122448980 0.0000000000
7.6163265306 0.0000000000
7.6204081633 0.0000000000
7.6244897959 0.0000000000
7.6285714286 0.0000000000
7.6326530612 0.0000000000
7.6367346939 0.0000000000
7.6408163265 0.0000000000
7.6448979592 0.0000000000
7.6489795918 0.0000000000
7.6530612245 0.0000000000
7.6571428571 0.0000000000
7.6612244898 0.0000000000
7.6653061224 0.0000000000
7.6693877551 0.0000000000
7.6734693878 0.0000000000
7.6775510204 0.0000000000
7.6816326531 0.0000000000
7.6857142857 0.0000000000
7.6897959184 0.0000000000
7.6938775510 0.0000000000
7.6979591837 0.0000000000
7.7020408163 0.0000000000
7.7061224490 0.0000000000
7.7102040816 0.0000000000
7.7142857143 0.0000000000
7.7183673469 0.0000000000
7.7224489796 0.0000000000
7.7265306122 0.0000000000
7.7306122449 0.0000000000
7.7346938776 0.0000000000
7.7387755102 0.0000000000
7.7428571429 0.0000000000
7.7469387755 0.0000000000
7.7510204082 0.0000000000
7.7551020408 0.0000000000
7.7591836735 0.0000000000
7.7632653061 0.0000000000
7.7673469388 0.0000000000
7.7714285714 7.2349014282
7.7755102041 31.4725646973
7.7795918367 38.9420700073
7.7836734694 41.6921958923
7.7877551020 43.0144653320
7.7918367347 39.7301635742
7.7959183673 32.9024505615
7.8000000000 23.6809253693
7.8040816327 13.0117235184
7.8081632653 6.8016948700
7.8122448980 6.1603784561
7.8163265306 0.0000000000
7.8204081633 0.0000000000
7.8244897959 0.0000000000
7.8285714286 0.0000000000
7.8326530612 0.0000000000
7.8367346939 0.0000000000
7.8408163265 0.0000000000
7.8448979592 0.0000000000
7.8489795918 0.0000000000
7.8530612245 0.0000000000
7.8571428571 0.0000000000
7.8612244898 0.0000000000
7.8653061224 0.0000000000
7.8693877551 0.0000000000
7.8734693878 0.0000000000
7.8775510204 0.0000000000
7.8816326531 0.0000000000
7.8857142857 0.0000000000
7.8897959184 0.0000000000
7.8938775510 0.0000000000
7.8979591837 0.0000000000
7.9020408163 0.0000000000
7.9061224490 0.0000000000
7.9102040816 0.0000000000
7.9142857143 0.0000000000
7.9183673469 0.0000000000
7.9224489796 0.0000000000
7.9265306122 0.0000000000
7.9306122449 0.0000000000
7.9346938776 0.0000000000
7.9387755102 0.0000000000
7.9428571429 0.0000000000
7.9469387755 0.0000000000
7.9510204082 0.0000000000
7.9551020408 0.0000000000
7.9591836735 0.0000000000
7.9632653061 0.0000000000
7.9673469388 0.0000000000
7.9714285714 0.0000000000
7.9755102041 0.0000000000
7.9795918367 0.0000000000
7.9836734694 0.0000000000
7.9877551020 0.0000000000
7.9918367347 0.0000000000
7.9959183673 0.0000000000
8.0000000000 0.0000000000
8.0040816327 0.0000000000
8.0081632653 0.0000000000
8.0122448980 0.0000000000
8.0163265306 0.0000000000
8.0204081633 0.0000000000
8.0244897959 0.0000000000
8.0285714286 0.0000000000
8.0326530612 0.0000000000
8.0367346939 0.0000000000
8.0408163265 0.0000000000
8.0448979592 0.0000000000
8.0489795918 0.0420808792
8.0530612245 0.0000000000
8.0571428571 0.0000000000
8.0612244898 0.8007287979
8.0653061224 0.0000000000
8.0693877551 0.0000000000
8.0734693878 0.0000000000
8.0775510204 0.0000000000
8.0816326531 0.3117918968
8.0857142857 11.3234519958
8.0897959184 18.5071830750
8.0938775510 23.4517440796
8.0979591837 20.7841987610
8.1020408163 23.0114459991
8.1061224490 21.1909713745
8.1102040816 13.8988199234
8.1142857143 11.9310016632
8.1183673469 13.4296417236
8.1224489796 4.8931837082
8.1265306122 0.0000000000
8.1306122449 0.0000000000
8.1346938776 0.0000000000
8.1387755102 0.0000000000
8.1428571429 0.0000000000
8.1469387755 0.0000000000
8.1510204082 0.0000000000
8.1551020408 0.0000000000
8.1591836735 0.0000000000
8.1632653061 0.0000000000
8.1673469388 0.4479885101
8.1714285714 0.0000000000
8.1755102041 0.0000000000
8.1795918367 0.0000000000
8.1836734694 0.0000000000
8.1877551020 0.0000000000
8.1918367347 0.0000000000
8.1959183673 0.0000000000
8.2000000000 0.0000000000
8.2040816327 0.0000000000
8.2081632653 0.0000000000
8.2122448980 1.4189481735
8.2163265306 2.0104050636
8.2204081633 0.0000000000
8.2244897959 0.0000000000
8.2285714286 0.0000000000
8.2326530612 0.0000000000
8.2367346939 0.0000000000
8.2408163265 18.7369728088
8.2448979592 53.2784461975
8.2489795918 86.5006866455
8.2530612245 108.4939880371
8.2571428571 106.4152374268
8.2612244898 95.8276367188
8.2653061224 80.9564590454
8.2693877551 63.8531036377
8.2734693878 46.8681716919
8.2775510204 37.7287559509
8.2816326531 26.6860198975
8.2857142857 11.3576650620
8.2897959184 0.0808835030
8.2938775510 0.0000000000
8.2979591837 0.0000000000
8.3020408163 0.2553462982
8.3061224490 0.0000000000
8.3102040816 0.0000000000
8.3142857143 0.0000000000
8.3183673469 0.0000000000
8.3224489796 0.0000000000
8.3265306122 0.0000000000
8.3306122449 0.0000000000
8.3346938776 0.0000000000
8.3387755102 0.0000000000
8.3428571429 0.0000000000
8.3469387755 0.0000000000
8.3510204082 0.0000000000
8.3551020408 0.0000000000
8.3591836735 0.0000000000
8.3632653061 0.0000000000
8.3673469388 1.1411905289
8.3714285714 0.0000000000
8.3755102041 1.4196858406
8.3795918367 3.2419414520
8.3836734694 6.3633031845
8.3877551020 11.0484294891
8.3918367347 22.5324325562
8.3959183673 37.4913215637
8.4000000000 49.1185684204
8.4040816327 59.6069450378
8.4081632653 66.0457916260
8.4122448980 70.2500305176
8.4163265306 64.0927581787
8.4204081633 56.3012351990
8.4244897959 43.5009002686
8.4285714286 23.7969455719
8.4326530612 5.9370546341
8.4367346939 6.9335103035
8.4408163265 5.6215524673
8.4448979592 0.0000000000
8.4489795918 0.0000000000
8.4530612245 0.0000000000
8.4571428571 0.0000000000
8.4612244898 0.0000000000
8.4653061224 0.0000000000
8.4693877551 0.0000000000
8.4734693878 0.0000000000
8.4775510204 0.0000000000
8.4816326531 0.0000000000
8.4857142857 0.0000000000
8.4897959184 0.0000000000
8.4938775510 0.0000000000
8.4979591837 0.0000000000
8.5020408163 0.0000000000
8.5061224490 0.0000000000
8.5102040816 0.0000000000
8.5142857143 0.0000000000
8.5183673469 0.0000000000
8.5224489796 0.0000000000
8.5265306122 0.0000000000
8.5306122449 0.0000000000
8.5346938776 0.0000000000
8.5387755102 0.0000000000
8.5428571429 0.0000000000
8.5469387755 0.0000000000
8.5510204082 0.0000000000
8.5551020408 0.0000000000
8.5591836735 0.0000000000
8.5632653061 0.0000000000
8.5673469388 0.0000000000
8.5714285714 0.0000000000
8.5755102041 0.0000000000
8.5795918367 0.0000000000
8.5836734694 0.0000000000
8.5877551020 0.0000000000
8.5918367347 0.0000000000
8.5959183673 0.0000000000
8.6000000000 0.0000000000
8.6040816327 0.0000000000
8.6081632653 0.0000000000
8.6122448980 0.0000000000
8.6163265306 0.0000000000
8.6204081633 0.0000000000
8.6244897959 0.0000000000
8.6285714286 0.0000000000
8.6326530612 0.0000000000
8.6367346939 0.0000000000
8.6408163265 6.5965518951
8.6448979592 9.8576545715
8.6489795918 4.3047666550
8.6530612245 1.2917518616
8.6571428571 15.6357431412
8.6612244898 13.2577590942
8.6653061224 5.5436401367
8.6693877551 3.1586587429
8.6734693878 2.1814703941
8.6775510204 1.1632442474
8.6816326531 1.4253854752
8.6857142857 0.0000000000
8.6897959184 0.0000000000
8.6938775510 5.3981542587
8.6979591837 10.8050251007
8.7020408163 22.4207344055
8.7061224490 31.1392536163
8.7102040816 34.3331298828
8.7142857143 30.9598007202
8.7183673469 20.1511383057
8.7224489796 14.5712871552
8.7265306122 14.5450458527
8.7306122449 12.1656951904
8.7346938776 15.5504941940
8.7387755102 11.3646392822
8.7428571429 11.6237401962
8.7469387755 13.7179489136
8.7510204082 17.9117927551
8.7551020408 15.0574741364
8.7591836735 15.5081300735
8.7632653061 9.4212293625
8.7673469388 6.4103603363
8.7714285714 3.5751314163
8.7755102041 1.5043020248
8.7795918367 3.3587813377
8.7836734694 3.6433935165
8.7877551020 0.6325244904
8.7918367347 0.0000000000
8.7959183673 0.0000000000
8.8000000000 0.0000000000
8.8040816327 0.0000000000
8.8081632653 0.0000000000
8.8122448980 0.0000000000
8.8163265306 0.0000000000
8.8204081633 0.0000000000
8.8244897959 0.0000000000
8.8285714286 0.0000000000
8.8326530612 0.0000000000
8.8367346939 0.0000000000
8.8408163265 0.0000000000
8.8448979592 0.0000000000
8.8489795918 0.0000000000
8.8530612245 0.0000000000
8.8571428571 0.0000000000
8.8612244898 0.0000000000
8.8653061224 0.0000000000
8.8693877551 0.0000000000
8.8734693878 0.0000000000
8.8775510204 0.0000000000
8.8816326531 0.0000000000
8.8857142857 0.0000000000
8.8897959184 0.0000000000
8.8938775510 0.0000000000
8.8979591837 0.0000000000
8.9020408163 0.0000000000
8.9061224490 0.0000000000
8.9102040816 0.0000000000
8.9142857143 0.0000000000
8.9183673469 0.0000000000
8.9224489796 0.0000000000
8.9265306122 0.0000000000
8.9306122449 0.0000000000
8.9346938776 0.0000000000
8.9387755102 0.0000000000
8.9428571429 0.0000000000
8.9469387755 0.0000000000
8.9510204082 0.0000000000
8.9551020408 0.0000000000
8.9591836735 0.0000000000
8.9632653061 0.0000000000
8.9673469388 0.0000000000
8.9714285714 0.0000000000
8.9755102041 0.0000000000
8.9795918367 0.0000000000
8.9836734694 3.4087002277
8.9877551020 14.2182264328
8.9918367347 23.3554840088
8.9959183673 42.0674171448
9.0000000000 49.0301132202
9.0040816327 53.1789817810
9.0081632653 56.4628753662
9.0122448980 57.7921218872
9.0163265306 53.3946609497
9.0204081633 58.4627685547
9.0244897959 62.6628417969
9.0285714286 63.6197967529
9.0326530612 63.9072952271
9.0367346939 63.0086669922
9.0408163265 59.2356338501
9.0448979592 56.0609703064
9.0489795918 50.4052429199
9.0530612245 38.0912857056
9.0571428571 26.7284202576
9.0612244898 15.1293926239
9.0653061224 9.7498741150
9.0693877551 4.2286515236
9.0734693878 1.8800497055
9.0775510204 0.0000000000
9.0816326531 0.0000000000
9.0857142857 0.0000000000
9.0897959184 0.0000000000
9.0938775510 0.0000000000
9.0979591837 0.0000000000
9.1020408163 0.0000000000
9.1061224490 0.0000000000
9.1102040816 0.0000000000
9.1142857143 0.0000000000
9.1183673469 0.0000000000
9.1224489796 0.0000000000
9.1265306122 0.0000000000
9.1306122449 0.0000000000
9.1346938776 0.0000000000
9.1387755102 0.0000000000
9.1428571429 0.0000000000
9.1469387755 0.4898309708
9.1510204082 0.0000000000
9.1551020408 0.0000000000
9.1591836735 0.0000000000
9.1632653061 0.0000000000
9.1673469388 0.0000000000
9.1714285714 0.0000000000
9.1755102041 0.0000000000
9.1795918367 0.0000000000
9.1836734694 0.0000000000
9.1877551020 0.0000000000
9.1918367347 0.0000000000
9.1959183673 0.0000000000
9.2000000000 0.0000000000
9.2040816327 0.0000000000
9.2081632653 0.0000000000
9.2122448980 0.0000000000
9.2163265306 0.0000000000
9.2204081633 0.0000000000
9.2244897959 0.0000000000
9.2285714286 0.0000000000
9.2326530612 0.0000000000
9.2367346939 0.0000000000
9.2408163265 0.0000000000
9.2448979592 0.0000000000
9.2489795918 0.0000000000
9.2530612245 0.0000000000
9.2571428571 0.0000000000
9.2612244898 0.0000000000
9.2653061224 0.0000000000
9.2693877551 0.0000000000
9.2734693878 0.0000000000
9.2775510204 0.0000000000
9.2816326531 0.0000000000
9.2857142857 0.0000000000
9.2897959184 0.0000000000
9.2938775510 0.0000000000
9.2979591837 0.0000000000
9.3020408163 0.2709627151
9.3061224490 3.9807558060
9.3102040816 6.4753293991
9.3142857143 7.3587894440
9.3183673469 6.9893598557
9.3224489796 6.4222812653
9.3265306122 5.5490732193
9.3306122449 0.0000000000
9.3346938776 0.0000000000
9.3387755102 0.0000000000
9.3428571429 0.0000000000
9.3469387755 0.0000000000
9.3510204082 0.0000000000
9.3551020408 0.0000000000
9.3591836735 0.0000000000
9.3632653061 0.0000000000
9.3673469388 0.0000000000
9.3714285714 0.0000000000
9.3755102041 0.0000000000
9.3795918367 0.0000000000
9.3836734694 0.0000000000
9.3877551020 0.0000000000
9.3918367347 0.0000000000
9.3959183673 0.0000000000
9.4000000000 0.0000000000
9.4040816327 0.0000000000
9.4081632653 2.0795464516
9.4122448980 0.0000000000
9.4163265306 0.0000000000
9.4204081633 0.0000000000
9.4244897959 0.0000000000
9.4285714286 0.0000000000
9.4326530612 0.0000000000
9.4367346939 0.0000000000
9.4408163265 0.0000000000
9.4448979592 0.0000000000
9.4489795918 0.0000000000
9.4530612245 0.0000000000
9.4571428571 0.0000000000
9.4612244898 0.0000000000
9.4653061224 8.8278951645
9.4693877551 16.2574501038
9.4734693878 33.0624275208
9.4775510204 59.5746307373
9.4816326531 69.6644134521
9.4857142857 74.5949172974
9.4897959184 86.5737762451
9.4938775510 83.2376327515
9.4979591837 71.4882202148
9.5020408163 57.5419960022
9.5061224490 39.5018157959
9.5102040816 18.7374954224
9.5142857143 10.0942850113
9.5183673469 1.4636069536
9.5224489796 5.0240755081
9.5265306122 0.0000000000
9.5306122449 0.0000000000
9.5346938776 0.0000000000
9.5387755102 0.0000000000
9.5428571429 0.0000000000
9.5469387755 0.0000000000
9.5510204082 0.0000000000
9.5551020408 0.0000000000
9.5591836735 0.0000000000
9.5632653061 0.0000000000
9.5673469388 0.0000000000
9.5714285714 0.0000000000
9.5755102041 0.0000000000
9.5795918367 0.0000000000
9.5836734694 0.0000000000
9.5877551020 0.0000000000
9.5918367347 0.0000000000
9.5959183673 0.0000000000
9.6000000000 0.0000000000
9.6040816327 0.0000000000
9.6081632653 0.0000000000
9.6122448980 0.4087686539
9.6163265306 10.6152334213
9.6204081633 24.7208633423
9.6244897959 31.7504844666
9.6285714286 62.9590454102
9.6326530612 100.8660736084
9.6367346939 102.6060028076
9.6408163265 93.2664260864
9.6448979592 75.4179840088
9.6489795918 56.4974288940
9.6530612245 38.4630851746
9.6571428571 32.5401458740
9.6612244898 16.0022964478
9.6653061224 13.0703001022
9.6693877551 4.4695734978
9.6734693878 0.6349086761
9.6775510204 0.0000000000
9.6816326531 0.0000000000
9.6857142857 0.0000000000
9.6897959184 0.0000000000
9.6938775510 0.0000000000
9.6979591837 0.0000000000
9.7020408163 0.0000000000
9.7061224490 0.0000000000
9.7102040816 0.0000000000
9.7142857143 0.0000000000
9.7183673469 0.0000000000
9.7224489796 0.0000000000
9.7265306122 0.0000000000
9.7306122449 0.0000000000
9.7346938776 0.0000000000
9.7387755102 0.0000000000
9.7428571429 0.0000000000
9.7469387755 0.0000000000
9.7510204082 0.0000000000
9.7551020408 0.0000000000
9.7591836735 0.0000000000
9.7632653061 0.0000000000
9.7673469388 0.0000000000
9.7714285714 0.9310394526
9.7755102041 9.9098091125
9.7795918367 20.9713592529
9.7836734694 41.6429634094
9.7877551020 64.6487503052
9.7918367347 66.2353210449
9.7959183673 63.3515548706
9.8000000000 52.9443931580
9.8040816327 34.0232238770
9.8081632653 14.1091651917
9.8122448980 4.2552947998
9.8163265306 0.0000000000
9.8204081633 0.0000000000
9.8244897959 0.0000000000
9.8285714286 0.0000000000
9.8326530612 0.0000000000
9.8367346939 0.0000000000
9.8408163265 0.0000000000
9.8448979592 0.0000000000
9.8489795918 0.0000000000
9.8530612245 0.0000000000
9.8571428571 0.0000000000
9.8612244898 0.0000000000
9.8653061224 0.0000000000
9.8693877551 0.0000000000
9.8734693878 0.0000000000
9.8775510204 0.0000000000
9.8816326531 0.0000000000
9.8857142857 0.0000000000
9.8897959184 0.0000000000
9.8938775510 0.0000000000
9.8979591837 0.0000000000
9.9020408163 0.0000000000
9.9061224490 0.0000000000
9.9102040816 0.0000000000
9.9142857143 0.0000000000
9.9183673469 0.0000000000
9.9224489796 0.0000000000
9.9265306122 0.0000000000
9.9306122449 0.0000000000
9.9346938776 0.0000000000
9.9387755102 0.0000000000
9.9428571429 0.0000000000
9.9469387755 0.0000000000
9.9510204082 0.0000000000
9.9551020408 0.0000000000
9.9591836735 0.0000000000
9.9632653061 13.9832048416
9.9673469388 16.3757801056
9.9714285714 17.6551933289
9.9755102041 24.9600410461
9.9795918367 22.1973667145
9.9836734694 18.3615684509
9.9877551020 13.3639574051
9.9918367347 8.6120967865
9.9959183673 3.0072183609
10.0000000000 0.0000000000
10.0040816327 0.0000000000
10.0081632653 0.0000000000
10.0122448980 0.0000000000
10.0163265306 0.0000000000
10.0204081633 0.0000000000
10.0244897959 0.0000000000
10.0285714286 0.0000000000
10.0326530612 0.0000000000
10.0367346939 0.0000000000
10.0408163265 0.0000000000
10.0448979592 0.0000000000
10.0489795918 0.0000000000
10.0530612245 0.0000000000
10.0571428571 0.0000000000
10.0612244898 0.0000000000
10.0653061224 0.0000000000
10.0693877551 0.0000000000
10.0734693878 0.0000000000
10.0775510204 0.0000000000
10.0816326531 0.0000000000
10.0857142857 0.0000000000
10.0897959184 0.0000000000
10.0938775510 0.0000000000
10.0979591837 0.0000000000
10.1020408163 0.0000000000
10.1061224490 0.0000000000
10.1102040816 0.0000000000
10.1142857143 0.0000000000
10.1183673469 0.0000000000
10.1224489796 0.0000000000
10.1265306122 0.0000000000
10.1306122449 0.0000000000
10.1346938776 0.0000000000
10.1387755102 0.0000000000
10.1428571429 0.0000000000
10.1469387755 0.0000000000
10.1510204082 0.0000000000
10.1551020408 0.0000000000
10.1591836735 0.0000000000
10.1632653061 0.0000000000
10.1673469388 0.0000000000
10.1714285714 0.0000000000
10.1755102041 0.0000000000
10.1795918367 0.0000000000
10.1836734694 0.0000000000
10.1877551020 0.0000000000
10.1918367347 0.0000000000
10.1959183673 0.0000000000
10.2000000000 0.0000000000
10.2040816327 0.0000000000
10.2081632653 0.0000000000
10.2122448980 0.0000000000
10.2163265306 0.0000000000
10.2204081633 0.0000000000
10.2244897959 0.0000000000
10.2285714286 0.1678466797
10.2326530612 0.0000000000
10.2367346939 6.7251324654
10.2408163265 4.6528577805
10.2448979592 6.2878875732
10.2489795918 1.1085271835
10.2530612245 0.0671744347
10.2571428571 4.4958887100
10.2612244898 11.4434061050
10.2653061224 17.6738510132
10.2693877551 13.2534208298
10.2734693878 3.4606456757
10.2775510204 0.0000000000
10.2816326531 8.2367057800
10.2857142857 2.5335550308
10.2897959184 0.0000000000
10.2938775510 1.5398263931
10.2979591837 2.8488337994
10.3020408163 0.0000000000
10.3061224490 0.0000000000
10.3102040816 0.0000000000
10.3142857143 3.4431219101
10.3183673469 0.0000000000
10.3224489796 0.0000000000
10.3265306122 0.0000000000
10.3306122449 0.0000000000
10.3346938776 0.0000000000
10.3387755102 0.0000000000
10.3428571429 0.0000000000
10.3469387755 0.0000000000
10.3510204082 0.0000000000
10.3551020408 0.0000000000
10.3591836735 0.0000000000
10.3632653061 0.0000000000
10.3673469388 0.0000000000
10.3714285714 0.0000000000
10.3755102041 0.0000000000
10.3795918367 0.0000000000
10.3836734694 0.0000000000
10.3877551020 0.0000000000
10.3918367347 0.0000000000
10.3959183673 0.0000000000
10.4000000000 0.0000000000
10.4040816327 0.0000000000
10.4081632653 0.0000000000
10.4122448980 0.0000000000
10.4163265306 0.0000000000
10.4204081633 0.0000000000
10.4244897959 0.0000000000
10.4285714286 0.0000000000
10.4326530612 0.0000000000
10.4367346939 0.0000000000
10.4408163265 0.0000000000
10.4448979592 0.0000000000
10.4489795918 0.0000000000
10.4530612245 0.0000000000
10.4571428571 0.0000000000
10.4612244898 0.0000000000
10.4653061224 0.0000000000
10.4693877551 0.0000000000
10.4734693878 0.0000000000
10.4775510204 0.0000000000
10.4816326531 0.0000000000
10.4857142857 0.0000000000
10.4897959184 0.0000000000
10.4938775510 0.0000000000
10.4979591837 0.0000000000
10.5020408163 0.0000000000
10.5061224490 0.0000000000
10.5102040816 0.0000000000
10.5142857143 0.0000000000
10.5183673469 0.0000000000
10.5224489796 0.0000000000
10.5265306122 0.0000000000
10.5306122449 0.0000000000
10.5346938776 0.0000000000
10.5387755102 0.0000000000
10.5428571429 0.0000000000
10.5469387755 0.0000000000
10.5510204082 5.0433874130
10.5551020408 11.5559101105
10.5591836735 18.6054706573
10.5632653061 26.7472858429
10.5673469388 37.0547752380
10.5714285714 47.2120323181
10.5755102041 35.5275077820
10.5795918367 40.1500129700
10.5836734694 39.1672554016
10.5877551020 25.7476272583
10.5918367347 14.6017971039
10.5959183673 6.5366325378
10.6000000000 2.0149946213
10.6040816327 0.0000000000
10.6081632653 6.7199172974
10.6122448980 15.5271148682
10.6163265306 16.8394336700
10.6204081633 10.1631879807
10.6244897959 8.0557765961
10.6285714286 6.1598720551
10.6326530612 2.6135742664
10.6367346939 0.0000000000
10.6408163265 0.0000000000
10.6448979592 0.0000000000
10.6489795918 0.0000000000
10.6530612245 0.0000000000
10.6571428571 0.0000000000
10.6612244898 0.0000000000
10.6653061224 0.0000000000
10.6693877551 0.0000000000
10.6734693878 0.0000000000
10.6775510204 0.0000000000
10.6816326531 0.5998611450
10.6857142857 3.6105811596
10.6897959184 10.7507705688
10.6938775510 12.8926782608
10.6979591837 12.7352476120
10.7020408163 15.1646432877
10.7061224490 18.6547050476
10.7102040816 20.1088485718
10.7142857143 19.4217567444
10.7183673469 18.3909530640
10.7224489796 21.8129768372
10.7265306122 23.0650596619
10.7306122449 18.8516979218
10.7346938776 10.0702648163
10.7387755102 5.9010534286
10.7428571429 6.6805481911
10.7469387755 15.8646259308
10.7510204082 25.8208808899
10.7551020408 23.9936714172
10.7591836735 19.5756855011
10.7632653061 10.5071659088
10.7673469388 3.2512693405
10.7714285714 1.5013217926
10.7755102041 0.0000000000
10.7795918367 0.0000000000
10.7836734694 0.0000000000
10.7877551020 0.0000000000
10.7918367347 0.0000000000
10.7959183673 0.0000000000
10.8000000000 1.1966228485
10.8040816327 3.5356135368
10.8081632653 2.3711919785
10.8122448980 0.5119144917
10.8163265306 0.0000000000
10.8204081633 0.0000000000
10.8244897959 0.0000000000
10.8285714286 0.0000000000
10.8326530612 0.7163286209
10.8367346939 0.2334117889
10.8408163265 0.0000000000
10.8448979592 0.0000000000
10.8489795918 0.0000000000
10.8530612245 0.0000000000
10.8571428571 0.6247162819
10.8612244898 0.0000000000
10.8653061224 0.8244514465
10.8693877551 1.1829733849
10.8734693878 9.4821748734
10.8775510204 18.6792602539
10.8816326531 49.5829544067
10.8857142857 76.5780181885
10.8897959184 112.9850921631
10.8938775510 108.1657485962
10.8979591837 106.1345977783
10.9020408163 91.3756408691
10.9061224490 73.6230545044
10.9102040816 55.3153915405
10.9142857143 37.3320808411
10.9183673469 22.6901168823
10.9224489796 13.4024620056
10.9265306122 2.6128590107
10.9306122449 0.0000000000
10.9346938776 0.0000000000
10.9387755102 0.0000000000
10.9428571429 0.0000000000
10.9469387755 0.0000000000
10.9510204082 0.0000000000
10.9551020408 0.0000000000
10.9591836735 0.0000000000
10.9632653061 0.0000000000
10.9673469388 0.0000000000
10.9714285714 0.0000000000
10.9755102041 0.0000000000
10.9795918367 0.0000000000
10.9836734694 0.0000000000
10.9877551020 0.0000000000
10.9918367347 0.0000000000
10.9959183673 0.0000000000
11.0000000000 0.0000000000
11.0040816327 0.0000000000
11.0081632653 0.0000000000
11.0122448980 0.0000000000
11.0163265306 0.0000000000
11.0204081633 0.0000000000
11.0244897959 0.0000000000
11.0285714286 0.0000000000
11.0326530612 0.0000000000
11.0367346939 0.0000000000
11.0408163265 0.0000000000
11.0448979592 0.0000000000
11.0489795918 0.0000000000
11.0530612245 5.7736635208
11.0571428571 4.7470927238
11.0612244898 0.0000000000
11.0653061224 0.0000000000
11.0693877551 0.0000000000
11.0734693878 0.0000000000
11.0775510204 0.0000000000
11.0816326531 0.0000000000
11.0857142857 0.0000000000
11.0897959184 0.0000000000
11.0938775510 0.0000000000
11.0979591837 0.0000000000
11.1020408163 0.0000000000
11.1061224490 0.0000000000
11.1102040816 0.0000000000
11.1142857143 0.0000000000
11.1183673469 0.0000000000
11.1224489796 0.0000000000
11.1265306122 0.0000000000
11.1306122449 0.0000000000
11.1346938776 0.0000000000
11.1387755102 0.0000000000
11.1428571429 0.0000000000
11.1469387755 0.0000000000
11.1510204082 3.6062598228
11.1551020408 6.1276555061
11.1591836735 10.7547645569
11.1632653061 13.5654811859
11.1673469388 15.0619449615
11.1714285714 15.5845880508
11.1755102041 14.8086700439
11.1795918367 15.3082904816
11.1836734694 21.0122318268
11.1877551020 17.0709934235
11.1918367347 8.9367771149
11.1959183673 0.0000000000
11.2000000000 0.0000000000
11.2040816327 0.0000000000
11.2081632653 0.0000000000
11.2122448980 0.0000000000
11.2163265306 0.0000000000
11.2204081633 0.0000000000
11.2244897959 0.0000000000
11.2285714286 0.0000000000
11.2326530612 0.0000000000
11.2367346939 0.0000000000
11.2408163265 0.0000000000
11.2448979592 0.0000000000
11.2489795918 0.0000000000
11.2530612245 0.0000000000
11.2571428571 0.0000000000
11.2612244898 0.0000000000
11.2653061224 0.0000000000
11.2693877551 0.0000000000
11.2734693878 0.0000000000
11.2775510204 0.0000000000
11.2816326531 0.0000000000
11.2857142857 0.0000000000
11.2897959184 0.0000000000
11.2938775510 0.0000000000
11.2979591837 0.0000000000
11.3020408163 0.0000000000
11.3061224490 0.0000000000
11.3102040816 0.0000000000
11.3142857143 0.0000000000
11.3183673469 0.0000000000
11.3224489796 11.0730533600
11.3265306122 11.2347564697
11.3306122449 8.4514026642
11.3346938776 7.2488226891
11.3387755102 17.5885124207
11.3428571429 26.4446582794
11.3469387755 32.5363655090
11.3510204082 39.1255645752
11.3551020408 34.9427452087
11.3591836735 20.3002090454
11.3632653061 8.0391769409
11.3673469388 0.9133219719
11.3714285714 0.0000000000
11.3755102041 0.0000000000
11.3795918367 0.0000000000
11.3836734694 0.0000000000
11.3877551020 0.0000000000
11.3918367347 0.0000000000
11.3959183673 0.0000000000
11.4000000000 0.0000000000
11.4040816327 0.0000000000
11.4081632653 0.0000000000
11.4122448980 0.0000000000
11.4163265306 0.0000000000
11.4204081633 0.0000000000
11.4244897959 0.0000000000
11.4285714286 0.0000000000
11.4326530612 0.0000000000
11.4367346939 0.0000000000
11.4408163265 0.0000000000
11.4448979592 0.0000000000
11.4489795918 0.0000000000
11.4530612245 0.0000000000
11.4571428571 0.0000000000
11.4612244898 0.0000000000
11.4653061224 0.0000000000
11.4693877551 0.0000000000
11.4734693878 0.0000000000
11.4775510204 6.1164946556
11.4816326531 14.0013618469
11.4857142857 24.4371223450
11.4897959184 40.6384620667
11.4938775510 58.8468399048
11.4979591837 61.7429466248
11.5020408163 56.5745964050
11.5061224490 52.4007682800
11.5102040816 48.2582473755
11.5142857143 40.2425384521
11.5183673469 32.7607917786
11.5224489796 28.2520275116
11.5265306122 35.8108062744
11.5306122449 37.3582839966
11.5346938776 35.3053512573
11.5387755102 26.9519100189
11.5428571429 25.6224269867
11.5469387755 17.9353675842
11.5510204082 9.0184211731
11.5551020408 0.0000000000
11.5591836735 0.0000000000
11.5632653061 0.0000000000
11.5673469388 0.0000000000
11.5714285714 0.0000000000
11.5755102041 0.0000000000
11.5795918367 0.0000000000
11.5836734694 0.0000000000
11.5877551020 0.0000000000
11.5918367347 0.0000000000
11.5959183673 0.0000000000
11.6000000000 0.0000000000
11.6040816327 0.0000000000
11.6081632653 0.0000000000
11.6122448980 0.0000000000
11.6163265306 0.0000000000
11.6204081633 0.0000000000
11.6244897959 0.0000000000
11.6285714286 0.0000000000
11.6326530612 0.0000000000
11.6367346939 0.0000000000
11.6408163265 0.0000000000
11.6448979592 0.0000000000
11.6489795918 0.0000000000
11.6530612245 0.0000000000
11.6571428571 0.0000000000
11.6612244898 0.0000000000
11.6653061224 0.0000000000
11.6693877551 0.0000000000
11.6734693878 0.0000000000
11.6775510204 0.0000000000
11.6816326531 0.0000000000
11.6857142857 0.0000000000
11.6897959184 0.0000000000
11.6938775510 0.0000000000
11.6979591837 0.0000000000
11.7020408163 0.0000000000
11.7061224490 0.0000000000
11.7102040816 0.0000000000
11.7142857143 0.0000000000
11.7183673469 0.0000000000
11.7224489796 0.0000000000
11.7265306122 0.0000000000
11.7306122449 0.0000000000
11.7346938776 0.0000000000
11.7387755102 0.0000000000
11.7428571429 0.0000000000
11.7469387755 0.0000000000
11.7510204082 0.0000000000
11.7551020408 0.0000000000
11.7591836735 0.0000000000
11.7632653061 0.0000000000
11.7673469388 0.0000000000
11.7714285714 0.0000000000
11.7755102041 0.0000000000
11.7795918367 0.0000000000
11.7836734694 0.0000000000
11.7877551020 0.0000000000
11.7918367347 0.0000000000
11.7959183673 0.0000000000
11.8000000000 0.0000000000
11.8040816327 0.0000000000
11.8081632653 0.0000000000
11.8122448980 0.0000000000
11.8163265306 0.0000000000
11.8204081633 0.4698634148
11.8244897959 1.3055205345
11.8285714286 1.1805295944
11.8326530612 0.0000000000
11.8367346939 0.0000000000
11.8408163265 0.0000000000
11.8448979592 0.0000000000
11.8489795918 0.0000000000
11.8530612245 0.0000000000
11.8571428571 0.0000000000
11.8612244898 0.0000000000
11.8653061224 0.0000000000
11.8693877551 0.0000000000
11.8734693878 0.0000000000
11.8775510204 0.0000000000
11.8816326531 0.0000000000
11.8857142857 0.0000000000
11.8897959184 0.0000000000
11.8938775510 0.0000000000
11.8979591837 0.0000000000
11.9020408163 0.0000000000
11.9061224490 0.0000000000
11.9102040816 0.0000000000
11.9142857143 0.0000000000
11.9183673469 0.0000000000
11.9224489796 0.0000000000
11.9265306122 0.0000000000
11.9306122449 0.0000000000
11.9346938776 0.0000000000
11.9387755102 3.5556554794
11.9428571429 21.8596992493
11.9469387755 42.7928581238
11.9510204082 52.4800415039
11.9551020408 48.6136093140
11.9591836735 42.5229492188
11.9632653061 43.8723373413
11.9673469388 41.3573074341
11.9714285714 29.5931854248
11.9755102041 18.6059322357
11.9795918367 15.5674228668
11.9836734694 16.4213771820
11.9877551020 11.2180118561
11.9918367347 5.7901439667
11.9959183673 3.0111520290
12.0000000000 2.5044679642
12.0040816327 0.0000000000
12.0081632653 0.0000000000
12.0122448980 0.0000000000
12.0163265306 0.0000000000
12.0204081633 0.0000000000
12.0244897959 0.0000000000
12.0285714286 0.0000000000
12.0326530612 0.0000000000
12.0367346939 0.0000000000
12.0408163265 0.0000000000
12.0448979592 0.0000000000
12.0489795918 0.0000000000
12.0530612245 0.0000000000
12.0571428571 0.4059672356
12.0612244898 0.4568994045
12.0653061224 1.8887519836
12.0693877551 3.0414760113
12.0734693878 1.2621283531
12.0775510204 0.8596479893
12.0816326531 0.1399517059
12.0857142857 1.7333626747
12.0897959184 0.0662207603
12.0938775510 0.0000000000
12.0979591837 0.0000000000
12.1020408163 0.0000000000
12.1061224490 0.0000000000
12.1102040816 1.7127990723
12.1142857143 5.1341352463
12.1183673469 6.2448978424
12.1224489796 17.9039535522
12.1265306122 34.6375122070
12.1306122449 50.3348121643
12.1346938776 69.0579376221
12.1387755102 81.4568328857
12.1428571429 76.4343414307
12.1469387755 59.4430122375
12.1510204082 46.4434623718
12.1551020408 40.6610984802
12.1591836735 34.2535362244
12.1632653061 27.4433479309
12.1673469388 13.9121417999
12.1714285714 2.9959678650
12.1755102041 0.0000000000
12.1795918367 0.0000000000
12.1836734694 0.3221035004
12.1877551020 2.6948599815
12.1918367347 6.0257315636
12.1959183673 2.8132796288
12.2000000000 1.1518597603
12.2040816327 0.9002089500
12.2081632653 0.9127259254
12.2122448980 0.0000000000
12.2163265306 0.0000000000
12.2204081633 0.0000000000
12.2244897959 0.0000000000
12.2285714286 0.0000000000
12.2326530612 0.0000000000
12.2367346939 0.0000000000
12.2408163265 0.0000000000
12.2448979592 0.0000000000
12.2489795918 0.0000000000
12.2530612245 0.0000000000
12.2571428571 0.0000000000
12.2612244898 0.0000000000
12.2653061224 0.0000000000
12.2693877551 0.0000000000
12.2734693878 0.0000000000
12.2775510204 0.0000000000
12.2816326531 0.0000000000
12.2857142857 0.0000000000
12.2897959184 0.0000000000
12.2938775510 0.0000000000
12.2979591837 0.0000000000
12.3020408163 0.0000000000
12.3061224490 0.0000000000
12.3102040816 0.0000000000
12.3142857143 0.0000000000
12.3183673469 0.0000000000
12.3224489796 0.0000000000
12.3265306122 0.0000000000
12.3306122449 0.0000000000
12.3346938776 0.0000000000
12.3387755102 0.0000000000
12.3428571429 0.0000000000
12.3469387755 0.0000000000
12.3510204082 0.0000000000
12.3551020408 0.0000000000
12.3591836735 0.0000000000
12.3632653061 0.0000000000
12.3673469388 0.0000000000
12.3714285714 0.0000000000
12.3755102041 0.0000000000
12.3795918367 0.0000000000
12.3836734694 0.0000000000
12.3877551020 0.0000000000
12.3918367347 0.0000000000
12.3959183673 0.0000000000
12.4000000000 0.0000000000
12.4040816327 0.0000000000
12.4081632653 0.0000000000
12.4122448980 0.0000000000
12.4163265306 0.0000000000
12.4204081633 0.0000000000
12.4244897959 0.0000000000
12.4285714286 0.0000000000
12.4326530612 0.0000000000
12.4367346939 0.0000000000
12.4408163265 14.8217153549
12.4448979592 61.3946838379
12.4489795918 103.1433410645
12.4530612245 163.8987731934
12.4571428571 191.4880981445
12.4612244898 164.1133117676
12.4653061224 130.1293029785
12.4693877551 103.2842254639
12.4734693878 82.7886962891
12.4775510204 62.2633132935
12.4816326531 41.3309326172
12.4857142857 29.9817619324
12.4897959184 13.6237735748
12.4938775510 2.3053884506
12.4979591837 0.0000000000
12.5020408163 0.0000000000
12.5061224490 0.0000000000
12.5102040816 0.0000000000
12.5142857143 0.0000000000
12.5183673469 0.0000000000
12.5224489796 0.0000000000
12.5265306122 0.0000000000
12.5306122449 0.0000000000
12.5346938776 0.3089755774
12.5387755102 2.0291805267
12.5428571429 1.0353326797
12.5469387755 0.0000000000
12.5510204082 0.0000000000
12.5551020408 0.0000000000
12.5591836735 0.0000000000
12.5632653061 0.0000000000
12.5673469388 0.0000000000
12.5714285714 0.0000000000
12.5755102041 0.0000000000
12.5795918367 0.0000000000
12.5836734694 0.0000000000
12.5877551020 0.0000000000
12.5918367347 0.0000000000
12.5959183673 0.0000000000
12.6000000000 0.0000000000
12.6040816327 0.0000000000
12.6081632653 0.0000000000
12.6122448980 0.0000000000
12.6163265306 0.0000000000
12.6204081633 0.0000000000
12.6244897959 0.0000000000
12.6285714286 0.0000000000
12.6326530612 0.0000000000
12.6367346939 0.0000000000
12.6408163265 0.0000000000
12.6448979592 0.0000000000
12.6489795918 0.0000000000
12.6530612245 0.0000000000
12.6571428571 0.0000000000
12.6612244898 0.0000000000
12.6653061224 0.0000000000
12.6693877551 0.0000000000
12.6734693878 0.0000000000
12.6775510204 0.0000000000
12.6816326531 0.0000000000
12.6857142857 0.0000000000
12.6897959184 0.0000000000
12.6938775510 0.0000000000
12.6979591837 0.0000000000
12.7020408163 0.0000000000
12.7061224490 0.0000000000
12.7102040816 0.0000000000
12.7142857143 0.0000000000
12.7183673469 0.5702972412
12.7224489796 0.0000000000
12.7265306122 0.0000000000
12.7306122449 0.0000000000
12.7346938776 0.0000000000
12.7387755102 0.0000000000
12.7428571429 0.0000000000
12.7469387755 0.0000000000
12.7510204082 0.0000000000
12.7551020408 0.0000000000
12.7591836735 0.0000000000
12.7632653061 11.2196207047
12.7673469388 36.3046531677
12.7714285714 91.0281524658
12.7755102041 170.0628356934
12.7795918367 213.7262725830
12.7836734694 187.7354431152
12.7877551020 151.0193328857
12.7918367347 115.8160552979
12.7959183673 93.7086334229
12.8000000000 75.7880859375
12.8040816327 61.0044021606
12.8081632653 49.0000839233
12.8122448980 35.8203659058
12.8163265306 22.1591606140
12.8204081633 10.7583408356
12.8244897959 0.0000000000
12.8285714286 0.0000000000
12.8326530612 0.0000000000
12.8367346939 0.0000000000
12.8408163265 0.0000000000
12.8448979592 0.0000000000
12.8489795918 0.0000000000
12.8530612245 0.0000000000
12.8571428571 0.0000000000
12.8612244898 0.0000000000
12.8653061224 0.0000000000
12.8693877551 0.0000000000
12.8734693878 0.0000000000
12.8775510204 0.0000000000
12.8816326531 0.0000000000
12.8857142857 0.0000000000
12.8897959184 0.0000000000
12.8938775510 0.0000000000
12.8979591837 0.0000000000
12.9020408163 0.0000000000
12.9061224490 0.0000000000
12.9102040816 0.0000000000
12.9142857143 0.0000000000
12.9183673469 0.0000000000
12.9224489796 0.0000000000
12.9265306122 0.0000000000
12.9306122449 0.0000000000
12.9346938776 0.0000000000
12.9387755102 0.0000000000
12.9428571429 0.0000000000
12.9469387755 0.0000000000
12.9510204082 0.0000000000
12.9551020408 0.0000000000
12.9591836735 0.0000000000
12.9632653061 0.0000000000
12.9673469388 0.0000000000
12.9714285714 0.0000000000
12.9755102041 0.0000000000
12.9795918367 0.0000000000
12.9836734694 0.0000000000
12.9877551020 0.0000000000
12.9918367347 0.0000000000
12.9959183673 0.0000000000
13.0000000000 0.0000000000
13.0040816327 0.0000000000
13.0081632653 0.0000000000
13.0122448980 0.0000000000
13.0163265306 0.0000000000
13.0204081633 0.0000000000
13.0244897959 0.0000000000
13.0285714286 0.0000000000
13.0326530612 0.0000000000
13.0367346939 0.0000000000
13.0408163265 0.0000000000
13.0448979592 0.0000000000
13.0489795918 0.0000000000
13.0530612245 0.0000000000
13.0571428571 0.0000000000
13.0612244898 0.0000000000
13.0653061224 0.0000000000
13.0693877551 0.0000000000
13.0734693878 0.0000000000
13.0775510204 0.0000000000
13.0816326531 0.0000000000
13.0857142857 0.0000000000
13.0897959184 0.0000000000
13.0938775510 0.0000000000
13.0979591837 0.0000000000
13.1020408163 0.0000000000
13.1061224490 0.0000000000
13.1102040816 0.0000000000
13.1142857143 0.0000000000
13.1183673469 0.0000000000
13.1224489796 0.0000000000
13.1265306122 0.0000000000
13.1306122449 0.0000000000
13.1346938776 0.0000000000
13.1387755102 0.0000000000
13.1428571429 0.0000000000
13.1469387755 0.0000000000
13.1510204082 0.0000000000
13.1551020408 0.0000000000
13.1591836735 0.0000000000
13.1632653061 0.0000000000
13.1673469388 0.0000000000
13.1714285714 0.0000000000
13.1755102041 0.0000000000
13.1795918367 0.0000000000
13.1836734694 0.0000000000
13.1877551020 0.0000000000
13.1918367347 0.0000000000
13.1959183673 0.0000000000
13.2000000000 0.0000000000
13.2040816327 0.0000000000
13.2081632653 0.0000000000
13.2122448980 0.0000000000
13.2163265306 0.0000000000
13.2204081633 0.0000000000
13.2244897959 0.0000000000
13.2285714286 0.0000000000
13.2326530612 0.0000000000
13.2367346939 0.0000000000
13.2408163265 0.0000000000
13.2448979592 0.0000000000
13.2489795918 0.0000000000
13.2530612245 0.0000000000
13.2571428571 0.0000000000
13.2612244898 0.0000000000
13.2653061224 0.0000000000
13.2693877551 0.0000000000
13.2734693878 0.0000000000
13.2775510204 0.0000000000
13.2816326531 0.0499337912
13.2857142857 24.4206199646
13.2897959184 33.0998611450
13.2938775510 18.5376396179
13.2979591837 5.8616399765
13.3020408163 8.4725618362
13.3061224490 8.9445858002
13.3102040816 2.3541376591
13.3142857143 0.0000000000
13.3183673469 0.0000000000
13.3224489796 0.0000000000
13.3265306122 0.0000000000
13.3306122449 0.0000000000
13.3346938776 0.3415346146
13.3387755102 0.0000000000
13.3428571429 0.0000000000
13.3469387755 0.0000000000
13.3510204082 0.0000000000
13.3551020408 0.0000000000
13.3591836735 0.0000000000
13.3632653061 0.0000000000
13.3673469388 0.0000000000
13.3714285714 0.0000000000
13.3755102041 0.0000000000
13.3795918367 0.0000000000
13.3836734694 0.0000000000
13.3877551020 0.0000000000
13.3918367347 0.0000000000
13.3959183673 0.0000000000
13.4000000000 0.0000000000
13.4040816327 6.3713788986
13.4081632653 49.1473388672
13.4122448980 89.2497024536
13.4163265306 99.4805908203
13.4204081633 138.1822662354
13.4244897959 132.7065124512
13.4285714286 109.5680007935
13.4326530612 94.6244049072
13.4367346939 71.3490829468
13.4408163265 54.6926269531
13.4448979592 40.0263061523
13.4489795918 26.8828277588
13.4530612245 10.8475685120
13.4571428571 1.7341077328
13.4612244898 0.0000000000
13.4653061224 0.0000000000
13.4693877551 0.0000000000
13.4734693878 0.0000000000
13.4775510204 0.0000000000
13.4816326531 0.0000000000
13.4857142857 0.0000000000
13.4897959184 0.0000000000
13.4938775510 0.0000000000
13.4979591837 0.0000000000
13.5020408163 0.0000000000
13.5061224490 0.0000000000
13.5102040816 0.0000000000
13.5142857143 0.0000000000
13.5183673469 0.0000000000
13.5224489796 0.0000000000
13.5265306122 0.0000000000
13.5306122449 0.0000000000
13.5346938776 0.0000000000
13.5387755102 0.0000000000
13.5428571429 0.0000000000
13.5469387755 0.0000000000
13.5510204082 0.0000000000
13.5551020408 0.0000000000
13.5591836735 0.0000000000
13.5632653061 0.0000000000
13.5673469388 0.0000000000
13.5714285714 0.0000000000
13.5755102041 0.0000000000
13.5795918367 0.0000000000
13.5836734694 0.0000000000
13.5877551020 0.0000000000
13.5918367347 0.0000000000
13.5959183673 0.0000000000
13.6000000000 0.0000000000
13.6040816327 0.0000000000
13.6081632653 0.0000000000
13.6122448980 0.0000000000
13.6163265306 0.0000000000
13.6204081633 0.0000000000
13.6244897959 0.0000000000
13.6285714286 0.0000000000
13.6326530612 0.0000000000
13.6367346939 0.0000000000
13.6408163265 0.0000000000
13.6448979592 0.0000000000
13.6489795918 0.0000000000
13.6530612245 0.0000000000
13.6571428571 0.0000000000
13.6612244898 0.0000000000
13.6653061224 0.0000000000
13.6693877551 0.0000000000
13.6734693878 0.0000000000
13.6775510204 0.0000000000
13.6816326531 0.0000000000
13.6857142857 0.0000000000
13.6897959184 0.0000000000
13.6938775510 0.0000000000
13.6979591837 0.0000000000
13.7020408163 0.0000000000
13.7061224490 0.0000000000
13.7102040816 0.5392581224
13.7142857143 0.0000000000
13.7183673469 0.0000000000
13.7224489796 0.0000000000
13.7265306122 0.1899451017
13.7306122449 0.1477003098
13.7346938776 0.0000000000
13.7387755102 15.8450012207
13.7428571429 51.9280281067
13.7469387755 68.1206588745
13.7510204082 75.8706359863
13.7551020408 68.1332321167
13.7591836735 57.2155723572
13.7632653061 30.0774574280
13.7673469388 21.9074192047
13.7714285714 19.6604728699
13.7755102041 15.1606197357
13.7795918367 9.6512145996
13.7836734694 1.7724037170
13.7877551020 0.0000000000
13.7918367347 0.0000000000
13.7959183673 0.0000000000
13.8000000000 0.0000000000
13.8040816327 0.0000000000
13.8081632653 0.0000000000
13.8122448980 0.0000000000
13.8163265306 0.0000000000
13.8204081633 0.0000000000
13.8244897959 0.0000000000
13.8285714286 0.0000000000
13.8326530612 0.0000000000
13.8367346939 0.0000000000
13.8408163265 0.0000000000
13.8448979592 2.6616454124
13.8489795918 4.2795538902
13.8530612245 2.0356178284
13.8571428571 0.5068182945
13.8612244898 0.0000000000
13.8653061224 1.5258789062
13.8693877551 0.3288984299
13.8734693878 0.0236667693
13.8775510204 0.0000000000
13.8816326531 0.0000000000
13.8857142857 0.0000000000
13.8897959184 0.0000000000
13.8938775510 0.0000000000
13.8979591837 0.0000000000
13.9020408163 0.0000000000
13.9061224490 0.0000000000
13.9102040816 0.0000000000
13.9142857143 0.0000000000
13.9183673469 0.0000000000
13.9224489796 0.0000000000
13.9265306122 0.0000000000
13.9306122449 0.0000000000
13.9346938776 0.0000000000
13.9387755102 0.0000000000
13.9428571429 0.0000000000
13.9469387755 0.0000000000
13.9510204082 0.0000000000
13.9551020408 0.0000000000
13.9591836735 0.0000000000
13.9632653061 0.0000000000
13.9673469388 0.0000000000
13.9714285714 0.0000000000
13.9755102041 0.0000000000
13.9795918367 0.0000000000
13.9836734694 0.0000000000
13.9877551020 0.0000000000
13.9918367347 0.2898573875
13.9959183673 1.3833492994
14.0000000000 7.5418353081
14.0040816327 1.5619397163
14.0081632653 15.9243049622
14.0122448980 15.0790805817
14.0163265306 43.7390213013
14.0204081633 60.6757850647
14.0244897959 57.4959335327
14.0285714286 102.2916412354
14.0326530612 148.8803100586
14.0367346939 140.7465667725
14.0408163265 101.6031494141
14.0448979592 82.1000976562
14.0489795918 62.4609603882
14.0530612245 54.7682647705
14.0571428571 45.1699790955
14.0612244898 31.5007572174
14.0653061224 14.0435991287
14.0693877551 0.7280111313
14.0734693878 0.0000000000
14.0775510204 0.0000000000
14.0816326531 0.0000000000
14.0857142857 0.0000000000
14.0897959184 0.0000000000
14.0938775510 0.0000000000
14.0979591837 0.0000000000
14.1020408163 0.0000000000
14.1061224490 0.0000000000
14.1102040816 0.0000000000
14.1142857143 0.0000000000
14.1183673469 0.0000000000
14.1224489796 0.0000000000
14.1265306122 0.0000000000
14.1306122449 0.0000000000
14.1346938776 0.0000000000
14.1387755102 0.0000000000
14.1428571429 0.0000000000
14.1469387755 0.0000000000
14.1510204082 0.0000000000
14.1551020408 0.0000000000
14.1591836735 0.0000000000
14.1632653061 0.0000000000
14.1673469388 0.0000000000
14.1714285714 0.0000000000
14.1755102041 0.0000000000
14.1795918367 0.0000000000
14.1836734694 0.0000000000
14.1877551020 0.0000000000
14.1918367347 0.0000000000
14.1959183673 0.0000000000
14.2000000000 0.0000000000
14.2040816327 0.0000000000
14.2081632653 0.0000000000
14.2122448980 0.0000000000
14.2163265306 0.0000000000
14.2204081633 0.0000000000
14.2244897959 0.0000000000
14.2285714286 0.0000000000
14.2326530612 0.0000000000
14.2367346939 0.0000000000
14.2408163265 0.0000000000
14.2448979592 0.0000000000
14.2489795918 0.0000000000
14.2530612245 0.0000000000
14.2571428571 0.0000000000
14.2612244898 0.0000000000
14.2653061224 0.0000000000
14.2693877551 0.0000000000
14.2734693878 0.0000000000
14.2775510204 0.0000000000
14.2816326531 0.0000000000
14.2857142857 0.0000000000
14.2897959184 0.0000000000
14.2938775510 0.0000000000
14.2979591837 0.0000000000
14.3020408163 0.0000000000
14.3061224490 0.0000000000
14.3102040816 0.0000000000
14.3142857143 0.0000000000
14.3183673469 0.0000000000
14.3224489796 0.0000000000
14.3265306122 0.0000000000
14.3306122449 0.4049539566
14.3346938776 0.0000000000
14.3387755102 0.0000000000
14.3428571429 0.0000000000
14.3469387755 0.0000000000
14.3510204082 0.0000000000
14.3551020408 0.0000000000
14.3591836735 0.0000000000
14.3632653061 0.0000000000
14.3673469388 0.0000000000
14.3714285714 0.0000000000
14.3755102041 0.0000000000
