0.0040816327 4.8266201019
0.0081632653 29.1010665894
0.0122448980 34.8264389038
0.0163265306 37.0787048340
0.0204081633 32.4262695312
0.0244897959 22.6098289490
0.0285714286 16.7508125305
0.0326530612 17.6642532349
0.0367346939 18.2000389099
0.0408163265 14.2914056778
0.0448979592 8.2187061310
0.0489795918 3.2377243042
0.0530612245 0.0000000000
0.0571428571 0.0000000000
0.0612244898 0.0000000000
0.0653061224 0.0000000000
0.0693877551 0.0000000000
0.0734693878 0.0000000000
0.0775510204 0.0000000000
0.0816326531 0.0000000000
0.0857142857 0.0000000000
0.0897959184 0.0000000000
0.0938775510 0.0000000000
0.0979591837 0.0000000000
0.1020408163 2.0889341831
0.1061224490 2.1050312519
0.1102040816 6.5450277328
0.1142857143 14.6614313126
0.1183673469 20.4648971558
0.1224489796 22.1505928040
0.1265306122 15.8563766479
0.1306122449 26.1014709473
0.1346938776 24.4992904663
0.1387755102 23.0989151001
0.1428571429 20.5089149475
0.1469387755 12.5066642761
0.1510204082 13.2056779861
0.1551020408 21.5678520203
0.1591836735 14.3791217804
0.1632653061 14.5055837631
0.1673469388 7.0412158966
0.1714285714 4.4380426407
0.1755102041 1.9410252571
0.1795918367 0.0000000000
0.1836734694 0.0000000000
0.1877551020 0.0000000000
0.1918367347 0.0000000000
0.1959183673 0.0000000000
0.2000000000 0.0000000000
0.2040816327 0.0000000000
0.2081632653 0.0000000000
0.2122448980 14.2735824585
0.2163265306 23.9780178070
0.2204081633 31.2174720764
0.2244897959 36.2518272400
0.2285714286 57.8816070557
0.2326530612 66.1832046509
0.2367346939 65.4108657837
0.2408163265 62.4336624146
0.2448979592 55.9058341980
0.2489795918 41.3883323669
0.2530612245 32.7486190796
0.2571428571 14.1587600708
0.2612244898 1.7300248146
0.2653061224 0.0000000000
0.2693877551 0.0000000000
0.2734693878 0.0000000000
0.2775510204 0.0000000000
0.2816326531 0.0000000000
0.2857142857 0.0000000000
0.2897959184 0.0000000000
0.2938775510 0.0000000000
0.2979591837 0.0000000000
0.3020408163 0.0000000000
0.3061224490 0.0000000000
0.3102040816 0.0000000000
0.3142857143 0.0000000000
0.3183673469 0.0000000000
0.3224489796 0.0000000000
0.3265306122 0.0000000000
0.3306122449 0.0000000000
0.3346938776 0.0000000000
0.3387755102 0.0000000000
0.3428571429 0.0000000000
0.3469387755 0.0000000000
0.3510204082 0.0000000000
0.3551020408 0.0000000000
0.3591836735 0.0000000000
0.3632653061 0.0000000000
0.3673469388 0.0000000000
0.3714285714 0.0000000000
0.3755102041 0.0000000000
0.3795918367 0.0000000000
0.3836734694 0.7394403219
0.3877551020 4.1782407761
0.3918367347 6.6818671227
0.3959183673 9.7606105804
0.4000000000 12.0843200684
0.4040816327 12.4320240021
0.4081632653 0.0000000000
0.4122448980 0.0000000000
0.4163265306 0.0000000000
0.4204081633 0.0000000000
0.4244897959 0.0000000000
0.4285714286 12.4579372406
0.4326530612 39.7906303406
0.4367346939 73.9774398804
0.4408163265 109.4078445435
0.4448979592 113.6464309692
0.4489795918 111.9901580811
0.4530612245 98.7855224609
0.4571428571 81.7574310303
0.4612244898 60.0550765991
0.4653061224 39.9021530151
0.4693877551 22.2787857056
0.4734693878 8.8810329437
0.4775510204 0.0000000000
0.4816326531 0.0000000000
0.4857142857 0.0000000000
0.4897959184 0.0000000000
0.4938775510 0.0000000000
0.4979591837 0.0000000000
0.5020408163 0.0000000000
0.5061224490 0.0000000000
0.5102040816 0.0000000000
0.5142857143 0.0000000000
0.5183673469 0.0000000000
0.5224489796 0.0000000000
0.5265306122 0.0000000000
0.5306122449 0.0000000000
0.5346938776 0.0000000000
0.5387755102 0.0000000000
0.5428571429 0.0000000000
0.5469387755 0.0000000000
0.5510204082 0.0000000000
0.5551020408 0.0000000000
0.5591836735 0.0000000000
0.5632653061 0.0000000000
0.5673469388 0.0000000000
0.5714285714 0.0000000000
0.5755102041 0.0000000000
0.5795918367 0.0000000000
0.5836734694 0.0000000000
0.5877551020 2.1528899670
0.5918367347 0.0000000000
0.5959183673 3.3407211304
0.6000000000 9.2233123779
0.6040816327 8.3805027008
0.6081632653 4.4533462524
0.6122448980 0.0000000000
0.6163265306 0.0000000000
0.6204081633 0.0000000000
0.6244897959 0.0000000000
0.6285714286 11.4826860428
0.6326530612 72.7164459229
0.6367346939 161.6282501221
0.6408163265 187.2647399902
0.6448979592 170.1660461426
0.6489795918 149.2619018555
0.6530612245 130.9591217041
0.6571428571 104.4667053223
0.6612244898 81.0216064453
0.6653061224 60.2310600281
0.6693877551 41.8413848877
0.6734693878 32.6223373413
0.6775510204 21.7175483704
0.6816326531 11.6095838547
0.6857142857 5.0870475769
0.6897959184 2.0054578781
0.6938775510 0.5235671997
0.6979591837 1.6377568245
0.7020408163 2.1212697029
0.7061224490 1.2671947479
0.7102040816 0.0000000000
0.7142857143 0.0000000000
0.7183673469 0.0000000000
0.7224489796 0.0000000000
0.7265306122 0.0000000000
0.7306122449 0.0000000000
0.7346938776 0.0000000000
0.7387755102 0.0000000000
0.7428571429 0.0000000000
0.7469387755 0.0000000000
0.7510204082 0.0000000000
0.7551020408 0.0000000000
0.7591836735 0.0000000000
0.7632653061 0.0000000000
0.7673469388 0.0000000000
0.7714285714 0.0000000000
0.7755102041 0.0000000000
0.7795918367 0.0000000000
0.7836734694 0.0000000000
0.7877551020 0.0000000000
0.7918367347 0.0000000000
0.7959183673 0.0000000000
0.8000000000 0.0000000000
0.8040816327 0.0000000000
0.8081632653 0.0000000000
0.8122448980 0.0000000000
0.8163265306 0.0000000000
0.8204081633 0.0000000000
0.8244897959 0.0000000000
0.8285714286 1.3725757599
0.8326530612 26.3580093384
0.8367346939 42.5938377380
0.8408163265 62.9438781738
0.8448979592 81.6291275024
0.8489795918 90.6854858398
0.8530612245 91.3072509766
0.8571428571 74.3297348022
0.8612244898 58.2879791260
0.8653061224 49.8663101196
0.8693877551 35.6639404297
0.8734693878 19.9567070007
0.8775510204 10.6281185150
0.8816326531 5.1750469208
0.8857142857 0.0000000000
0.8897959184 0.0000000000
0.8938775510 0.0000000000
0.8979591837 0.0000000000
0.9020408163 0.0000000000
0.9061224490 0.0000000000
0.9102040816 0.0000000000
0.9142857143 0.0000000000
0.9183673469 0.0000000000
0.9224489796 0.0000000000
0.9265306122 0.0000000000
0.9306122449 0.0000000000
0.9346938776 0.0000000000
0.9387755102 0.0000000000
0.9428571429 0.0000000000
0.9469387755 0.0000000000
0.9510204082 0.0000000000
0.9551020408 0.0000000000
0.9591836735 0.0000000000
0.9632653061 0.0000000000
0.9673469388 0.0000000000
0.9714285714 0.0000000000
0.9755102041 0.0000000000
0.9795918367 0.0000000000
0.9836734694 0.0000000000
0.9877551020 0.0000000000
0.9918367347 0.0000000000
0.9959183673 0.0000000000
1.0000000000 0.0000000000
1.0040816327 0.0000000000
1.0081632653 0.0000000000
1.0122448980 0.0000000000
1.0163265306 0.0000000000
1.0204081633 0.0000000000
1.0244897959 1.4230012894
1.0285714286 5.4425001144
1.0326530612 8.2301197052
1.0367346939 11.3275642395
1.0408163265 15.4242219925
1.0448979592 17.7432899475
1.0489795918 13.9518079758
1.0530612245 8.9409942627
1.0571428571 12.1778249741
1.0612244898 11.7924213409
1.0653061224 12.7413272858
1.0693877551 16.1538047791
1.0734693878 5.9591755867
1.0775510204 2.0060539246
1.0816326531 0.0000000000
1.0857142857 0.0000000000
1.0897959184 0.0000000000
1.0938775510 0.0000000000
1.0979591837 0.0000000000
1.1020408163 0.0000000000
1.1061224490 0.0000000000
1.1102040816 0.0000000000
1.1142857143 0.0000000000
1.1183673469 0.0000000000
1.1224489796 0.0000000000
1.1265306122 0.0000000000
1.1306122449 0.0000000000
1.1346938776 0.0000000000
1.1387755102 0.0000000000
1.1428571429 0.0000000000
1.1469387755 0.0000000000
1.1510204082 0.0000000000
1.1551020408 0.0000000000
1.1591836735 0.0000000000
1.1632653061 0.0000000000
1.1673469388 0.0000000000
1.1714285714 0.0000000000
1.1755102041 0.0000000000
1.1795918367 0.0000000000
1.1836734694 0.0000000000
1.1877551020 0.0000000000
1.1918367347 0.0000000000
1.1959183673 0.0000000000
1.2000000000 0.0000000000
1.2040816327 0.0000000000
1.2081632653 0.0000000000
1.2122448980 0.0000000000
1.2163265306 0.0000000000
1.2204081633 0.0000000000
1.2244897959 4.7456026077
1.2285714286 20.8888206482
1.2326530612 50.8456344604
1.2367346939 82.9234771729
1.2408163265 108.6873474121
1.2448979592 120.0758514404
1.2489795918 103.5465316772
1.2530612245 102.5885620117
1.2571428571 90.8224334717
1.2612244898 78.0018539429
1.2653061224 52.0826873779
1.2693877551 30.7716903687
1.2734693878 13.4293289185
1.2775510204 2.0190477371
1.2816326531 0.0000000000
1.2857142857 0.0000000000
1.2897959184 0.0000000000
1.2938775510 0.0000000000
1.2979591837 0.0000000000
1.3020408163 0.0000000000
1.3061224490 0.0377893448
1.3102040816 0.0000000000
1.3142857143 0.0000000000
1.3183673469 0.0000000000
1.3224489796 0.0000000000
1.3265306122 0.0000000000
1.3306122449 0.0000000000
1.3346938776 0.0000000000
1.3387755102 0.0000000000
1.3428571429 0.0000000000
1.3469387755 0.0000000000
1.3510204082 0.0000000000
1.3551020408 0.0000000000
1.3591836735 0.0000000000
1.3632653061 0.0000000000
1.3673469388 0.0000000000
1.3714285714 0.0000000000
1.3755102041 0.0000000000
1.3795918367 0.0000000000
1.3836734694 0.0000000000
1.3877551020 0.0000000000
1.3918367347 0.0000000000
1.3959183673 0.0000000000
1.4000000000 0.0000000000
1.4040816327 0.0000000000
1.4081632653 0.0000000000
1.4122448980 0.0000000000
1.4163265306 0.0000000000
1.4204081633 0.0000000000
1.4244897959 0.0000000000
1.4285714286 0.0000000000
1.4326530612 0.0000000000
1.4367346939 0.0000000000
1.4408163265 0.6029307842
1.4448979592 6.1650872231
1.4489795918 10.8199119568
1.4530612245 19.5200443268
1.4571428571 30.9694404602
1.4612244898 21.2064094543
1.4653061224 10.8510856628
1.4693877551 7.3471069336
1.4734693878 0.0000000000
1.4775510204 0.0000000000
1.4816326531 0.0000000000
1.4857142857 0.0000000000
1.4897959184 0.5132555962
1.4938775510 0.0000000000
1.4979591837 0.0000000000
1.5020408163 0.0000000000
1.5061224490 0.0000000000
1.5102040816 0.0000000000
1.5142857143 0.0000000000
1.5183673469 0.0000000000
1.5224489796 0.0000000000
1.5265306122 0.0000000000
1.5306122449 0.0000000000
1.5346938776 0.0000000000
1.5387755102 0.0000000000
1.5428571429 0.0000000000
1.5469387755 0.0000000000
1.5510204082 0.0000000000
1.5551020408 0.0000000000
1.5591836735 0.0000000000
1.5632653061 0.0000000000
1.5673469388 0.0000000000
1.5714285714 0.0000000000
1.5755102041 0.0000000000
1.5795918367 0.0000000000
1.5836734694 0.0000000000
1.5877551020 0.0000000000
1.5918367347 0.0000000000
1.5959183673 0.0000000000
1.6000000000 0.0000000000
1.6040816327 0.0000000000
1.6081632653 0.0000000000
1.6122448980 0.0000000000
1.6163265306 0.0000000000
1.6204081633 0.0000000000
1.6244897959 0.0000000000
1.6285714286 0.0000000000
1.6326530612 0.0000000000
1.6367346939 0.0000000000
1.6408163265 0.0000000000
1.6448979592 1.2899339199
1.6489795918 5.8479309082
1.6530612245 8.8461637497
1.6571428571 7.4244141579
1.6612244898 4.7680735588
1.6653061224 6.1381759644
1.6693877551 6.5781474113
1.6734693878 0.2566576004
1.6775510204 5.3884387016
1.6816326531 4.1145086288
1.6857142857 0.5216598511
1.6897959184 0.0000000000
1.6938775510 0.0000000000
1.6979591837 0.0000000000
1.7020408163 0.0000000000
1.7061224490 0.0000000000
1.7102040816 0.0000000000
1.7142857143 0.0000000000
1.7183673469 0.0000000000
1.7224489796 0.0000000000
1.7265306122 0.0000000000
1.7306122449 0.0000000000
1.7346938776 0.0000000000
1.7387755102 0.0000000000
1.7428571429 0.0000000000
1.7469387755 3.4329295158
1.7510204082 1.7186403275
1.7551020408 0.0000000000
1.7591836735 2.2175312042
1.7632653061 0.3228783607
1.7673469388 0.0000000000
1.7714285714 0.0000000000
1.7755102041 0.0000000000
1.7795918367 0.0000000000
1.7836734694 0.0000000000
1.7877551020 0.0000000000
1.7918367347 0.0000000000
1.7959183673 0.0000000000
1.8000000000 0.0000000000
1.8040816327 0.1965463161
1.8081632653 0.0000000000
1.8122448980 0.0000000000
1.8163265306 0.0000000000
1.8204081633 0.0000000000
1.8244897959 0.0000000000
1.8285714286 1.9102096558
1.8326530612 4.1714086533
1.8367346939 5.0953178406
1.8408163265 19.2661628723
1.8448979592 18.6086292267
1.8489795918 15.6275186539
1.8530612245 15.2375392914
1.8571428571 14.0730295181
1.8612244898 13.2144241333
1.8653061224 11.9799375534
1.8693877551 12.0922327042
1.8734693878 13.9040946960
1.8775510204 7.2700977325
1.8816326531 9.2779397964
1.8857142857 2.1879374981
1.8897959184 0.0000000000
1.8938775510 0.0000000000
1.8979591837 0.0000000000
1.9020408163 0.0000000000
1.9061224490 0.0000000000
1.9102040816 0.0000000000
1.9142857143 0.0000000000
1.9183673469 0.0000000000
1.9224489796 0.0000000000
1.9265306122 0.0000000000
1.9306122449 0.0000000000
1.9346938776 0.0000000000
1.9387755102 0.3157854080
1.9428571429 0.8215904236
1.9469387755 0.0000000000
1.9510204082 0.0000000000
1.9551020408 0.0000000000
1.9591836735 0.0000000000
1.9632653061 0.0000000000
1.9673469388 0.0000000000
1.9714285714 0.0000000000
1.9755102041 0.0000000000
1.9795918367 0.0000000000
1.9836734694 0.0000000000
1.9877551020 0.0000000000
1.9918367347 0.0000000000
1.9959183673 0.0000000000
2.0000000000 0.0000000000
2.0040816327 0.0000000000
2.0081632653 0.0000000000
2.0122448980 19.4065284729
2.0163265306 33.8696975708
2.0204081633 42.2561187744
2.0244897959 58.7843666077
2.0285714286 66.8573379517
2.0326530612 85.9564819336
2.0367346939 86.7211761475
2.0408163265 82.6091156006
2.0448979592 78.4993133545
2.0489795918 73.7620849609
2.0530612245 70.5351867676
2.0571428571 54.0855522156
2.0612244898 51.2798461914
2.0653061224 40.0145645142
2.0693877551 29.2648086548
2.0734693878 19.9035987854
2.0775510204 12.8309135437
2.0816326531 10.1680164337
2.0857142857 9.6823577881
2.0897959184 9.8767280579
2.0938775510 4.6775341034
2.0979591837 0.0000000000
2.1020408163 3.0472278595
2.1061224490 0.7492452860
2.1102040816 0.0000000000
2.1142857143 0.0000000000
2.1183673469 0.0000000000
2.1224489796 0.0000000000
2.1265306122 0.0000000000
2.1306122449 0.0000000000
2.1346938776 0.0000000000
2.1387755102 0.0000000000
2.1428571429 0.0000000000
2.1469387755 0.0000000000
2.1510204082 0.0000000000
2.1551020408 0.0000000000
2.1591836735 0.0000000000
2.1632653061 0.0000000000
2.1673469388 0.0000000000
2.1714285714 0.0000000000
2.1755102041 0.0000000000
2.1795918367 0.0000000000
2.1836734694 0.0000000000
2.1877551020 0.0000000000
2.1918367347 0.0000000000
2.1959183673 0.0000000000
2.2000000000 0.0000000000
2.2040816327 0.0000000000
2.2081632653 0.0000000000
2.2122448980 0.0000000000
2.2163265306 0.0000000000
2.2204081633 0.0000000000
2.2244897959 0.0000000000
2.2285714286 0.1150369644
2.2326530612 6.4500865936
2.2367346939 12.5257072449
2.2408163265 33.9192428589
2.2448979592 43.4348754883
2.2489795918 41.8871650696
2.2530612245 36.5854492188
2.2571428571 31.2378120422
2.2612244898 25.8647499084
2.2653061224 16.7635383606
2.2693877551 4.2218565941
2.2734693878 0.0000000000
2.2775510204 0.0000000000
2.2816326531 0.0000000000
2.2857142857 0.0000000000
2.2897959184 0.0000000000
2.2938775510 0.0000000000
2.2979591837 0.0000000000
2.3020408163 0.0000000000
2.3061224490 0.0000000000
2.3102040816 0.0000000000
2.3142857143 0.0000000000
2.3183673469 0.0000000000
2.3224489796 0.0000000000
2.3265306122 0.0000000000
2.3306122449 0.0000000000
2.3346938776 0.0000000000
2.3387755102 0.0000000000
2.3428571429 0.0000000000
2.3469387755 0.0000000000
2.3510204082 0.0000000000
2.3551020408 0.0000000000
2.3591836735 0.0000000000
2.3632653061 0.9558796883
2.3673469388 2.5149881840
2.3714285714 1.1498332024
2.3755102041 0.4528164864
2.3795918367 0.0000000000
2.3836734694 0.0000000000
2.3877551020 0.0000000000
2.3918367347 0.0000000000
2.3959183673 0.0000000000
2.4000000000 0.0000000000
2.4040816327 0.0000000000
2.4081632653 0.0000000000
2.4122448980 0.0000000000
2.4163265306 2.2042989731
2.4204081633 7.1674585342
2.4244897959 9.0841054916
2.4285714286 9.7416038513
2.4326530612 19.3343315125
2.4367346939 30.5765876770
2.4408163265 53.8426475525
2.4448979592 47.5217971802
2.4489795918 38.7589340210
2.4530612245 27.8798484802
2.4571428571 18.6609039307
2.4612244898 10.6246166229
2.4653061224 3.7007331848
2.4693877551 0.0000000000
2.4734693878 0.0000000000
2.4775510204 0.0000000000
2.4816326531 0.0000000000
2.4857142857 0.0000000000
2.4897959184 0.0000000000
2.4938775510 0.0000000000
2.4979591837 0.0000000000
2.5020408163 0.0000000000
2.5061224490 0.0000000000
2.5102040816 0.0000000000
2.5142857143 0.0000000000
2.5183673469 0.5267858505
2.5224489796 0.0000000000
2.5265306122 0.2350211143
2.5306122449 0.9222626686
2.5346938776 1.0836124420
2.5387755102 1.7194747925
2.5428571429 0.2386569977
2.5469387755 3.3447444439
2.5510204082 2.2378563881
2.5551020408 5.7485699654
2.5591836735 15.3658990860
2.5632653061 16.9184799194
2.5673469388 7.2456598282
2.5714285714 0.0000000000
2.5755102041 4.1972398758
2.5795918367 0.0000000000
2.5836734694 0.0000000000
2.5877551020 0.0000000000
2.5918367347 0.0000000000
2.5959183673 0.0000000000
2.6000000000 0.0000000000
2.6040816327 0.0000000000
2.6081632653 1.1101365089
2.6122448980 4.0255188942
2.6163265306 3.8169622421
2.6204081633 6.8107843399
2.6244897959 6.4875783920
2.6285714286 4.2949318886
2.6326530612 5.1614341736
2.6367346939 1.8519163132
2.6408163265 6.2776508331
2.6448979592 31.0757446289
2.6489795918 34.4102096558
2.6530612245 38.0102691650
2.6571428571 36.0626869202
2.6612244898 28.8310356140
2.6653061224 17.4198455811
2.6693877551 0.7623434067
2.6734693878 0.0000000000
2.6775510204 0.0000000000
2.6816326531 0.0000000000
2.6857142857 0.0000000000
2.6897959184 0.0000000000
2.6938775510 0.0000000000
2.6979591837 0.0000000000
2.7020408163 0.0000000000
2.7061224490 0.0000000000
2.7102040816 0.0000000000
2.7142857143 0.0000000000
2.7183673469 0.6703436375
2.7224489796 16.6440467834
2.7265306122 23.5216331482
2.7306122449 35.0506324768
2.7346938776 37.0663909912
2.7387755102 56.8539733887
2.7428571429 44.9582366943
2.7469387755 30.1866683960
2.7510204082 27.0412254333
2.7551020408 15.2118501663
2.7591836735 5.2830429077
2.7632653061 1.7046332359
2.7673469388 1.9200742245
2.7714285714 0.0000000000
2.7755102041 0.0000000000
2.7795918367 0.0000000000
2.7836734694 0.0000000000
2.7877551020 0.0000000000
2.7918367347 0.0000000000
2.7959183673 0.0000000000
2.8000000000 0.0000000000
2.8040816327 0.0000000000
2.8081632653 0.0000000000
2.8122448980 0.0000000000
2.8163265306 0.0000000000
2.8204081633 0.0000000000
2.8244897959 2.1997094154
2.8285714286 4.6560764313
2.8326530612 16.5837478638
2.8367346939 28.5647354126
2.8408163265 30.6513900757
2.8448979592 26.7263660431
2.8489795918 19.2474422455
2.8530612245 18.5592765808
2.8571428571 10.5967226028
2.8612244898 2.2537112236
2.8653061224 0.0000000000
2.8693877551 2.6219635010
2.8734693878 3.1032264233
2.8775510204 0.0000000000
2.8816326531 0.0000000000
2.8857142857 1.1769533157
2.8897959184 4.4238271713
2.8938775510 4.6707096100
2.8979591837 5.0008893013
2.9020408163 4.6047568321
2.9061224490 3.0031502247
2.9102040816 0.2336502075
2.9142857143 2.1159052849
2.9183673469 1.0945647955
2.9224489796 1.0033845901
2.9265306122 0.0000000000
2.9306122449 0.0000000000
2.9346938776 0.0000000000
2.9387755102 0.0000000000
2.9428571429 0.0000000000
2.9469387755 0.0000000000
2.9510204082 0.0000000000
2.9551020408 0.0000000000
2.9591836735 0.0000000000
2.9632653061 0.0000000000
2.9673469388 0.0000000000
2.9714285714 0.0000000000
2.9755102041 0.0000000000
2.9795918367 0.0000000000
2.9836734694 0.0000000000
2.9877551020 0.0000000000
2.9918367347 0.0000000000
2.9959183673 0.0000000000
3.0000000000 0.0000000000
3.0040816327 0.0000000000
3.0081632653 0.0000000000
3.0122448980 0.0000000000
3.0163265306 0.0000000000
3.0204081633 0.0000000000
3.0244897959 0.0000000000
3.0285714286 0.0000000000
3.0326530612 0.0000000000
3.0367346939 0.0000000000
3.0408163265 0.0000000000
3.0448979592 0.0000000000
3.0489795918 0.0000000000
3.0530612245 9.5596017838
3.0571428571 26.9010658264
3.0612244898 42.7143707275
3.0653061224 65.8329772949
3.0693877551 84.4625549316
3.0734693878 90.5295257568
3.0775510204 91.5105514526
3.0816326531 86.7763061523
3.0857142857 72.0886306763
3.0897959184 61.1114959717
3.0938775510 50.2721595764
3.0979591837 36.7820663452
3.1020408163 18.7887401581
3.1061224490 3.4155659676
3.1102040816 0.0000000000
3.1142857143 0.0000000000
3.1183673469 0.0000000000
3.1224489796 0.0000000000
3.1265306122 0.0000000000
3.1306122449 0.0000000000
3.1346938776 0.0000000000
3.1387755102 0.0000000000
3.1428571429 0.0000000000
3.1469387755 0.0000000000
3.1510204082 0.0000000000
3.1551020408 0.0000000000
3.1591836735 0.0000000000
3.1632653061 0.0000000000
3.1673469388 0.0000000000
3.1714285714 0.0000000000
3.1755102041 0.0000000000
3.1795918367 0.0000000000
3.1836734694 0.0000000000
3.1877551020 0.0000000000
3.1918367347 0.0000000000
3.1959183673 0.0000000000
3.2000000000 0.0000000000
3.2040816327 0.0000000000
3.2081632653 0.0000000000
3.2122448980 0.0000000000
3.2163265306 0.0000000000
3.2204081633 0.0000000000
3.2244897959 0.0000000000
3.2285714286 0.0000000000
3.2326530612 0.0000000000
3.2367346939 0.0000000000
3.2408163265 0.0000000000
3.2448979592 0.0000000000
3.2489795918 0.0000000000
3.2530612245 0.0000000000
3.2571428571 0.0469274819
3.2612244898 2.3056268692
3.2653061224 0.7847547531
3.2693877551 0.0000000000
3.2734693878 0.0000000000
3.2775510204 0.3962516785
3.2816326531 12.0687484741
3.2857142857 14.3280029297
3.2897959184 0.3694295883
3.2938775510 0.0000000000
3.2979591837 0.0000000000
3.3020408163 0.0000000000
3.3061224490 0.0000000000
3.3102040816 0.0000000000
3.3142857143 0.0000000000
3.3183673469 0.0000000000
3.3224489796 0.0000000000
3.3265306122 0.0000000000
3.3306122449 0.0000000000
3.3346938776 0.0000000000
3.3387755102 0.0000000000
3.3428571429 0.0000000000
3.3469387755 0.0000000000
3.3510204082 0.0000000000
3.3551020408 0.0000000000
3.3591836735 1.6762018204
3.3632653061 14.5531291962
3.3673469388 25.4191761017
3.3714285714 37.1998252869
3.3755102041 49.1585426331
3.3795918367 58.4177665710
3.3836734694 60.0301589966
3.3877551020 56.2132568359
3.3918367347 53.0032234192
3.3959183673 42.6614570618
3.4000000000 41.2191162109
3.4040816327 31.3437881470
3.4081632653 21.8423004150
3.4122448980 14.3699350357
3.4163265306 4.9696154594
3.4204081633 1.6605556011
3.4244897959 0.0000000000
3.4285714286 0.0000000000
3.4326530612 0.0000000000
3.4367346939 0.0000000000
3.4408163265 0.0000000000
3.4448979592 0.0000000000
3.4489795918 0.0000000000
3.4530612245 0.0000000000
3.4571428571 0.0000000000
3.4612244898 0.0000000000
3.4653061224 0.0000000000
3.4693877551 0.0000000000
3.4734693878 0.0000000000
3.4775510204 0.0000000000
3.4816326531 3.1695365906
3.4857142857 13.9496326447
3.4897959184 22.1756095886
3.4938775510 29.8960056305
3.4979591837 37.5351600647
3.5020408163 54.7391166687
3.5061224490 69.2338027954
3.5102040816 63.4267463684
3.5142857143 50.1076431274
3.5183673469 30.8209362030
3.5224489796 11.2364883423
3.5265306122 2.4867653847
3.5306122449 0.0000000000
3.5346938776 0.0000000000
3.5387755102 0.0000000000
3.5428571429 0.0000000000
3.5469387755 0.0000000000
3.5510204082 0.0000000000
3.5551020408 0.0000000000
3.5591836735 0.0000000000
3.5632653061 0.0000000000
3.5673469388 0.0000000000
3.5714285714 0.0000000000
3.5755102041 0.0000000000
3.5795918367 0.0000000000
3.5836734694 0.0000000000
3.5877551020 0.0000000000
3.5918367347 4.4173297882
3.5959183673 13.9777660370
3.6000000000 19.5579528809
3.6040816327 27.5051288605
3.6081632653 29.4493732452
3.6122448980 25.3081912994
3.6163265306 14.5880584717
3.6204081633 10.6242294312
3.6244897959 0.0000000000
3.6285714286 0.0000000000
3.6326530612 0.0000000000
3.6367346939 0.0000000000
3.6408163265 0.0000000000
3.6448979592 0.0000000000
3.6489795918 0.0000000000
3.6530612245 0.0000000000
3.6571428571 0.0000000000
3.6612244898 0.0000000000
3.6653061224 0.0000000000
3.6693877551 0.0000000000
3.6734693878 0.0000000000
3.6775510204 0.0000000000
3.6816326531 0.0000000000
3.6857142857 1.9376277924
3.6897959184 14.9170160294
3.6938775510 33.0325050354
3.6979591837 52.0977668762
3.7020408163 57.2090759277
3.7061224490 45.9652671814
3.7102040816 33.6536750793
3.7142857143 22.7364902496
3.7183673469 18.4783344269
3.7224489796 13.5098838806
3.7265306122 1.6404390335
3.7306122449 0.0000000000
3.7346938776 0.0000000000
3.7387755102 0.0000000000
3.7428571429 0.0000000000
3.7469387755 0.0000000000
3.7510204082 0.0000000000
3.7551020408 0.0000000000
3.7591836735 0.0000000000
3.7632653061 0.0000000000
3.7673469388 0.0000000000
3.7714285714 0.0000000000
3.7755102041 0.0000000000
3.7795918367 2.8309822083
3.7836734694 11.6087198257
3.7877551020 13.7335062027
3.7918367347 18.7493553162
3.7959183673 22.4025249481
3.8000000000 22.4710693359
3.8040816327 16.3648128510
3.8081632653 8.4099178314
3.8122448980 2.4752616882
3.8163265306 0.6659663916
3.8204081633 0.0000000000
3.8244897959 0.0000000000
3.8285714286 0.0000000000
3.8326530612 0.0000000000
3.8367346939 0.0000000000
3.8408163265 0.0000000000
3.8448979592 0.0000000000
3.8489795918 0.0000000000
3.8530612245 0.0000000000
3.8571428571 0.0000000000
3.8612244898 0.0000000000
3.8653061224 0.0000000000
3.8693877551 0.0000000000
3.8734693878 0.0000000000
3.8775510204 4.3442249298
3.8816326531 10.5907917023
3.8857142857 12.2503633499
3.8897959184 11.4119644165
3.8938775510 65.5134277344
3.8979591837 78.1201095581
3.9020408163 85.3046798706
3.9061224490 68.9728851318
3.9102040816 62.9286727905
3.9142857143 54.7502975464
3.9183673469 48.4743728638
3.9224489796 37.2801704407
3.9265306122 25.2650680542
3.9306122449 9.3040466309
3.9346938776 3.4439861774
3.9387755102 4.3932199478
3.9428571429 0.0000000000
3.9469387755 0.0000000000
3.9510204082 0.0000000000
3.9551020408 0.0000000000
3.9591836735 0.0000000000
3.9632653061 0.0000000000
3.9673469388 0.0000000000
3.9714285714 0.0000000000
3.9755102041 0.0000000000
3.9795918367 0.0000000000
3.9836734694 0.0000000000
3.9877551020 0.0000000000
3.9918367347 0.0000000000
3.9959183673 0.0000000000
4.0000000000 0.0000000000
4.0040816327 0.0000000000
4.0081632653 0.0000000000
4.0122448980 0.0000000000
4.0163265306 0.0000000000
4.0204081633 0.0000000000
4.0244897959 0.0000000000
4.0285714286 0.0000000000
4.0326530612 0.0000000000
4.0367346939 0.0000000000
4.0408163265 0.0000000000
4.0448979592 0.0000000000
4.0489795918 0.0000000000
4.0530612245 0.0000000000
4.0571428571 0.0000000000
4.0612244898 0.0000000000
4.0653061224 0.0000000000
4.0693877551 0.0000000000
4.0734693878 0.0000000000
4.0775510204 0.0000000000
4.0816326531 0.0000000000
4.0857142857 0.5233287811
4.0897959184 0.6245374680
4.0938775510 2.4969177246
4.0979591837 10.1007223129
4.1020408163 4.8660039902
4.1061224490 0.0029206276
4.1102040816 1.4906525612
4.1142857143 1.4072656631
4.1183673469 1.4648437500
4.1224489796 0.0000000000
4.1265306122 0.0000000000
4.1306122449 0.0000000000
4.1346938776 0.0000000000
4.1387755102 0.0000000000
4.1428571429 0.0000000000
4.1469387755 0.0000000000
4.1510204082 0.0000000000
4.1551020408 0.0000000000
4.1591836735 0.0000000000
4.1632653061 0.0000000000
4.1673469388 0.0000000000
4.1714285714 0.0000000000
4.1755102041 0.0000000000
4.1795918367 0.0000000000
4.1836734694 0.0000000000
4.1877551020 0.0000000000
4.1918367347 0.0000000000
4.1959183673 0.0000000000
4.2000000000 0.0000000000
4.2040816327 0.0000000000
4.2081632653 3.1749010086
4.2122448980 14.8949069977
4.2163265306 18.5776348114
4.2204081633 31.9238090515
4.2244897959 42.6135330200
4.2285714286 57.2657623291
4.2326530612 45.4947433472
4.2367346939 29.4391174316
4.2408163265 13.9288043976
4.2448979592 2.8513185978
4.2489795918 0.0000000000
4.2530612245 0.0000000000
4.2571428571 0.0000000000
4.2612244898 0.0000000000
4.2653061224 0.0000000000
4.2693877551 0.0000000000
4.2734693878 0.0000000000
4.2775510204 0.0000000000
4.2816326531 0.0000000000
4.2857142857 0.0000000000
4.2897959184 0.0000000000
4.2938775510 0.0000000000
4.2979591837 0.0000000000
4.3020408163 0.6979703903
4.3061224490 0.0000000000
4.3102040816 0.0000000000
4.3142857143 0.0000000000
4.3183673469 0.0000000000
4.3224489796 10.1659297943
4.3265306122 35.5954780579
4.3306122449 60.6611366272
4.3346938776 107.2175445557
4.3387755102 165.8510742188
4.3428571429 171.0254821777
4.3469387755 151.5606384277
4.3510204082 121.4005737305
4.3551020408 106.1946029663
4.3591836735 80.0592498779
4.3632653061 55.7029495239
4.3673469388 33.3658828735
4.3714285714 13.0378789902
4.3755102041 0.0000000000
4.3795918367 0.0000000000
4.3836734694 0.0000000000
4.3877551020 0.0000000000
4.3918367347 0.0000000000
4.3959183673 0.0000000000
4.4000000000 0.0000000000
4.4040816327 0.0000000000
4.4081632653 0.0000000000
4.4122448980 0.0000000000
4.4163265306 0.0000000000
4.4204081633 0.0000000000
4.4244897959 0.0000000000
4.4285714286 0.0000000000
4.4326530612 0.0000000000
4.4367346939 0.0000000000
4.4408163265 0.0000000000
4.4448979592 0.0000000000
4.4489795918 0.0000000000
4.4530612245 0.0000000000
4.4571428571 0.0000000000
4.4612244898 0.0000000000
4.4653061224 0.0000000000
4.4693877551 0.0000000000
4.4734693878 0.0000000000
4.4775510204 0.0000000000
4.4816326531 0.0000000000
4.4857142857 0.0000000000
4.4897959184 0.0000000000
4.4938775510 0.0000000000
4.4979591837 0.0000000000
4.5020408163 0.0000000000
4.5061224490 0.0000000000
4.5102040816 0.0000000000
4.5142857143 0.0000000000
4.5183673469 0.0000000000
4.5224489796 1.6329288483
4.5265306122 13.3605003357
4.5306122449 87.8747100830
4.5346938776 121.7565612793
4.5387755102 139.0368804932
4.5428571429 125.6058959961
4.5469387755 104.0455017090
4.5510204082 87.1090621948
4.5551020408 80.4008178711
4.5591836735 55.6490478516
4.5632653061 35.2868728638
4.5673469388 13.6421318054
4.5714285714 5.1523447037
4.5755102041 4.9061775208
4.5795918367 0.0000000000
4.5836734694 0.0000000000
4.5877551020 0.0000000000
4.5918367347 0.0000000000
4.5959183673 0.0000000000
4.6000000000 0.0000000000
4.6040816327 0.0000000000
4.6081632653 0.0000000000
4.6122448980 0.0000000000
4.6163265306 0.0000000000
4.6204081633 0.0000000000
4.6244897959 0.0000000000
4.6285714286 0.0000000000
4.6326530612 0.0000000000
4.6367346939 0.0000000000
4.6408163265 0.0000000000
4.6448979592 0.0000000000
4.6489795918 0.0000000000
4.6530612245 0.0000000000
4.6571428571 0.0000000000
4.6612244898 0.0000000000
4.6653061224 0.0000000000
4.6693877551 0.0000000000
4.6734693878 0.0000000000
4.6775510204 0.0000000000
4.6816326531 0.0000000000
4.6857142857 0.0000000000
4.6897959184 0.0000000000
4.6938775510 0.0000000000
4.6979591837 0.0000000000
4.7020408163 0.0000000000
4.7061224490 0.0000000000
4.7102040816 0.0000000000
4.7142857143 0.0000000000
4.7183673469 0.0000000000
4.7224489796 0.0000000000
4.7265306122 8.5230464935
4.7306122449 12.4211902618
4.7346938776 16.5507488251
4.7387755102 42.9683609009
4.7428571429 73.2887115479
4.7469387755 104.9109725952
4.7510204082 126.3606796265
4.7551020408 111.5587234497
4.7591836735 93.9824523926
4.7632653061 72.6699981689
4.7673469388 56.5597991943
4.7714285714 40.0769119263
4.7755102041 21.3891258240
4.7795918367 9.7860097885
4.7836734694 0.0000000000
4.7877551020 0.0000000000
4.7918367347 0.0000000000
4.7959183673 0.0000000000
4.8000000000 0.0000000000
4.8040816327 0.0000000000
4.8081632653 0.0000000000
4.8122448980 0.0000000000
4.8163265306 0.0000000000
4.8204081633 0.0000000000
4.8244897959 0.0000000000
4.8285714286 0.0000000000
4.8326530612 0.0000000000
4.8367346939 0.0000000000
4.8408163265 0.0000000000
4.8448979592 0.0000000000
4.8489795918 0.0000000000
4.8530612245 0.0000000000
4.8571428571 0.0000000000
4.8612244898 0.0000000000
4.8653061224 0.0000000000
4.8693877551 0.0000000000
4.8734693878 0.0000000000
4.8775510204 0.0000000000
4.8816326531 0.0000000000
4.8857142857 0.0000000000
4.8897959184 0.0000000000
4.8938775510 0.0000000000
4.8979591837 0.0000000000
4.9020408163 0.0000000000
4.9061224490 0.0000000000
4.9102040816 0.0000000000
4.9142857143 0.0000000000
4.9183673469 0.0000000000
4.9224489796 0.0000000000
4.9265306122 0.0000000000
4.9306122449 1.5919804573
4.9346938776 7.0310831070
4.9387755102 9.3791484833
4.9428571429 17.2948246002
4.9469387755 22.5959281921
4.9510204082 34.0180397034
4.9551020408 41.0132408142
4.9591836735 48.5925674438
4.9632653061 57.7882537842
4.9673469388 58.4380035400
4.9714285714 48.0306472778
4.9755102041 31.8737030029
4.9795918367 18.3286361694
4.9836734694 0.0000000000
4.9877551020 0.0000000000
4.9918367347 0.0000000000
4.9959183673 0.0000000000
5.0000000000 0.0000000000
5.0040816327 0.0000000000
5.0081632653 0.0000000000
5.0122448980 0.0000000000
5.0163265306 0.0000000000
5.0204081633 0.0000000000
5.0244897959 0.0000000000
5.0285714286 0.0000000000
5.0326530612 0.0000000000
5.0367346939 0.0000000000
5.0408163265 0.0000000000
5.0448979592 0.0000000000
5.0489795918 14.2655668259
5.0530612245 76.4166412354
5.0571428571 145.0297241211
5.0612244898 176.9693603516
5.0653061224 176.1986083984
5.0693877551 170.4219665527
5.0734693878 133.6020202637
5.0775510204 106.6803283691
5.0816326531 83.8181991577
5.0857142857 60.4608688354
5.0897959184 38.4151763916
5.0938775510 35.4161987305
5.0979591837 21.9132461548
5.1020408163 5.9211888313
5.1061224490 1.8434971571
5.1102040816 0.4465579987
5.1142857143 0.0000000000
5.1183673469 0.0000000000
5.1224489796 0.2143681049
5.1265306122 0.1257658005
5.1306122449 0.0000000000
5.1346938776 0.0000000000
5.1387755102 0.0000000000
5.1428571429 0.0000000000
5.1469387755 0.0000000000
5.1510204082 0.0000000000
5.1551020408 7.6474490166
5.1591836735 24.1354198456
5.1632653061 45.1041831970
5.1673469388 73.0835037231
5.1714285714 100.1330871582
5.1755102041 80.1825561523
5.1795918367 69.6465911865
5.1836734694 59.9256134033
5.1877551020 45.7994918823
5.1918367347 27.1655921936
5.1959183673 8.0564613342
5.2000000000 0.0000000000
5.2040816327 0.0000000000
5.2081632653 0.0000000000
5.2122448980 0.0000000000
5.2163265306 0.0000000000
5.2204081633 0.0000000000
5.2244897959 0.0000000000
5.2285714286 0.0000000000
5.2326530612 0.0000000000
5.2367346939 0.0000000000
5.2408163265 0.0000000000
5.2448979592 0.0000000000
5.2489795918 0.0000000000
5.2530612245 0.0000000000
5.2571428571 0.0000000000
5.2612244898 0.0000000000
5.2653061224 0.0000000000
5.2693877551 0.0000000000
5.2734693878 0.0000000000
5.2775510204 0.0000000000
5.2816326531 0.0000000000
5.2857142857 0.0000000000
5.2897959184 0.0000000000
5.2938775510 0.0000000000
5.2979591837 0.0000000000
5.3020408163 0.0000000000
5.3061224490 0.0000000000
5.3102040816 0.0000000000
5.3142857143 0.0000000000
5.3183673469 0.0000000000
5.3224489796 0.0000000000
5.3265306122 0.0000000000
5.3306122449 0.0000000000
5.3346938776 0.0000000000
5.3387755102 0.0000000000
5.3428571429 0.0000000000
5.3469387755 0.0000000000
5.3510204082 0.0000000000
5.3551020408 0.0000000000
5.3591836735 0.0000000000
5.3632653061 0.0000000000
5.3673469388 0.0000000000
5.3714285714 0.0000000000
5.3755102041 0.0000000000
5.3795918367 0.0000000000
5.3836734694 15.4086351395
5.3877551020 38.3349647522
5.3918367347 80.6417846680
5.3959183673 130.1272888184
5.4000000000 128.7279052734
5.4040816327 96.5598831177
5.4081632653 65.9667282104
5.4122448980 46.3196640015
5.4163265306 29.7288894653
5.4204081633 21.5725307465
5.4244897959 16.7271499634
5.4285714286 5.8026313782
5.4326530612 0.0000000000
5.4367346939 0.0000000000
5.4408163265 0.0000000000
5.4448979592 0.0000000000
5.4489795918 0.0000000000
5.4530612245 0.0000000000
5.4571428571 0.0000000000
5.4612244898 0.0000000000
5.4653061224 0.0000000000
5.4693877551 0.0000000000
5.4734693878 0.0000000000
5.4775510204 0.0000000000
5.4816326531 0.0000000000
5.4857142857 0.0000000000
5.4897959184 0.0000000000
5.4938775510 0.0000000000
5.4979591837 0.0000000000
5.5020408163 0.0000000000
5.5061224490 0.0000000000
5.5102040816 0.0000000000
5.5142857143 0.0000000000
5.5183673469 0.0000000000
5.5224489796 0.2661943436
5.5265306122 0.0340938568
5.5306122449 0.2341270447
5.5346938776 0.0000000000
5.5387755102 0.0000000000
5.5428571429 0.0000000000
5.5469387755 0.0000000000
5.5510204082 0.0000000000
5.5551020408 0.0000000000
5.5591836735 0.0000000000
5.5632653061 0.0000000000
5.5673469388 0.0000000000
5.5714285714 0.0000000000
5.5755102041 0.0000000000
5.5795918367 3.6667287350
5.5836734694 24.7142906189
5.5877551020 64.2196273804
5.5918367347 92.4579772949
5.5959183673 114.5031967163
5.6000000000 106.5510253906
5.6040816327 93.5541000366
5.6081632653 73.0977630615
5.6122448980 58.6963577271
5.6163265306 35.5956993103
5.6204081633 13.0494098663
5.6244897959 0.3649592400
5.6285714286 0.0000000000
5.6326530612 0.0000000000
5.6367346939 0.0000000000
5.6408163265 0.0000000000
5.6448979592 0.0000000000
5.6489795918 0.0000000000
5.6530612245 0.0000000000
5.6571428571 0.0000000000
5.6612244898 0.0000000000
5.6653061224 0.0000000000
5.6693877551 0.0000000000
5.6734693878 0.0000000000
5.6775510204 0.0000000000
5.6816326531 0.0000000000
5.6857142857 0.0000000000
5.6897959184 0.0000000000
5.6938775510 0.0000000000
5.6979591837 0.0000000000
5.7020408163 0.0000000000
5.7061224490 0.0000000000
5.7102040816 0.0000000000
5.7142857143 0.0000000000
5.7183673469 0.0000000000
5.7224489796 0.0000000000
5.7265306122 0.0000000000
5.7306122449 0.0000000000
5.7346938776 0.0000000000
5.7387755102 0.0000000000
5.7428571429 0.0000000000
5.7469387755 0.0000000000
5.7510204082 0.0000000000
5.7551020408 0.0000000000
5.7591836735 0.0000000000
5.7632653061 0.0000000000
5.7673469388 0.0000000000
5.7714285714 0.0000000000
5.7755102041 0.0000000000
5.7795918367 0.0000000000
5.7836734694 15.9096717834
5.7877551020 86.7868652344
5.7918367347 143.0692749023
5.7959183673 158.2156372070
5.8000000000 149.8419647217
5.8040816327 120.0032958984
5.8081632653 97.0646286011
5.8122448980 75.7299499512
5.8163265306 60.6468315125
5.8204081633 55.6453857422
5.8244897959 44.7248458862
5.8285714286 26.4416770935
5.8326530612 9.7217826843
5.8367346939 0.0000000000
5.8408163265 0.0000000000
5.8448979592 0.0000000000
5.8489795918 0.0000000000
5.8530612245 0.0000000000
5.8571428571 0.0000000000
5.8612244898 0.0000000000
5.8653061224 0.0000000000
5.8693877551 2.0321607590
5.8734693878 0.0000000000
5.8775510204 0.0000000000
5.8816326531 10.4243898392
5.8857142857 15.8596487045
5.8897959184 4.1060299873
5.8938775510 0.0000000000
5.8979591837 0.0000000000
5.9020408163 0.0000000000
5.9061224490 3.2016038895
5.9102040816 3.9235353470
5.9142857143 3.9419384003
5.9183673469 3.3353567123
5.9224489796 0.0000000000
5.9265306122 0.0000000000
5.9306122449 0.0000000000
5.9346938776 0.0000000000
5.9387755102 0.0000000000
5.9428571429 0.0000000000
5.9469387755 0.0000000000
5.9510204082 0.0000000000
5.9551020408 0.0000000000
5.9591836735 0.2799630165
5.9632653061 2.8572380543
5.9673469388 2.8488302231
5.9714285714 4.9688072205
5.9755102041 4.9404501915
5.9795918367 8.4482727051
5.9836734694 22.5725765228
5.9877551020 41.2597198486
5.9918367347 55.9591674805
5.9959183673 64.9536590576
6.0000000000 68.7468338013
6.0040816327 64.1630325317
6.0081632653 53.3014755249
6.0122448980 46.2241592407
6.0163265306 41.7721862793
6.0204081633 30.9734840393
6.0244897959 23.1655368805
6.0285714286 10.5238409042
6.0326530612 2.5337338448
6.0367346939 0.0000000000
6.0408163265 0.0000000000
6.0448979592 0.0000000000
6.0489795918 0.0000000000
6.0530612245 0.0000000000
6.0571428571 0.0000000000
6.0612244898 0.0000000000
6.0653061224 0.0000000000
6.0693877551 0.0000000000
6.0734693878 0.0000000000
6.0775510204 0.0000000000
6.0816326531 0.0000000000
6.0857142857 0.0000000000
6.0897959184 0.0000000000
6.0938775510 0.0000000000
6.0979591837 0.0000000000
6.1020408163 0.0000000000
6.1061224490 0.0000000000
6.1102040816 0.0000000000
6.1142857143 0.0000000000
6.1183673469 0.0000000000
6.1224489796 0.0000000000
6.1265306122 0.0000000000
6.1306122449 0.0000000000
6.1346938776 0.0000000000
6.1387755102 0.0000000000
6.1428571429 0.0000000000
6.1469387755 0.0000000000
6.1510204082 0.0000000000
6.1551020408 0.0000000000
6.1591836735 0.0000000000
6.1632653061 0.0000000000
6.1673469388 0.0000000000
6.1714285714 0.0000000000
6.1755102041 0.0000000000
6.1795918367 0.0000000000
6.1836734694 0.0000000000
6.1877551020 0.0000000000
6.1918367347 0.0000000000
6.1959183673 28.7339401245
6.2000000000 59.8728637695
6.2040816327 65.1687698364
6.2081632653 75.5546722412
6.2122448980 73.3509063721
6.2163265306 72.2578735352
6.2204081633 54.2618637085
6.2244897959 34.4795875549
6.2285714286 13.9406776428
6.2326530612 5.2920579910
6.2367346939 7.0879011154
6.2408163265 5.4303407669
6.2448979592 1.4176368713
6.2489795918 0.0000000000
6.2530612245 0.0000000000
6.2571428571 0.0000000000
6.2612244898 0.0000000000
6.2653061224 0.0000000000
6.2693877551 0.0000000000
6.2734693878 0.0000000000
6.2775510204 0.0000000000
6.2816326531 3.0087158680
6.2857142857 0.6616115570
6.2897959184 2.4213864803
6.2938775510 2.1326394081
6.2979591837 1.3401359320
6.3020408163 0.0000000000
6.3061224490 0.0000000000
6.3102040816 4.7754049301
6.3142857143 1.8161535263
6.3183673469 0.0000000000
6.3224489796 0.0000000000
6.3265306122 0.0000000000
6.3306122449 0.0000000000
6.3346938776 0.0000000000
6.3387755102 0.0000000000
6.3428571429 0.0000000000
6.3469387755 0.0000000000
6.3510204082 0.0000000000
6.3551020408 0.0000000000
6.3591836735 0.0000000000
6.3632653061 0.0000000000
6.3673469388 0.0000000000
6.3714285714 0.0000000000
6.3755102041 1.4088153839
6.3795918367 0.0000000000
6.3836734694 7.7223482132
6.3877551020 20.1589164734
6.3918367347 49.1442375183
6.3959183673 53.3389511108
6.4000000000 49.7313003540
6.4040816327 44.5666885376
6.4081632653 34.4779510498
6.4122448980 14.7976570129
6.4163265306 10.2981929779
6.4204081633 0.0000000000
6.4244897959 0.0000000000
6.4285714286 0.0000000000
6.4326530612 0.0000000000
6.4367346939 0.0000000000
6.4408163265 0.0000000000
6.4448979592 0.0000000000
6.4489795918 0.0000000000
6.4530612245 0.0000000000
6.4571428571 0.0000000000
6.4612244898 0.0000000000
6.4653061224 0.0000000000
6.4693877551 0.0000000000
6.4734693878 0.0000000000
6.4775510204 0.0000000000
6.4816326531 0.0000000000
6.4857142857 0.0000000000
6.4897959184 0.0000000000
6.4938775510 0.0000000000
6.4979591837 0.0000000000
6.5020408163 0.0000000000
6.5061224490 0.0000000000
6.5102040816 0.0000000000
6.5142857143 0.0000000000
6.5183673469 0.0000000000
6.5224489796 0.0000000000
6.5265306122 0.0000000000
6.5306122449 0.0000000000
6.5346938776 0.0000000000
6.5387755102 0.0000000000
6.5428571429 0.0000000000
6.5469387755 0.0000000000
6.5510204082 0.0000000000
6.5551020408 0.0000000000
6.5591836735 0.0000000000
6.5632653061 0.0000000000
6.5673469388 0.0000000000
6.5714285714 0.0000000000
6.5755102041 0.0000000000
6.5795918367 0.0000000000
6.5836734694 17.0787582397
6.5877551020 67.3574142456
6.5918367347 132.2393798828
6.5959183673 155.8365783691
6.6000000000 169.6501312256
6.6040816327 157.2508239746
6.6081632653 132.9772033691
6.6122448980 104.1010131836
6.6163265306 76.8896636963
6.6204081633 51.5143737793
6.6244897959 27.8988780975
6.6285714286 9.1474800110
6.6326530612 0.0000000000
6.6367346939 0.0000000000
6.6408163265 0.0000000000
6.6448979592 0.0000000000
6.6489795918 0.0000000000
6.6530612245 0.0000000000
6.6571428571 0.0000000000
6.6612244898 0.0000000000
6.6653061224 0.0000000000
6.6693877551 0.0000000000
6.6734693878 0.0000000000
6.6775510204 0.0000000000
6.6816326531 0.0000000000
6.6857142857 0.0000000000
6.6897959184 0.0000000000
6.6938775510 0.0000000000
6.6979591837 1.2872219086
6.7020408163 19.9142684937
6.7061224490 24.8590106964
6.7102040816 18.1507053375
6.7142857143 12.1203660965
6.7183673469 3.5668611526
6.7224489796 0.0000000000
6.7265306122 0.0000000000
6.7306122449 0.0000000000
6.7346938776 0.0000000000
6.7387755102 0.0000000000
6.7428571429 0.0000000000
6.7469387755 0.0000000000
6.7510204082 0.0000000000
6.7551020408 0.0000000000
6.7591836735 0.0000000000
6.7632653061 0.0000000000
6.7673469388 0.0000000000
6.7714285714 0.0000000000
6.7755102041 0.0000000000
6.7795918367 0.0000000000
6.7836734694 0.0000000000
6.7877551020 29.8385620117
6.7918367347 93.3343811035
6.7959183673 117.9295654297
6.8000000000 120.2032012939
6.8040816327 125.0672607422
6.8081632653 108.6378326416
6.8122448980 86.5562438965
6.8163265306 61.3062515259
6.8204081633 51.5380821228
6.8244897959 33.5209312439
6.8285714286 16.4557247162
6.8326530612 7.5080394745
6.8367346939 0.0000000000
6.8408163265 0.0000000000
6.8448979592 0.0000000000
6.8489795918 0.0000000000
6.8530612245 0.0000000000
6.8571428571 0.0000000000
6.8612244898 0.0000000000
6.8653061224 0.0000000000
6.8693877551 0.0000000000
6.8734693878 0.0000000000
6.8775510204 0.0000000000
6.8816326531 0.0000000000
6.8857142857 0.0000000000
6.8897959184 0.0000000000
6.8938775510 0.0000000000
6.8979591837 0.0000000000
6.9020408163 0.0000000000
6.9061224490 0.0000000000
6.9102040816 0.0000000000
6.9142857143 0.0000000000
6.9183673469 0.0000000000
6.9224489796 0.0000000000
6.9265306122 0.0000000000
6.9306122449 0.0000000000
6.9346938776 0.0000000000
6.9387755102 0.0000000000
6.9428571429 0.0000000000
6.9469387755 0.0000000000
6.9510204082 0.0000000000
6.9551020408 0.0000000000
6.9591836735 0.0000000000
6.9632653061 0.0000000000
6.9673469388 0.0000000000
6.9714285714 0.0000000000
6.9755102041 0.0000000000
6.9795918367 6.0367288589
6.9836734694 16.5553092957
6.9877551020 35.2257194519
6.9918367347 55.9377670288
6.9959183673 88.9134368896
7.0000000000 127.7984161377
7.0040816327 132.4048461914
7.0081632653 111.6340637207
7.0122448980 89.1557769775
7.0163265306 64.5650329590
7.0204081633 45.7170181274
7.0244897959 22.9857959747
7.0285714286 3.3344850540
7.0326530612 0.0000000000
7.0367346939 0.0000000000
7.0408163265 0.0000000000
7.0448979592 0.0000000000
7.0489795918 0.0000000000
7.0530612245 0.0000000000
7.0571428571 0.0000000000
7.0612244898 0.0000000000
7.0653061224 0.0000000000
7.0693877551 0.0000000000
7.0734693878 0.0000000000
7.0775510204 0.0000000000
7.0816326531 0.0000000000
7.0857142857 0.0000000000
7.0897959184 0.0000000000
7.0938775510 0.0000000000
7.0979591837 0.0000000000
7.1020408163 0.0000000000
7.1061224490 0.0000000000
7.1102040816 0.0000000000
7.1142857143 0.0000000000
7.1183673469 0.0000000000
7.1224489796 0.0000000000
7.1265306122 0.0000000000
7.1306122449 0.0000000000
7.1346938776 0.0000000000
7.1387755102 0.0000000000
7.1428571429 0.0000000000
7.1469387755 0.0000000000
7.1510204082 0.0000000000
7.1551020408 0.0000000000
7.1591836735 0.0000000000
7.1632653061 0.0000000000
7.1673469388 0.0000000000
7.1714285714 0.0000000000
7.1755102041 0.0000000000
7.1795918367 0.0000000000
7.1836734694 0.0000000000
7.1877551020 0.0000000000
7.1918367347 0.7110238075
7.1959183673 9.5244045258
7.2000000000 25.4828414917
7.2040816327 34.4152374268
7.2081632653 58.1102600098
7.2122448980 101.0873336792
7.2163265306 103.8136749268
7.2204081633 88.5392456055
7.2244897959 72.4536743164
7.2285714286 57.9684066772
7.2326530612 49.7069473267
7.2367346939 50.6548271179
7.2408163265 47.3485565186
7.2448979592 44.2069778442
7.2489795918 41.1052093506
7.2530612245 36.4272613525
7.2571428571 34.3044242859
7.2612244898 31.3500213623
7.2653061224 32.5335922241
7.2693877551 30.9586143494
7.2734693878 26.1243991852
7.2775510204 14.6621694565
7.2816326531 4.5867710114
7.2857142857 10.2099332809
7.2897959184 7.6046547890
7.2938775510 5.5698490143
7.2979591837 4.0764007568
7.3020408163 6.5927124023
7.3061224490 4.1104240417
7.3102040816 4.2076640129
7.3142857143 2.0260813236
7.3183673469 1.3938169479
7.3224489796 0.6722751856
7.3265306122 0.4228190482
7.3306122449 0.0000000000
7.3346938776 0.0000000000
7.3387755102 0.0000000000
7.3428571429 0.0000000000
7.3469387755 0.0000000000
7.3510204082 0.0000000000
7.3551020408 0.0000000000
7.3591836735 0.0000000000
7.3632653061 0.0000000000
7.3673469388 0.0000000000
7.3714285714 0.0000000000
7.3755102041 0.0000000000
7.3795918367 0.0000000000
7.3836734694 0.0000000000
7.3877551020 0.0000000000
7.3918367347 0.0000000000
7.3959183673 0.0000000000
7.4000000000 0.0000000000
7.4040816327 0.0000000000
7.4081632653 0.0000000000
7.4122448980 0.0000000000
7.4163265306 0.0000000000
7.4204081633 9.4815196991
7.4244897959 15.2425613403
7.4285714286 20.0550708771
7.4326530612 13.5621128082
7.4367346939 17.5793323517
7.4408163265 17.8165740967
7.4448979592 17.7211456299
7.4489795918 8.4358749390
7.4530612245 6.0878396034
7.4571428571 11.8831691742
7.4612244898 6.5244622231
7.4653061224 2.2579431534
7.4693877551 0.0000000000
7.4734693878 0.0000000000
7.4775510204 0.0000000000
7.4816326531 0.0000000000
7.4857142857 0.0000000000
7.4897959184 0.0000000000
7.4938775510 0.0000000000
7.4979591837 2.1219253540
7.5020408163 1.0256767273
7.5061224490 10.9714269638
7.5102040816 13.1033658981
7.5142857143 21.0399665833
7.5183673469 28.9527893066
7.5224489796 34.3300170898
7.5265306122 32.7653884888
7.5306122449 27.9192810059
7.5346938776 21.0337600708
7.5387755102 3.7366580963
7.5428571429 0.0000000000
7.5469387755 0.0000000000
7.5510204082 0.0000000000
7.5551020408 0.0000000000
7.5591836735 0.0000000000
7.5632653061 0.0000000000
7.5673469388 0.0000000000
7.5714285714 0.0000000000
7.5755102041 0.0000000000
7.5795918367 0.0000000000
7.5836734694 0.0000000000
7.5877551020 0.0000000000
7.5918367347 0.0000000000
7.5959183673 0.0000000000
7.6000000000 0.0000000000
7.6040816327 0.0000000000
7.6081632653 0.0000000000
7.6122448980 0.0000000000
7.6163265306 7.0389957428
7.6204081633 15.5116615295
7.6244897959 23.0938644409
7.6285714286 30.6285018921
7.6326530612 38.0270614624
7.6367346939 40.3245620728
7.6408163265 34.4099540710
7.6448979592 22.6911392212
7.6489795918 9.0582666397
7.6530612245 8.9021177292
7.6571428571 2.9804110527
7.6612244898 2.8030872345
7.6653061224 0.0000000000
7.6693877551 2.1138191223
7.6734693878 4.6248211861
7.6775510204 5.7351589203
7.6816326531 2.6593804359
7.6857142857 0.0000000000
7.6897959184 0.0000000000
7.6938775510 0.0000000000
7.6979591837 0.0000000000
7.7020408163 0.0000000000
7.7061224490 0.0000000000
7.7102040816 0.0000000000
7.7142857143 0.0000000000
7.7183673469 0.0000000000
7.7224489796 0.0000000000
7.7265306122 0.0000000000
7.7306122449 0.0000000000
7.7346938776 0.0000000000
7.7387755102 0.0000000000
7.7428571429 0.0000000000
7.7469387755 0.0000000000
7.7510204082 0.0000000000
7.7551020408 0.0000000000
7.7591836735 0.0000000000
7.7632653061 0.0000000000
7.7673469388 0.0000000000
7.7714285714 0.0000000000
7.7755102041 0.0000000000
7.7795918367 0.0000000000
7.7836734694 0.0000000000
7.7877551020 0.0000000000
7.7918367347 0.0000000000
7.7959183673 0.0000000000
7.8000000000 0.0000000000
7.8040816327 0.0000000000
7.8081632653 0.0000000000
7.8122448980 0.0000000000
7.8163265306 0.0000000000
7.8204081633 0.0000000000
7.8244897959 0.0000000000
7.8285714286 2.0189285278
7.8326530612 6.4227581024
7.8367346939 13.2243633270
7.8408163265 47.9555130005
7.8448979592 83.3007659912
7.8489795918 110.7252655029
7.8530612245 101.4764862061
7.8571428571 83.8873519897
7.8612244898 66.8079605103
7.8653061224 61.0525894165
7.8693877551 45.7173614502
7.8734693878 30.1193008423
7.8775510204 15.3494777679
7.8816326531 5.0753803253
7.8857142857 0.0000000000
7.8897959184 0.0000000000
7.8938775510 0.0000000000
7.8979591837 0.0000000000
7.9020408163 0.0000000000
7.9061224490 0.0000000000
7.9102040816 0.0000000000
7.9142857143 0.0000000000
7.9183673469 0.0000000000
7.9224489796 0.0000000000
7.9265306122 0.0000000000
7.9306122449 0.0000000000
7.9346938776 0.0000000000
7.9387755102 0.0000000000
7.9428571429 0.0000000000
7.9469387755 0.0000000000
7.9510204082 0.0000000000
7.9551020408 0.0000000000
7.9591836735 0.0000000000
7.9632653061 0.0000000000
7.9673469388 0.0000000000
7.9714285714 0.0000000000
7.9755102041 0.0000000000
7.9795918367 0.0000000000
7.9836734694 0.0000000000
7.9877551020 0.0000000000
7.9918367347 0.0000000000
7.9959183673 0.0000000000
8.0000000000 0.0000000000
8.0040816327 0.0000000000
8.0081632653 0.0000000000
8.0122448980 0.0000000000
8.0163265306 0.7623285055
8.0204081633 0.0000000000
8.0244897959 2.2491216660
8.0285714286 5.8253407478
8.0326530612 11.1840667725
8.0367346939 32.1064147949
8.0408163265 46.4500350952
8.0448979592 58.1330642700
8.0489795918 66.8223800659
8.0530612245 56.1247329712
8.0571428571 42.2198104858
8.0612244898 24.3529014587
8.0653061224 6.6567063332
8.0693877551 0.0000000000
8.0734693878 0.0000000000
8.0775510204 0.0000000000
8.0816326531 0.0000000000
8.0857142857 0.0000000000
8.0897959184 0.0000000000
8.0938775510 0.0000000000
8.0979591837 0.0000000000
8.1020408163 0.0000000000
8.1061224490 0.0000000000
8.1102040816 0.0000000000
8.1142857143 0.0000000000
8.1183673469 0.0000000000
8.1224489796 0.0000000000
8.1265306122 0.0000000000
8.1306122449 0.0000000000
8.1346938776 0.0000000000
8.1387755102 0.0000000000
8.1428571429 0.0000000000
8.1469387755 0.0000000000
8.1510204082 0.0000000000
8.1551020408 0.0000000000
8.1591836735 0.0000000000
8.1632653061 0.0000000000
8.1673469388 2.6455521584
8.1714285714 6.7240595818
8.1755102041 6.5338611603
8.1795918367 8.6661872864
8.1836734694 6.5400600433
8.1877551020 0.0973343849
8.1918367347 0.0000000000
8.1959183673 0.0000000000
8.2000000000 0.0000000000
8.2040816327 0.0000000000
8.2081632653 0.0000000000
8.2122448980 0.0000000000
8.2163265306 0.0000000000
8.2204081633 0.0000000000
8.2244897959 0.0000000000
8.2285714286 0.0000000000
8.2326530612 0.0000000000
8.2367346939 0.0000000000
8.2408163265 7.5864791870
8.2448979592 9.1600418091
8.2489795918 13.3621101379
8.2530612245 10.4345684052
8.2571428571 8.4443387985
8.2612244898 13.8147182465
8.2653061224 13.1799583435
8.2693877551 9.5121564865
8.2734693878 4.8635601997
8.2775510204 3.5610198975
8.2816326531 0.0000000000
8.2857142857 0.0000000000
8.2897959184 0.0000000000
8.2938775510 0.0000000000
8.2979591837 0.6017088890
8.3020408163 0.9196996689
8.3061224490 1.1093392372
8.3102040816 2.5103390217
8.3142857143 0.0000000000
8.3183673469 0.0000000000
8.3224489796 0.0000000000
8.3265306122 0.0000000000
8.3306122449 0.0000000000
8.3346938776 0.0000000000
8.3387755102 0.0000000000
8.3428571429 0.0000000000
8.3469387755 1.7555952072
8.3510204082 0.0440478325
8.3551020408 0.0000000000
8.3591836735 0.0000000000
8.3632653061 0.0000000000
8.3673469388 0.0000000000
8.3714285714 0.0000000000
8.3755102041 0.0000000000
8.3795918367 0.0000000000
8.3836734694 0.0000000000
8.3877551020 0.0000000000
8.3918367347 0.0000000000
8.3959183673 0.0000000000
8.4000000000 0.0000000000
8.4040816327 0.0000000000
8.4081632653 0.0000000000
8.4122448980 0.0000000000
8.4163265306 0.0000000000
8.4204081633 0.0000000000
8.4244897959 0.0000000000
8.4285714286 0.0000000000
8.4326530612 0.0000000000
8.4367346939 0.1314282417
8.4408163265 0.0000000000
8.4448979592 0.0000000000
8.4489795918 0.0000000000
8.4530612245 2.1560192108
8.4571428571 8.2252025604
8.4612244898 39.4617042542
8.4653061224 66.9473876953
8.4693877551 122.0099029541
8.4734693878 143.2661437988
8.4775510204 135.4108581543
8.4816326531 111.9033966064
8.4857142857 85.8727722168
8.4897959184 64.6002349854
8.4938775510 49.2387046814
8.4979591837 33.5447998047
8.5020408163 15.1571483612
8.5061224490 0.0000000000
8.5102040816 0.0000000000
8.5142857143 0.0000000000
8.5183673469 0.0000000000
8.5224489796 0.0000000000
8.5265306122 0.0000000000
8.5306122449 0.0000000000
8.5346938776 0.0000000000
8.5387755102 0.0000000000
8.5428571429 0.0000000000
8.5469387755 0.0000000000
8.5510204082 0.0000000000
8.5551020408 0.0000000000
8.5591836735 0.0000000000
8.5632653061 0.0000000000
8.5673469388 0.0000000000
8.5714285714 0.0000000000
8.5755102041 0.0000000000
8.5795918367 0.0000000000
8.5836734694 0.0000000000
8.5877551020 0.0655353069
8.5918367347 9.6575622559
8.5959183673 19.8155651093
8.6000000000 20.5048923492
8.6040816327 17.6866054535
8.6081632653 16.8519020081
8.6122448980 12.3484134674
8.6163265306 1.8876343966
8.6204081633 0.0000000000
8.6244897959 0.0000000000
8.6285714286 0.0000000000
8.6326530612 0.0000000000
8.6367346939 0.0000000000
8.6408163265 0.0000000000
8.6448979592 0.0000000000
8.6489795918 0.0000000000
8.6530612245 0.0000000000
8.6571428571 0.0000000000
8.6612244898 0.0000000000
8.6653061224 0.5841031671
8.6693877551 12.5609636307
8.6734693878 45.4073257446
8.6775510204 79.8952026367
8.6816326531 81.6161651611
8.6857142857 76.5160369873
8.6897959184 66.4403991699
8.6938775510 47.1395568848
8.6979591837 35.3600082397
8.7020408163 24.9759407043
8.7061224490 13.7467679977
8.7102040816 1.9492357969
8.7142857143 0.0000000000
8.7183673469 0.0000000000
8.7224489796 0.0000000000
8.7265306122 0.0000000000
8.7306122449 0.0000000000
8.7346938776 0.0000000000
8.7387755102 0.0000000000
8.7428571429 0.0000000000
8.7469387755 0.0000000000
8.7510204082 0.0000000000
8.7551020408 0.0000000000
8.7591836735 0.0000000000
8.7632653061 0.0000000000
8.7673469388 0.0000000000
8.7714285714 0.0618696213
8.7755102041 0.0000000000
8.7795918367 0.0000000000
8.7836734694 0.0000000000
8.7877551020 0.0000000000
8.7918367347 0.0000000000
8.7959183673 0.0000000000
8.8000000000 0.0000000000
8.8040816327 0.0000000000
8.8081632653 0.0000000000
8.8122448980 0.0000000000
8.8163265306 0.0000000000
8.8204081633 0.0000000000
8.8244897959 0.0000000000
8.8285714286 0.0000000000
8.8326530612 0.0000000000
8.8367346939 0.0000000000
8.8408163265 0.0000000000
8.8448979592 0.0000000000
8.8489795918 0.0000000000
8.8530612245 0.0000000000
8.8571428571 0.0000000000
8.8612244898 0.0000000000
8.8653061224 0.0000000000
8.8693877551 4.1218700409
8.8734693878 26.2587070465
8.8775510204 56.8365440369
8.8816326531 63.9095001221
8.8857142857 70.1553802490
8.8897959184 71.1215972900
8.8938775510 56.0885467529
8.8979591837 46.0440902710
8.9020408163 33.3183555603
8.9061224490 19.0650520325
8.9102040816 4.4274034500
8.9142857143 0.0000000000
8.9183673469 0.0000000000
8.9224489796 0.0000000000
8.9265306122 0.0000000000
8.9306122449 0.0000000000
8.9346938776 0.0000000000
8.9387755102 0.0000000000
8.9428571429 2.9358267784
8.9469387755 1.8516778946
8.9510204082 0.7219016552
8.9551020408 5.0173997879
8.9591836735 13.4317274094
8.9632653061 14.0656232834
8.9673469388 12.9344463348
8.9714285714 12.5619773865
8.9755102041 9.2900991440
8.9795918367 7.4919757843
8.9836734694 5.8058500290
8.9877551020 0.0000000000
8.9918367347 0.0000000000
8.9959183673 0.0000000000
9.0000000000 0.0000000000
9.0040816327 0.0000000000
9.0081632653 0.0000000000
9.0122448980 0.0000000000
9.0163265306 0.0000000000
9.0204081633 0.0000000000
9.0244897959 0.0000000000
9.0285714286 0.0000000000
9.0326530612 0.0000000000
9.0367346939 0.0000000000
9.0408163265 0.0000000000
9.0448979592 0.0000000000
9.0489795918 0.0000000000
9.0530612245 0.0000000000
9.0571428571 0.0000000000
9.0612244898 0.0000000000
9.0653061224 0.0000000000
9.0693877551 0.0000000000
9.0734693878 0.0000000000
9.0775510204 26.2115974426
9.0816326531 82.3129730225
9.0857142857 147.5671539307
9.0897959184 197.6654815674
9.0938775510 169.5079193115
9.0979591837 145.7954101562
9.1020408163 117.0085525513
9.1061224490 92.4049911499
9.1102040816 71.2386016846
9.1142857143 50.3812408447
9.1183673469 28.2116832733
9.1224489796 10.7798871994
9.1265306122 1.3113021851
9.1306122449 0.0000000000
9.1346938776 3.0192136765
9.1387755102 0.0000000000
9.1428571429 0.0000000000
9.1469387755 0.0000000000
9.1510204082 0.0000000000
9.1551020408 0.0000000000
9.1591836735 0.0000000000
9.1632653061 0.0000000000
9.1673469388 0.0000000000
9.1714285714 0.0000000000
9.1755102041 0.0000000000
9.1795918367 0.0000000000
9.1836734694 0.0000000000
9.1877551020 0.0000000000
9.1918367347 0.0000000000
9.1959183673 0.0000000000
9.2000000000 0.0000000000
9.2040816327 0.0000000000
9.2081632653 0.0000000000
9.2122448980 0.0000000000
9.2163265306 0.0000000000
9.2204081633 0.0000000000
9.2244897959 0.0000000000
9.2285714286 0.0000000000
9.2326530612 0.0000000000
9.2367346939 0.0000000000
9.2408163265 0.0000000000
9.2448979592 0.0000000000
9.2489795918 0.0000000000
9.2530612245 0.0000000000
9.2571428571 0.0000000000
9.2612244898 0.0000000000
9.2653061224 0.0000000000
9.2693877551 0.0000000000
9.2734693878 0.0000000000
9.2775510204 0.0000000000
9.2816326531 0.0000000000
9.2857142857 0.0000000000
9.2897959184 0.0000000000
9.2938775510 0.0000000000
9.2979591837 0.0000000000
9.3020408163 0.0000000000
9.3061224490 0.0000000000
9.3102040816 0.0000000000
9.3142857143 0.0000000000
9.3183673469 0.0000000000
9.3224489796 0.0000000000
9.3265306122 0.0000000000
9.3306122449 0.0000000000
9.3346938776 0.0000000000
9.3387755102 0.0000000000
9.3428571429 0.0000000000
9.3469387755 0.0000000000
9.3510204082 0.0000000000
9.3551020408 0.0000000000
9.3591836735 0.0000000000
9.3632653061 0.0000000000
9.3673469388 0.0000000000
9.3714285714 0.0000000000
9.3755102041 0.0000000000
9.3795918367 0.0000000000
9.3836734694 0.0000000000
9.3877551020 0.0000000000
9.3918367347 0.0000000000
9.3959183673 0.0000000000
9.4000000000 0.0000000000
9.4040816327 0.0000000000
9.4081632653 0.0000000000
9.4122448980 0.0000000000
9.4163265306 0.0000000000
9.4204081633 0.0000000000
9.4244897959 0.0000000000
9.4285714286 0.0000000000
9.4326530612 0.0000000000
9.4367346939 0.0000000000
9.4408163265 2.8873085976
9.4448979592 12.6400585175
9.4489795918 19.2497367859
9.4530612245 28.2274475098
9.4571428571 32.9123153687
9.4612244898 34.9085922241
9.4653061224 28.5122985840
9.4693877551 21.9943523407
9.4734693878 27.6503562927
9.4775510204 13.0723171234
9.4816326531 0.7354617119
9.4857142857 0.0000000000
9.4897959184 0.0000000000
9.4938775510 4.4549703598
9.4979591837 0.0000000000
9.5020408163 0.0000000000
9.5061224490 0.0000000000
9.5102040816 0.0000000000
9.5142857143 0.0000000000
9.5183673469 0.0000000000
9.5224489796 0.0000000000
9.5265306122 0.0000000000
9.5306122449 0.0000000000
9.5346938776 0.0000000000
9.5387755102 7.0143041611
9.5428571429 9.4851255417
9.5469387755 7.4603557587
9.5510204082 5.8292150497
9.5551020408 2.7681589127
9.5591836735 0.6091594696
9.5632653061 0.0000000000
9.5673469388 0.0000000000
9.5714285714 0.0000000000
9.5755102041 0.0000000000
9.5795918367 0.0000000000
9.5836734694 0.0000000000
9.5877551020 0.0000000000
9.5918367347 0.0000000000
9.5959183673 0.0000000000
9.6000000000 0.0000000000
9.6040816327 0.0000000000
9.6081632653 0.0000000000
9.6122448980 0.0000000000
9.6163265306 0.0000000000
9.6204081633 0.0000000000
9.6244897959 0.0000000000
9.6285714286 0.0000000000
9.6326530612 0.0000000000
9.6367346939 0.0000000000
9.6408163265 0.0000000000
9.6448979592 0.0000000000
9.6489795918 0.0000000000
9.6530612245 0.0000000000
9.6571428571 0.0000000000
9.6612244898 0.0000000000
9.6653061224 13.3330221176
9.6693877551 38.1071281433
9.6734693878 67.3891906738
9.6775510204 86.0102767944
9.6816326531 93.7666931152
9.6857142857 92.4165191650
9.6897959184 84.8372039795
9.6938775510 74.2378845215
9.6979591837 61.4851837158
9.7020408163 40.8837814331
9.7061224490 20.7490482330
9.7102040816 3.9964020252
9.7142857143 0.0000000000
9.7183673469 0.0000000000
9.7224489796 0.0000000000
9.7265306122 0.0000000000
9.7306122449 0.0000000000
9.7346938776 0.0000000000
9.7387755102 0.0000000000
9.7428571429 0.0000000000
9.7469387755 0.0000000000
9.7510204082 0.0000000000
9.7551020408 0.0000000000
9.7591836735 0.0000000000
9.7632653061 0.0000000000
9.7673469388 0.0000000000
9.7714285714 0.0000000000
9.7755102041 0.0000000000
9.7795918367 0.0000000000
9.7836734694 0.0000000000
9.7877551020 0.0000000000
9.7918367347 0.0000000000
9.7959183673 0.0000000000
9.8000000000 0.0000000000
9.8040816327 0.0000000000
9.8081632653 0.0000000000
9.8122448980 0.0000000000
9.8163265306 0.0000000000
9.8204081633 0.0000000000
9.8244897959 0.0000000000
9.8285714286 0.0000000000
9.8326530612 0.0000000000
9.8367346939 0.0000000000
9.8408163265 0.0000000000
9.8448979592 0.0000000000
9.8489795918 0.0000000000
9.8530612245 0.0000000000
9.8571428571 5.4035186768
9.8612244898 14.2295360565
9.8653061224 18.2454586029
9.8693877551 9.5935459137
9.8734693878 8.5475444794
9.8775510204 3.5381913185
9.8816326531 5.1025748253
9.8857142857 8.9461803436
9.8897959184 2.5635361671
9.8938775510 0.0000000000
9.8979591837 0.0000000000
9.9020408163 0.0000000000
9.9061224490 0.0000000000
9.9102040816 0.0000000000
9.9142857143 0.0000000000
9.9183673469 0.0000000000
9.9224489796 0.0000000000
9.9265306122 0.0000000000
9.9306122449 0.0000000000
9.9346938776 0.0000000000
9.9387755102 0.0000000000
9.9428571429 0.2739056945
9.9469387755 5.7314338684
9.9510204082 7.6998472214
9.9551020408 0.0000000000
9.9591836735 0.0000000000
